
 1.000000e-06 1.379701e-04 3.791043e+01 1.895528e+01 1.895515e+01
 1.027960e-06 1.409624e-04 3.749387e+01 1.874700e+01 1.874686e+01
 1.056701e-06 1.440188e-04 3.708154e+01 1.854084e+01 1.854070e+01
 1.086246e-06 1.471404e-04 3.667340e+01 1.833677e+01 1.833663e+01
 1.116617e-06 1.503288e-04 3.626942e+01 1.813479e+01 1.813464e+01
 1.147837e-06 1.535852e-04 3.586956e+01 1.793486e+01 1.793470e+01
 1.179930e-06 1.569111e-04 3.547377e+01 1.773696e+01 1.773681e+01
 1.212920e-06 1.603081e-04 3.508203e+01 1.754109e+01 1.754093e+01
 1.246833e-06 1.637774e-04 3.469428e+01 1.734722e+01 1.734706e+01
 1.281694e-06 1.673208e-04 3.431050e+01 1.715533e+01 1.715517e+01
 1.317530e-06 1.709397e-04 3.393064e+01 1.696541e+01 1.696524e+01
 1.354368e-06 1.746357e-04 3.355467e+01 1.677742e+01 1.677725e+01
 1.392235e-06 1.784105e-04 3.318256e+01 1.659137e+01 1.659119e+01
 1.431161e-06 1.822656e-04 3.281425e+01 1.640722e+01 1.640704e+01
 1.471176e-06 1.862028e-04 3.244973e+01 1.622496e+01 1.622477e+01
 1.512310e-06 1.902237e-04 3.208895e+01 1.604457e+01 1.604438e+01
 1.554593e-06 1.943302e-04 3.173188e+01 1.586604e+01 1.586584e+01
 1.598059e-06 1.985240e-04 3.137848e+01 1.568934e+01 1.568914e+01
 1.642740e-06 2.028069e-04 3.102872e+01 1.551446e+01 1.551426e+01
 1.688670e-06 2.071808e-04 3.068256e+01 1.534138e+01 1.534117e+01
 1.735885e-06 2.116475e-04 3.033996e+01 1.517009e+01 1.516988e+01
 1.784420e-06 2.162091e-04 3.000091e+01 1.500056e+01 1.500034e+01
 1.834311e-06 2.208675e-04 2.966535e+01 1.483278e+01 1.483256e+01
 1.885598e-06 2.256247e-04 2.933326e+01 1.466674e+01 1.466652e+01
 1.938319e-06 2.304828e-04 2.900460e+01 1.450242e+01 1.450219e+01
 1.992513e-06 2.354439e-04 2.867935e+01 1.433979e+01 1.433955e+01
 2.048223e-06 2.405100e-04 2.835746e+01 1.417885e+01 1.417861e+01
 2.105491e-06 2.456835e-04 2.803891e+01 1.401958e+01 1.401933e+01
 2.164359e-06 2.509664e-04 2.772366e+01 1.386196e+01 1.386171e+01
 2.224874e-06 2.563612e-04 2.741169e+01 1.370597e+01 1.370572e+01
 2.287080e-06 2.618701e-04 2.710296e+01 1.355161e+01 1.355135e+01
 2.351026e-06 2.674954e-04 2.679743e+01 1.339885e+01 1.339858e+01
 2.416760e-06 2.732397e-04 2.649509e+01 1.324768e+01 1.324741e+01
 2.484332e-06 2.791053e-04 2.619590e+01 1.309809e+01 1.309781e+01
 2.553793e-06 2.850948e-04 2.589982e+01 1.295005e+01 1.294977e+01
 2.625196e-06 2.912108e-04 2.560683e+01 1.280356e+01 1.280327e+01
 2.698595e-06 2.974558e-04 2.531690e+01 1.265860e+01 1.265830e+01
 2.774047e-06 3.038325e-04 2.503001e+01 1.251515e+01 1.251485e+01
 2.851608e-06 3.103437e-04 2.474611e+01 1.237321e+01 1.237290e+01
 2.931338e-06 3.169921e-04 2.446518e+01 1.223275e+01 1.223243e+01
 3.013297e-06 3.237805e-04 2.418719e+01 1.209376e+01 1.209343e+01
 3.097547e-06 3.307119e-04 2.391212e+01 1.195622e+01 1.195589e+01
 3.184154e-06 3.377892e-04 2.363993e+01 1.182013e+01 1.181980e+01
 3.273181e-06 3.450154e-04 2.337060e+01 1.168547e+01 1.168513e+01
 3.364698e-06 3.523936e-04 2.310410e+01 1.155223e+01 1.155187e+01
 3.458774e-06 3.599269e-04 2.284040e+01 1.142038e+01 1.142002e+01
 3.555480e-06 3.676185e-04 2.257948e+01 1.128992e+01 1.128956e+01
 3.654890e-06 3.754717e-04 2.232131e+01 1.116084e+01 1.116047e+01
 3.757079e-06 3.834897e-04 2.206585e+01 1.103312e+01 1.103273e+01
 3.862125e-06 3.916760e-04 2.181310e+01 1.090674e+01 1.090635e+01
 3.970109e-06 4.000340e-04 2.156301e+01 1.078170e+01 1.078130e+01
 4.081111e-06 4.085673e-04 2.131556e+01 1.065798e+01 1.065758e+01
 4.195218e-06 4.172794e-04 2.107073e+01 1.053557e+01 1.053516e+01
 4.312514e-06 4.261740e-04 2.082849e+01 1.041446e+01 1.041403e+01
 4.433090e-06 4.352549e-04 2.058882e+01 1.029463e+01 1.029419e+01
 4.557038e-06 4.445258e-04 2.035169e+01 1.017607e+01 1.017562e+01
 4.684451e-06 4.539907e-04 2.011708e+01 1.005877e+01 1.005831e+01
 4.815426e-06 4.636535e-04 1.988496e+01 9.942710e+00 9.942247e+00
 4.950064e-06 4.735183e-04 1.965530e+01 9.827888e+00 9.827414e+00
 5.088465e-06 4.835892e-04 1.942809e+01 9.714287e+00 9.713803e+00
 5.230737e-06 4.938704e-04 1.920330e+01 9.601895e+00 9.601402e+00
 5.376986e-06 5.043662e-04 1.898090e+01 9.490702e+00 9.490198e+00
 5.527325e-06 5.150810e-04 1.876087e+01 9.380694e+00 9.380179e+00
 5.681866e-06 5.260193e-04 1.854320e+01 9.271861e+00 9.271335e+00
 5.840729e-06 5.371855e-04 1.832784e+01 9.164191e+00 9.163654e+00
 6.004034e-06 5.485844e-04 1.811480e+01 9.057672e+00 9.057123e+00
 6.171904e-06 5.602207e-04 1.790403e+01 8.952293e+00 8.951733e+00
 6.344468e-06 5.720992e-04 1.769551e+01 8.848043e+00 8.847471e+00
 6.521857e-06 5.842249e-04 1.748924e+01 8.744910e+00 8.744326e+00
 6.704205e-06 5.966026e-04 1.728517e+01 8.642884e+00 8.642288e+00
 6.891652e-06 6.092377e-04 1.708330e+01 8.541954e+00 8.541345e+00
 7.084340e-06 6.221353e-04 1.688360e+01 8.442109e+00 8.441486e+00
 7.282415e-06 6.353007e-04 1.668604e+01 8.343337e+00 8.342702e+00
 7.486029e-06 6.487393e-04 1.649061e+01 8.245629e+00 8.244981e+00
 7.695335e-06 6.624568e-04 1.629729e+01 8.148975e+00 8.148312e+00
 7.910494e-06 6.764587e-04 1.610605e+01 8.053362e+00 8.052686e+00
 8.131668e-06 6.907507e-04 1.591687e+01 7.958782e+00 7.958091e+00
 8.359026e-06 7.053389e-04 1.572974e+01 7.865223e+00 7.864518e+00
 8.592741e-06 7.202290e-04 1.554463e+01 7.772677e+00 7.771957e+00
 8.832991e-06 7.354273e-04 1.536153e+01 7.681132e+00 7.680396e+00
 9.079958e-06 7.509400e-04 1.518041e+01 7.590579e+00 7.589828e+00
 9.333830e-06 7.667734e-04 1.500125e+01 7.501007e+00 7.500240e+00
 9.594800e-06 7.829339e-04 1.482403e+01 7.412408e+00 7.411625e+00
 9.863067e-06 7.994282e-04 1.464874e+01 7.324771e+00 7.323971e+00
 1.013883e-05 8.162629e-04 1.447536e+01 7.238086e+00 7.237270e+00
 1.042231e-05 8.334450e-04 1.430386e+01 7.152345e+00 7.151512e+00
 1.071372e-05 8.509814e-04 1.413422e+01 7.067538e+00 7.066687e+00
 1.101327e-05 8.688791e-04 1.396644e+01 6.983655e+00 6.982786e+00
 1.132119e-05 8.871456e-04 1.380049e+01 6.900687e+00 6.899800e+00
 1.163773e-05 9.057882e-04 1.363634e+01 6.818625e+00 6.817719e+00
 1.196312e-05 9.248143e-04 1.347400e+01 6.737460e+00 6.736535e+00
 1.229760e-05 9.442318e-04 1.331342e+01 6.657183e+00 6.656239e+00
 1.264144e-05 9.640484e-04 1.315461e+01 6.577785e+00 6.576821e+00
 1.299489e-05 9.842721e-04 1.299753e+01 6.499257e+00 6.498273e+00
 1.335822e-05 1.004911e-03 1.284218e+01 6.421591e+00 6.420586e+00
 1.373171e-05 1.025974e-03 1.268853e+01 6.344777e+00 6.343751e+00
 1.411564e-05 1.047468e-03 1.253657e+01 6.268807e+00 6.267760e+00
 1.451031e-05 1.069403e-03 1.238628e+01 6.193673e+00 6.192604e+00
 1.491601e-05 1.091788e-03 1.223764e+01 6.119366e+00 6.118274e+00
 1.533306e-05 1.114631e-03 1.209064e+01 6.045878e+00 6.044763e+00
 1.576176e-05 1.137941e-03 1.194526e+01 5.973200e+00 5.972063e+00
 1.620246e-05 1.161729e-03 1.180149e+01 5.901325e+00 5.900164e+00
 1.665547e-05 1.186002e-03 1.165930e+01 5.830244e+00 5.829058e+00
 1.712115e-05 1.210772e-03 1.151869e+01 5.759950e+00 5.758739e+00
 1.759985e-05 1.236047e-03 1.137963e+01 5.690433e+00 5.689197e+00
 1.809194e-05 1.261838e-03 1.124211e+01 5.621687e+00 5.620425e+00
 1.859778e-05 1.288156e-03 1.110612e+01 5.553703e+00 5.552415e+00
 1.911777e-05 1.315009e-03 1.097163e+01 5.486474e+00 5.485159e+00
 1.965229e-05 1.342410e-03 1.083864e+01 5.419992e+00 5.418649e+00
 2.020176e-05 1.370369e-03 1.070713e+01 5.354249e+00 5.352879e+00
 2.076659e-05 1.398896e-03 1.057708e+01 5.289238e+00 5.287840e+00
 2.134722e-05 1.428004e-03 1.044848e+01 5.224952e+00 5.223524e+00
 2.194408e-05 1.457704e-03 1.032131e+01 5.161383e+00 5.159925e+00
 2.255763e-05 1.488006e-03 1.019556e+01 5.098524e+00 5.097036e+00
 2.318833e-05 1.518924e-03 1.007121e+01 5.036367e+00 5.034848e+00
 2.383667e-05 1.550469e-03 9.948260e+00 4.974905e+00 4.973355e+00
 2.450313e-05 1.582654e-03 9.826681e+00 4.914132e+00 4.912549e+00
 2.518823e-05 1.615491e-03 9.706463e+00 4.854039e+00 4.852424e+00
 2.589248e-05 1.648993e-03 9.587594e+00 4.794621e+00 4.792972e+00
 2.661642e-05 1.683173e-03 9.470058e+00 4.735870e+00 4.734187e+00
 2.736061e-05 1.718045e-03 9.353842e+00 4.677780e+00 4.676062e+00
 2.812560e-05 1.753621e-03 9.238933e+00 4.620343e+00 4.618590e+00
 2.891198e-05 1.789916e-03 9.125316e+00 4.563553e+00 4.561763e+00
 2.972035e-05 1.826944e-03 9.012980e+00 4.507403e+00 4.505576e+00
 3.055132e-05 1.864718e-03 8.901910e+00 4.451887e+00 4.450023e+00
 3.140552e-05 1.903255e-03 8.792093e+00 4.396998e+00 4.395095e+00
 3.228361e-05 1.942568e-03 8.683517e+00 4.342730e+00 4.340787e+00
 3.318624e-05 1.982673e-03 8.576169e+00 4.289076e+00 4.287093e+00
 3.411412e-05 2.023584e-03 8.470036e+00 4.236030e+00 4.234006e+00
 3.506793e-05 2.065319e-03 8.365105e+00 4.183585e+00 4.181520e+00
 3.604842e-05 2.107892e-03 8.261364e+00 4.131736e+00 4.129628e+00
 3.705632e-05 2.151320e-03 8.158800e+00 4.080476e+00 4.078324e+00
 3.809240e-05 2.195620e-03 8.057402e+00 4.029799e+00 4.027603e+00
 3.915745e-05 2.240809e-03 7.957157e+00 3.979699e+00 3.977458e+00
 4.025227e-05 2.286903e-03 7.858054e+00 3.930170e+00 3.927883e+00
 4.137771e-05 2.333921e-03 7.760079e+00 3.881207e+00 3.878873e+00
 4.253462e-05 2.381880e-03 7.663223e+00 3.832802e+00 3.830420e+00
 4.372387e-05 2.430798e-03 7.567472e+00 3.784952e+00 3.782521e+00
 4.494637e-05 2.480694e-03 7.472816e+00 3.737648e+00 3.735168e+00
 4.620305e-05 2.531587e-03 7.379243e+00 3.690887e+00 3.688356e+00
 4.749487e-05 2.583496e-03 7.286741e+00 3.644662e+00 3.642079e+00
 4.882281e-05 2.636440e-03 7.195300e+00 3.598968e+00 3.596332e+00
 5.018787e-05 2.690439e-03 7.104908e+00 3.553799e+00 3.551109e+00
 5.159111e-05 2.745515e-03 7.015555e+00 3.509150e+00 3.506405e+00
 5.303357e-05 2.801686e-03 6.927229e+00 3.465015e+00 3.462214e+00
 5.451637e-05 2.858975e-03 6.839920e+00 3.421389e+00 3.418530e+00
 5.604063e-05 2.917403e-03 6.753617e+00 3.378267e+00 3.375350e+00
 5.760750e-05 2.976991e-03 6.668309e+00 3.335643e+00 3.332666e+00
 5.921818e-05 3.037761e-03 6.583986e+00 3.293512e+00 3.290474e+00
 6.087390e-05 3.099738e-03 6.500638e+00 3.251869e+00 3.248769e+00
 6.257591e-05 3.162942e-03 6.418254e+00 3.210708e+00 3.207545e+00
 6.432551e-05 3.227398e-03 6.336824e+00 3.170026e+00 3.166798e+00
 6.612403e-05 3.293130e-03 6.256339e+00 3.129816e+00 3.126523e+00
 6.797283e-05 3.360161e-03 6.176787e+00 3.090074e+00 3.086713e+00
 6.987332e-05 3.428517e-03 6.098160e+00 3.050794e+00 3.047366e+00
 7.182695e-05 3.498223e-03 6.020447e+00 3.011972e+00 3.008474e+00
 7.383520e-05 3.569303e-03 5.943639e+00 2.973604e+00 2.970035e+00
 7.589961e-05 3.641785e-03 5.867726e+00 2.935684e+00 2.932042e+00
 7.802173e-05 3.715695e-03 5.792698e+00 2.898207e+00 2.894491e+00
 8.020319e-05 3.791059e-03 5.718547e+00 2.861169e+00 2.857378e+00
 8.244563e-05 3.867906e-03 5.645263e+00 2.824566e+00 2.820698e+00
 8.475078e-05 3.946263e-03 5.572837e+00 2.788392e+00 2.784445e+00
 8.712038e-05 4.026158e-03 5.501259e+00 2.752643e+00 2.748617e+00
 8.955623e-05 4.107621e-03 5.430521e+00 2.717315e+00 2.713207e+00
 9.206019e-05 4.190681e-03 5.360614e+00 2.682402e+00 2.678212e+00
 9.463415e-05 4.275367e-03 5.291528e+00 2.647902e+00 2.643626e+00
 9.728009e-05 4.361711e-03 5.223255e+00 2.613809e+00 2.609447e+00
 1.000000e-04 4.449744e-03 5.155787e+00 2.580118e+00 2.575669e+00
 1.027960e-04 4.539497e-03 5.089114e+00 2.546827e+00 2.542287e+00
 1.056701e-04 4.631002e-03 5.023229e+00 2.513930e+00 2.509299e+00
 1.086246e-04 4.724292e-03 4.958122e+00 2.481423e+00 2.476699e+00
 1.116617e-04 4.819400e-03 4.893785e+00 2.449302e+00 2.444483e+00
 1.147837e-04 4.916359e-03 4.830211e+00 2.417564e+00 2.412647e+00
 1.179930e-04 5.015206e-03 4.767391e+00 2.386203e+00 2.381188e+00
 1.212920e-04 5.115974e-03 4.705316e+00 2.355216e+00 2.350100e+00
 1.246833e-04 5.218698e-03 4.643979e+00 2.324599e+00 2.319380e+00
 1.281694e-04 5.323417e-03 4.583373e+00 2.294348e+00 2.289025e+00
 1.317530e-04 5.430165e-03 4.523488e+00 2.264459e+00 2.259029e+00
 1.354368e-04 5.538981e-03 4.464317e+00 2.234928e+00 2.229389e+00
 1.392235e-04 5.649903e-03 4.405853e+00 2.205751e+00 2.200102e+00
 1.431161e-04 5.762969e-03 4.348088e+00 2.176925e+00 2.171162e+00
 1.471176e-04 5.878220e-03 4.291014e+00 2.148446e+00 2.142568e+00
 1.512310e-04 5.995695e-03 4.234624e+00 2.120310e+00 2.114314e+00
 1.554593e-04 6.115434e-03 4.178910e+00 2.092513e+00 2.086397e+00
 1.598059e-04 6.237481e-03 4.123866e+00 2.065052e+00 2.058814e+00
 1.642740e-04 6.361876e-03 4.069483e+00 2.037923e+00 2.031561e+00
 1.688670e-04 6.488663e-03 4.015755e+00 2.011122e+00 2.004633e+00
 1.735885e-04 6.617884e-03 3.962675e+00 1.984646e+00 1.978029e+00
 1.784420e-04 6.749586e-03 3.910235e+00 1.958492e+00 1.951743e+00
 1.834311e-04 6.883813e-03 3.858429e+00 1.932656e+00 1.925773e+00
 1.885598e-04 7.020610e-03 3.807249e+00 1.907135e+00 1.900114e+00
 1.938319e-04 7.160024e-03 3.756690e+00 1.881925e+00 1.874765e+00
 1.992513e-04 7.302103e-03 3.706743e+00 1.857023e+00 1.849720e+00
 2.048223e-04 7.446895e-03 3.657403e+00 1.832425e+00 1.824978e+00
 2.105491e-04 7.594449e-03 3.608662e+00 1.808128e+00 1.800534e+00
 2.164359e-04 7.744814e-03 3.560515e+00 1.784130e+00 1.776385e+00
 2.224874e-04 7.898042e-03 3.512955e+00 1.760426e+00 1.752528e+00
 2.287080e-04 8.054184e-03 3.465975e+00 1.737014e+00 1.728960e+00
 2.351026e-04 8.213291e-03 3.419569e+00 1.713891e+00 1.705678e+00
 2.416760e-04 8.375418e-03 3.373730e+00 1.691053e+00 1.682677e+00
 2.484332e-04 8.540618e-03 3.328453e+00 1.668497e+00 1.659956e+00
 2.553793e-04 8.708946e-03 3.283732e+00 1.646220e+00 1.637511e+00
 2.625196e-04 8.880458e-03 3.239559e+00 1.624220e+00 1.615339e+00
 2.698595e-04 9.055211e-03 3.195930e+00 1.602493e+00 1.593437e+00
 2.774047e-04 9.233262e-03 3.152838e+00 1.581036e+00 1.571802e+00
 2.851608e-04 9.414669e-03 3.110277e+00 1.559846e+00 1.550431e+00
 2.931338e-04 9.599492e-03 3.068242e+00 1.538921e+00 1.529321e+00
 3.013297e-04 9.787792e-03 3.026726e+00 1.518257e+00 1.508469e+00
 3.097547e-04 9.979630e-03 2.985724e+00 1.497852e+00 1.487872e+00
 3.184154e-04 1.017507e-02 2.945231e+00 1.477703e+00 1.467528e+00
 3.273181e-04 1.037417e-02 2.905240e+00 1.457807e+00 1.447433e+00
 3.364698e-04 1.057700e-02 2.865746e+00 1.438162e+00 1.427585e+00
 3.458774e-04 1.078362e-02 2.826744e+00 1.418764e+00 1.407980e+00
 3.555480e-04 1.099410e-02 2.788228e+00 1.399611e+00 1.388617e+00
 3.654890e-04 1.120851e-02 2.750193e+00 1.380701e+00 1.369492e+00
 3.757079e-04 1.142691e-02 2.712633e+00 1.362030e+00 1.350603e+00
 3.862125e-04 1.164938e-02 2.675544e+00 1.343597e+00 1.331947e+00
 3.970109e-04 1.187599e-02 2.638919e+00 1.325398e+00 1.313522e+00
 4.081111e-04 1.210680e-02 2.602755e+00 1.307431e+00 1.295324e+00
 4.195218e-04 1.234189e-02 2.567045e+00 1.289693e+00 1.277351e+00
 4.312514e-04 1.258133e-02 2.531785e+00 1.272183e+00 1.259602e+00
 4.433090e-04 1.282520e-02 2.496969e+00 1.254897e+00 1.242072e+00
 4.557038e-04 1.307357e-02 2.462593e+00 1.237834e+00 1.224760e+00
 4.684451e-04 1.332653e-02 2.428653e+00 1.220990e+00 1.207663e+00
 4.815426e-04 1.358415e-02 2.395142e+00 1.204363e+00 1.190779e+00
 4.950064e-04 1.384650e-02 2.362056e+00 1.187951e+00 1.174105e+00
 5.088465e-04 1.411368e-02 2.329391e+00 1.171752e+00 1.157639e+00
 5.230737e-04 1.438575e-02 2.297142e+00 1.155764e+00 1.141378e+00
 5.376986e-04 1.466281e-02 2.265304e+00 1.139983e+00 1.125321e+00
 5.527325e-04 1.494494e-02 2.233873e+00 1.124409e+00 1.109464e+00
 5.681866e-04 1.523223e-02 2.202843e+00 1.109038e+00 1.093806e+00
 5.840729e-04 1.552476e-02 2.172212e+00 1.093868e+00 1.078343e+00
 6.004034e-04 1.582261e-02 2.141973e+00 1.078898e+00 1.063075e+00
 6.171904e-04 1.612589e-02 2.112123e+00 1.064125e+00 1.047999e+00
 6.344468e-04 1.643467e-02 2.082658e+00 1.049546e+00 1.033112e+00
 6.521857e-04 1.674905e-02 2.053573e+00 1.035161e+00 1.018412e+00
 6.704205e-04 1.706913e-02 2.024864e+00 1.020967e+00 1.003897e+00
 6.891652e-04 1.739500e-02 1.996526e+00 1.006961e+00 9.895657e-01
 7.084340e-04 1.772675e-02 1.968557e+00 9.931417e-01 9.754149e-01
 7.282415e-04 1.806448e-02 1.940950e+00 9.795073e-01 9.614428e-01
 7.486029e-04 1.840829e-02 1.913703e+00 9.660557e-01 9.476474e-01
 7.695335e-04 1.875828e-02 1.886811e+00 9.527848e-01 9.340266e-01
 7.910494e-04 1.911455e-02 1.860271e+00 9.396928e-01 9.205783e-01
 8.131668e-04 1.947720e-02 1.834078e+00 9.267778e-01 9.073006e-01
 8.359026e-04 1.984634e-02 1.808229e+00 9.140377e-01 8.941914e-01
 8.592741e-04 2.022207e-02 1.782720e+00 9.014709e-01 8.812488e-01
 8.832991e-04 2.060450e-02 1.757546e+00 8.890754e-01 8.684709e-01
 9.079958e-04 2.099373e-02 1.732705e+00 8.768494e-01 8.558556e-01
 9.333830e-04 2.138988e-02 1.708192e+00 8.647910e-01 8.434012e-01
 9.594800e-04 2.179306e-02 1.684004e+00 8.528986e-01 8.311056e-01
 9.863067e-04 2.220337e-02 1.660137e+00 8.411704e-01 8.189670e-01
 1.013883e-03 2.262093e-02 1.636588e+00 8.296046e-01 8.069837e-01
 1.042231e-03 2.304587e-02 1.613353e+00 8.181995e-01 7.951536e-01
 1.071372e-03 2.347828e-02 1.590429e+00 8.069534e-01 7.834752e-01
 1.101327e-03 2.391829e-02 1.567811e+00 7.958647e-01 7.719464e-01
 1.132119e-03 2.436603e-02 1.545497e+00 7.849316e-01 7.605656e-01
 1.163773e-03 2.482160e-02 1.523484e+00 7.741526e-01 7.493310e-01
 1.196312e-03 2.528514e-02 1.501767e+00 7.635261e-01 7.382409e-01
 1.229760e-03 2.575676e-02 1.480344e+00 7.530504e-01 7.272936e-01
 1.264144e-03 2.623660e-02 1.459211e+00 7.427239e-01 7.164873e-01
 1.299489e-03 2.672477e-02 1.438366e+00 7.325452e-01 7.058204e-01
 1.335822e-03 2.722141e-02 1.417804e+00 7.225126e-01 6.952912e-01
 1.373171e-03 2.772665e-02 1.397523e+00 7.126248e-01 6.848981e-01
 1.411564e-03 2.824061e-02 1.377520e+00 7.028801e-01 6.746395e-01
 1.451031e-03 2.876343e-02 1.357791e+00 6.932771e-01 6.645136e-01
 1.491601e-03 2.929524e-02 1.338333e+00 6.838143e-01 6.545191e-01
 1.533306e-03 2.983618e-02 1.319145e+00 6.744904e-01 6.446542e-01
 1.576176e-03 3.038639e-02 1.300221e+00 6.653038e-01 6.349174e-01
 1.620246e-03 3.094599e-02 1.281560e+00 6.562532e-01 6.253072e-01
 1.665547e-03 3.151514e-02 1.263159e+00 6.473372e-01 6.158220e-01
 1.712115e-03 3.209397e-02 1.245015e+00 6.385544e-01 6.064604e-01
 1.759985e-03 3.268262e-02 1.227124e+00 6.299035e-01 5.972209e-01
 1.809194e-03 3.328124e-02 1.209485e+00 6.213832e-01 5.881019e-01
 1.859778e-03 3.388998e-02 1.192094e+00 6.129921e-01 5.791021e-01
 1.911777e-03 3.450897e-02 1.174949e+00 6.047289e-01 5.702199e-01
 1.965229e-03 3.513837e-02 1.158047e+00 5.965924e-01 5.614541e-01
 2.020176e-03 3.577833e-02 1.141384e+00 5.885814e-01 5.528030e-01
 2.076659e-03 3.642899e-02 1.124960e+00 5.806945e-01 5.442655e-01
 2.134722e-03 3.709052e-02 1.108770e+00 5.729305e-01 5.358400e-01
 2.194408e-03 3.776305e-02 1.092813e+00 5.652882e-01 5.275252e-01
 2.255763e-03 3.844674e-02 1.077086e+00 5.577665e-01 5.193198e-01
 2.318833e-03 3.914176e-02 1.061587e+00 5.503642e-01 5.112224e-01
 2.383667e-03 3.984826e-02 1.046312e+00 5.430801e-01 5.032318e-01
 2.450313e-03 4.056638e-02 1.031260e+00 5.359130e-01 4.953466e-01
 2.518823e-03 4.129630e-02 1.016427e+00 5.288618e-01 4.875655e-01
 2.589248e-03 4.203818e-02 1.001813e+00 5.219254e-01 4.798873e-01
 2.661642e-03 4.279217e-02 9.874134e-01 5.151028e-01 4.723106e-01
 2.736061e-03 4.355843e-02 9.732272e-01 5.083928e-01 4.648344e-01
 2.812560e-03 4.433713e-02 9.592516e-01 5.017944e-01 4.574572e-01
 2.891198e-03 4.512844e-02 9.454844e-01 4.953064e-01 4.501780e-01
 2.972035e-03 4.593251e-02 9.319234e-01 4.889280e-01 4.429955e-01
 3.055132e-03 4.674952e-02 9.185664e-01 4.826580e-01 4.359085e-01
 3.140552e-03 4.757962e-02 9.054112e-01 4.764954e-01 4.289158e-01
 3.228361e-03 4.842300e-02 8.924557e-01 4.704393e-01 4.220163e-01
 3.318624e-03 4.927980e-02 8.796976e-01 4.644887e-01 4.152089e-01
 3.411412e-03 5.015021e-02 8.671350e-01 4.586426e-01 4.084924e-01
 3.506793e-03 5.103440e-02 8.547657e-01 4.529000e-01 4.018656e-01
 3.604842e-03 5.193252e-02 8.425877e-01 4.472601e-01 3.953276e-01
 3.705632e-03 5.284476e-02 8.305990e-01 4.417219e-01 3.888771e-01
 3.809240e-03 5.377128e-02 8.187975e-01 4.362844e-01 3.825131e-01
 3.915745e-03 5.471225e-02 8.071814e-01 4.309468e-01 3.762346e-01
 4.025227e-03 5.566785e-02 7.957487e-01 4.257083e-01 3.700404e-01
 4.137771e-03 5.663824e-02 7.844974e-01 4.205678e-01 3.639296e-01
 4.253462e-03 5.762360e-02 7.734257e-01 4.155247e-01 3.579011e-01
 4.372387e-03 5.862409e-02 7.625317e-01 4.105779e-01 3.519538e-01
 4.494637e-03 5.963989e-02 7.518136e-01 4.057267e-01 3.460868e-01
 4.620305e-03 6.067117e-02 7.412695e-01 4.009703e-01 3.402992e-01
 4.749487e-03 6.171810e-02 7.308977e-01 3.963079e-01 3.345898e-01
 4.882281e-03 6.278085e-02 7.206963e-01 3.917386e-01 3.289577e-01
 5.018787e-03 6.385958e-02 7.106637e-01 3.872617e-01 3.234021e-01
 5.159111e-03 6.495447e-02 7.007981e-01 3.828763e-01 3.179218e-01
 5.303357e-03 6.606569e-02 6.910979e-01 3.785818e-01 3.125161e-01
 5.451637e-03 6.719339e-02 6.815612e-01 3.743773e-01 3.071839e-01
 5.604063e-03 6.833774e-02 6.721865e-01 3.702621e-01 3.019244e-01
 5.760750e-03 6.949892e-02 6.629722e-01 3.662356e-01 2.967366e-01
 5.921818e-03 7.067708e-02 6.539166e-01 3.622968e-01 2.916197e-01
 6.087390e-03 7.187238e-02 6.450181e-01 3.584452e-01 2.865728e-01
 6.257591e-03 7.308499e-02 6.362751e-01 3.546801e-01 2.815951e-01
 6.432551e-03 7.431505e-02 6.276862e-01 3.510006e-01 2.766856e-01
 6.612403e-03 7.556274e-02 6.192497e-01 3.474062e-01 2.718435e-01
 6.797283e-03 7.682819e-02 6.109642e-01 3.438962e-01 2.670680e-01
 6.987332e-03 7.811156e-02 6.028281e-01 3.404698e-01 2.623583e-01
 7.182695e-03 7.941300e-02 5.948400e-01 3.371265e-01 2.577135e-01
 7.383520e-03 8.073266e-02 5.869984e-01 3.338655e-01 2.531329e-01
 7.589961e-03 8.207067e-02 5.793019e-01 3.306863e-01 2.486156e-01
 7.802173e-03 8.342717e-02 5.717490e-01 3.275881e-01 2.441609e-01
 8.020319e-03 8.480231e-02 5.643384e-01 3.245704e-01 2.397681e-01
 8.244563e-03 8.619621e-02 5.570686e-01 3.216324e-01 2.354362e-01
 8.475078e-03 8.760900e-02 5.499383e-01 3.187737e-01 2.311647e-01
 8.712038e-03 8.904080e-02 5.429462e-01 3.159935e-01 2.269527e-01
 8.955623e-03 9.049174e-02 5.360908e-01 3.132912e-01 2.227995e-01
 9.206019e-03 9.196192e-02 5.293708e-01 3.106664e-01 2.187044e-01
 9.463415e-03 9.345145e-02 5.227849e-01 3.081182e-01 2.146667e-01
 9.728009e-03 9.496045e-02 5.163319e-01 3.056462e-01 2.106857e-01
 1.000000e-02 9.648900e-02 5.100105e-01 3.032497e-01 2.067607e-01
 1.027960e-02 9.803719e-02 5.038193e-01 3.009282e-01 2.028910e-01
 1.056701e-02 9.960512e-02 4.977570e-01 2.986811e-01 1.990760e-01
 1.086246e-02 1.011929e-01 4.918226e-01 2.965077e-01 1.953149e-01
 1.116617e-02 1.028005e-01 4.860146e-01 2.944076e-01 1.916071e-01
 1.147837e-02 1.044281e-01 4.803320e-01 2.923800e-01 1.879519e-01
 1.179930e-02 1.060756e-01 4.747733e-01 2.904245e-01 1.843489e-01
 1.212920e-02 1.077433e-01 4.693376e-01 2.885404e-01 1.807972e-01
 1.246833e-02 1.094310e-01 4.640235e-01 2.867272e-01 1.772963e-01
 1.281694e-02 1.111388e-01 4.588298e-01 2.849843e-01 1.738455e-01
 1.317530e-02 1.128668e-01 4.537554e-01 2.833111e-01 1.704443e-01
 1.354368e-02 1.146149e-01 4.487991e-01 2.817070e-01 1.670921e-01
 1.392235e-02 1.163831e-01 4.439598e-01 2.801715e-01 1.637883e-01
 1.431161e-02 1.181715e-01 4.392362e-01 2.787039e-01 1.605323e-01
 1.471176e-02 1.199801e-01 4.346272e-01 2.773036e-01 1.573236e-01
 1.512310e-02 1.218086e-01 4.301316e-01 2.759701e-01 1.541615e-01
 1.554593e-02 1.236573e-01 4.257483e-01 2.747028e-01 1.510455e-01
 1.598059e-02 1.255259e-01 4.214762e-01 2.735010e-01 1.479752e-01
 1.642740e-02 1.274143e-01 4.173140e-01 2.723642e-01 1.449498e-01
 1.688670e-02 1.293226e-01 4.132607e-01 2.712917e-01 1.419690e-01
 1.735885e-02 1.312506e-01 4.093151e-01 2.702829e-01 1.390322e-01
 1.784420e-02 1.331982e-01 4.054761e-01 2.693372e-01 1.361389e-01
 1.834311e-02 1.351653e-01 4.017425e-01 2.684539e-01 1.332886e-01
 1.885598e-02 1.371516e-01 3.981131e-01 2.676323e-01 1.304808e-01
 1.938319e-02 1.391570e-01 3.945868e-01 2.668719e-01 1.277149e-01
 1.992513e-02 1.411814e-01 3.911625e-01 2.661720e-01 1.249906e-01
 2.048223e-02 1.432245e-01 3.878390e-01 2.655318e-01 1.223072e-01
 2.105491e-02 1.452862e-01 3.846152e-01 2.649507e-01 1.196645e-01
 2.164359e-02 1.473660e-01 3.814897e-01 2.644279e-01 1.170619e-01
 2.224874e-02 1.494639e-01 3.784616e-01 2.639627e-01 1.144989e-01
 2.287080e-02 1.515794e-01 3.755296e-01 2.635545e-01 1.119751e-01
 2.351026e-02 1.537124e-01 3.726924e-01 2.632024e-01 1.094900e-01
 2.416760e-02 1.558623e-01 3.699490e-01 2.629056e-01 1.070433e-01
 2.484332e-02 1.580290e-01 3.672980e-01 2.626635e-01 1.046345e-01
 2.553793e-02 1.602119e-01 3.647383e-01 2.624751e-01 1.022632e-01
 2.625196e-02 1.624107e-01 3.622685e-01 2.623396e-01 9.992892e-02
 2.698595e-02 1.646249e-01 3.598875e-01 2.622562e-01 9.763130e-02
 2.774047e-02 1.668541e-01 3.575939e-01 2.622240e-01 9.536993e-02
 2.851608e-02 1.690977e-01 3.553865e-01 2.622421e-01 9.314442e-02
 2.931338e-02 1.713552e-01 3.532640e-01 2.623096e-01 9.095437e-02
 3.013297e-02 1.736261e-01 3.512249e-01 2.624255e-01 8.879941e-02
 3.097547e-02 1.759097e-01 3.492680e-01 2.625889e-01 8.667914e-02
 3.184154e-02 1.782055e-01 3.473919e-01 2.627987e-01 8.459321e-02
 3.273181e-02 1.805127e-01 3.455952e-01 2.630540e-01 8.254123e-02
 3.364698e-02 1.828307e-01 3.438764e-01 2.633536e-01 8.052286e-02
 3.458774e-02 1.851587e-01 3.422342e-01 2.636964e-01 7.853774e-02
 3.555480e-02 1.874959e-01 3.406669e-01 2.640814e-01 7.658550e-02
 3.654890e-02 1.898415e-01 3.391732e-01 2.645074e-01 7.466582e-02
 3.757079e-02 1.921947e-01 3.377514e-01 2.649731e-01 7.277834e-02
 3.862125e-02 1.945546e-01 3.364000e-01 2.654773e-01 7.092274e-02
 3.970109e-02 1.969201e-01 3.351174e-01 2.660188e-01 6.909868e-02
 4.081111e-02 1.992903e-01 3.339020e-01 2.665961e-01 6.730583e-02
 4.195218e-02 2.016642e-01 3.327520e-01 2.672081e-01 6.554388e-02
 4.312514e-02 2.040407e-01 3.316657e-01 2.678532e-01 6.381251e-02
 4.433090e-02 2.064186e-01 3.306414e-01 2.685300e-01 6.211141e-02
 4.557038e-02 2.087968e-01 3.296773e-01 2.692371e-01 6.044026e-02
 4.684451e-02 2.111740e-01 3.287716e-01 2.699728e-01 5.879877e-02
 4.815426e-02 2.135490e-01 3.279222e-01 2.707356e-01 5.718663e-02
 4.950064e-02 2.159203e-01 3.271274e-01 2.715238e-01 5.560356e-02
 5.088465e-02 2.182866e-01 3.263851e-01 2.723358e-01 5.404925e-02
 5.230737e-02 2.206464e-01 3.256932e-01 2.731698e-01 5.252343e-02
 5.376986e-02 2.229982e-01 3.250498e-01 2.740240e-01 5.102580e-02
 5.527325e-02 2.253404e-01 3.244526e-01 2.748965e-01 4.955609e-02
 5.681866e-02 2.276714e-01 3.238994e-01 2.757854e-01 4.811402e-02
 5.840729e-02 2.299894e-01 3.233880e-01 2.766887e-01 4.669931e-02
 6.004034e-02 2.322928e-01 3.229162e-01 2.776045e-01 4.531170e-02
 6.171904e-02 2.345795e-01 3.224814e-01 2.785305e-01 4.395092e-02
 6.344468e-02 2.368479e-01 3.220813e-01 2.794646e-01 4.261670e-02
 6.521857e-02 2.390958e-01 3.217134e-01 2.804046e-01 4.130878e-02
 6.704205e-02 2.413212e-01 3.213750e-01 2.813481e-01 4.002690e-02
 6.891652e-02 2.435221e-01 3.210637e-01 2.822929e-01 3.877082e-02
 7.084340e-02 2.456961e-01 3.207767e-01 2.832364e-01 3.754026e-02
 7.282415e-02 2.478412e-01 3.205111e-01 2.841761e-01 3.633498e-02
 7.486029e-02 2.499548e-01 3.202643e-01 2.851095e-01 3.515474e-02
 7.695335e-02 2.520346e-01 3.200332e-01 2.860339e-01 3.399928e-02
 7.910494e-02 2.540781e-01 3.198148e-01 2.869465e-01 3.286836e-02
 8.131668e-02 2.560827e-01 3.196062e-01 2.878445e-01 3.176174e-02
 8.359026e-02 2.580459e-01 3.194042e-01 2.887250e-01 3.067917e-02
 8.592741e-02 2.599647e-01 3.192055e-01 2.895851e-01 2.962041e-02
 8.832991e-02 2.618365e-01 3.190069e-01 2.904217e-01 2.858523e-02
 9.079958e-02 2.636583e-01 3.188051e-01 2.912317e-01 2.757339e-02
 9.333830e-02 2.654271e-01 3.185964e-01 2.920118e-01 2.658465e-02
 9.594800e-02 2.671400e-01 3.183775e-01 2.927588e-01 2.561878e-02
 9.863067e-02 2.687937e-01 3.181448e-01 2.934692e-01 2.467555e-02
 1.013883e-01 2.703850e-01 3.178944e-01 2.941397e-01 2.375471e-02
 1.042231e-01 2.719106e-01 3.176227e-01 2.947667e-01 2.285605e-02
 1.071372e-01 2.733672e-01 3.173259e-01 2.953465e-01 2.197932e-02
 1.101327e-01 2.747513e-01 3.169999e-01 2.958756e-01 2.112430e-02
 1.132119e-01 2.760592e-01 3.166408e-01 2.963500e-01 2.029075e-02
 1.163773e-01 2.772875e-01 3.162444e-01 2.967660e-01 1.947845e-02
 1.196312e-01 2.784324e-01 3.158067e-01 2.971196e-01 1.868716e-02
 1.229760e-01 2.794901e-01 3.153234e-01 2.974068e-01 1.791666e-02
 1.264144e-01 2.804568e-01 3.147902e-01 2.976235e-01 1.716671e-02
 1.299489e-01 2.813285e-01 3.142027e-01 2.977656e-01 1.643708e-02
 1.335822e-01 2.821013e-01 3.135564e-01 2.978289e-01 1.572755e-02
 1.373171e-01 2.827712e-01 3.128469e-01 2.978091e-01 1.503787e-02
 1.411564e-01 2.833340e-01 3.120696e-01 2.977018e-01 1.436782e-02
 1.451031e-01 2.837855e-01 3.112198e-01 2.975026e-01 1.371716e-02
 1.491601e-01 2.841215e-01 3.102929e-01 2.972072e-01 1.308567e-02
 1.533306e-01 2.843379e-01 3.092841e-01 2.968110e-01 1.247309e-02
 1.576176e-01 2.844303e-01 3.081887e-01 2.963095e-01 1.187920e-02
 1.620246e-01 2.843943e-01 3.070018e-01 2.956980e-01 1.130377e-02
 1.665547e-01 2.842256e-01 3.057187e-01 2.949722e-01 1.074654e-02
 1.712115e-01 2.839199e-01 3.043345e-01 2.941272e-01 1.020728e-02
 1.759985e-01 2.834728e-01 3.028442e-01 2.931585e-01 9.685746e-03
 1.809194e-01 2.828798e-01 3.012432e-01 2.920615e-01 9.181696e-03
 1.859778e-01 2.821367e-01 2.995265e-01 2.908316e-01 8.694881e-03
 1.911777e-01 2.812391e-01 2.976892e-01 2.894642e-01 8.225055e-03
 1.965229e-01 2.801828e-01 2.957267e-01 2.879547e-01 7.771964e-03
 2.020176e-01 2.789634e-01 2.936341e-01 2.862987e-01 7.335358e-03
 2.076659e-01 2.775768e-01 2.914067e-01 2.844917e-01 6.914981e-03
 2.134722e-01 2.760188e-01 2.890400e-01 2.825294e-01 6.510575e-03
 2.194408e-01 2.742856e-01 2.865294e-01 2.804075e-01 6.121878e-03
 2.255763e-01 2.723733e-01 2.838705e-01 2.781219e-01 5.748628e-03
 2.318833e-01 2.702780e-01 2.810591e-01 2.756685e-01 5.390558e-03
 2.383667e-01 2.679962e-01 2.780910e-01 2.730436e-01 5.047399e-03
 2.450313e-01 2.655245e-01 2.749623e-01 2.702434e-01 4.718878e-03
 2.518823e-01 2.628598e-01 2.716692e-01 2.672645e-01 4.404719e-03
 2.589248e-01 2.599990e-01 2.682083e-01 2.641036e-01 4.104643e-03
 2.661642e-01 2.569395e-01 2.645762e-01 2.607578e-01 3.818367e-03
 2.736061e-01 2.536788e-01 2.607700e-01 2.572244e-01 3.545604e-03
 2.812560e-01 2.502149e-01 2.567871e-01 2.535010e-01 3.286065e-03
 2.891198e-01 2.465461e-01 2.526250e-01 2.495856e-01 3.039454e-03
 2.972035e-01 2.426710e-01 2.482820e-01 2.454765e-01 2.805476e-03
 3.055132e-01 2.385888e-01 2.437564e-01 2.411726e-01 2.583827e-03
 3.140552e-01 2.342989e-01 2.390473e-01 2.366731e-01 2.374203e-03
 3.228361e-01 2.298015e-01 2.341541e-01 2.319778e-01 2.176292e-03
 3.318624e-01 2.250972e-01 2.290767e-01 2.270869e-01 1.989783e-03
 3.411412e-01 2.201872e-01 2.238159e-01 2.220015e-01 1.814355e-03
 3.506793e-01 2.150735e-01 2.183728e-01 2.167231e-01 1.649688e-03
 3.604842e-01 2.097585e-01 2.127495e-01 2.112540e-01 1.495456e-03
 3.705632e-01 2.042458e-01 2.069485e-01 2.055971e-01 1.351327e-03
 3.809240e-01 1.985394e-01 2.009734e-01 1.997564e-01 1.216969e-03
 3.915745e-01 1.926444e-01 1.948285e-01 1.937365e-01 1.092042e-03
 4.025227e-01 1.865668e-01 1.885192e-01 1.875430e-01 9.762060e-04
 4.137771e-01 1.803134e-01 1.820517e-01 1.811825e-01 8.691145e-04
 4.253462e-01 1.738924e-01 1.754332e-01 1.746628e-01 7.704190e-04
 4.372387e-01 1.673128e-01 1.686723e-01 1.679926e-01 6.797675e-04
 4.494637e-01 1.605850e-01 1.617786e-01 1.611818e-01 5.968054e-04
 4.620305e-01 1.537206e-01 1.547629e-01 1.542417e-01 5.211753e-04
 4.749487e-01 1.467324e-01 1.476374e-01 1.471849e-01 4.525178e-04
 4.882281e-01 1.396348e-01 1.404157e-01 1.400253e-01 3.904718e-04
 5.018787e-01 1.324435e-01 1.331128e-01 1.327781e-01 3.346750e-04
 5.159111e-01 1.251757e-01 1.257452e-01 1.254605e-01 2.847647e-04
 5.303357e-01 1.178504e-01 1.183311e-01 1.180908e-01 2.403782e-04
 5.451637e-01 1.104880e-01 1.108903e-01 1.106891e-01 2.011539e-04
 5.604063e-01 1.031107e-01 1.034441e-01 1.032774e-01 1.667316e-04
 5.760750e-01 9.574243e-02 9.601594e-02 9.587919e-02 1.367541e-04
 5.921818e-01 8.840893e-02 8.863067e-02 8.851980e-02 1.108677e-04
 6.087390e-01 8.113767e-02 8.131512e-02 8.122640e-02 8.872346e-05
 6.257591e-01 7.395795e-02 7.409791e-02 7.402793e-02 6.997877e-05
 6.432551e-01 6.690085e-02 6.700945e-02 6.695515e-02 5.429823e-05
 6.612403e-01 5.999920e-02 6.008192e-02 6.004056e-02 4.135531e-05
 6.797283e-01 5.328749e-02 5.334915e-02 5.331832e-02 3.083387e-05
 6.987332e-01 4.680175e-02 4.684661e-02 4.682418e-02 2.242973e-05
 7.182695e-01 4.057946e-02 4.061116e-02 4.059531e-02 1.585244e-05
 7.383520e-01 3.465925e-02 3.468091e-02 3.467008e-02 1.082701e-05
 7.589961e-01 2.908061e-02 2.909480e-02 2.908771e-02 7.095745e-06
 7.802173e-01 2.388350e-02 2.389234e-02 2.388792e-02 4.420073e-06
 8.020319e-01 1.910784e-02 1.911300e-02 1.911042e-02 2.582360e-06
 8.244563e-01 1.479277e-02 1.479554e-02 1.479416e-02 1.387644e-06
 8.475078e-01 1.097575e-02 1.097708e-02 1.097642e-02 6.652341e-07
 8.712038e-01 7.691314e-03 7.691854e-03 7.691584e-03 2.700768e-07
 8.955623e-01 4.969454e-03 4.969621e-03 4.969538e-03 8.378136e-08
 9.206019e-01 2.833303e-03 2.833334e-03 2.833318e-03 1.514930e-08
 9.463415e-01 1.296162e-03 1.296162e-03 1.296162e-03 0.000000e+00
 9.728009e-01 3.574422e-04 3.574422e-04 3.574422e-04 0.000000e+00