
 1.000000e-06 1.249431e-04 2.146923e+01 1.073468e+01 1.073455e+01
 1.027960e-06 1.277028e-04 2.125136e+01 1.062574e+01 1.062561e+01
 1.056701e-06 1.305227e-04 2.103551e+01 1.051782e+01 1.051769e+01
 1.086246e-06 1.334040e-04 2.082168e+01 1.041091e+01 1.041077e+01
 1.116617e-06 1.363481e-04 2.060985e+01 1.030499e+01 1.030486e+01
 1.147837e-06 1.393563e-04 2.039999e+01 1.020007e+01 1.019993e+01
 1.179930e-06 1.424299e-04 2.019210e+01 1.009612e+01 1.009598e+01
 1.212920e-06 1.455704e-04 1.998615e+01 9.993146e+00 9.993001e+00
 1.246833e-06 1.487792e-04 1.978212e+01 9.891137e+00 9.890988e+00
 1.281694e-06 1.520578e-04 1.958001e+01 9.790083e+00 9.789931e+00
 1.317530e-06 1.554077e-04 1.937980e+01 9.689977e+00 9.689821e+00
 1.354368e-06 1.588303e-04 1.918146e+01 9.590810e+00 9.590651e+00
 1.392235e-06 1.623273e-04 1.898499e+01 9.492574e+00 9.492412e+00
 1.431161e-06 1.659002e-04 1.879036e+01 9.395261e+00 9.395096e+00
 1.471176e-06 1.695506e-04 1.859756e+01 9.298864e+00 9.298695e+00
 1.512310e-06 1.732803e-04 1.840657e+01 9.203374e+00 9.203201e+00
 1.554593e-06 1.770908e-04 1.821739e+01 9.108784e+00 9.108606e+00
 1.598059e-06 1.809840e-04 1.802999e+01 9.015085e+00 9.014904e+00
 1.642740e-06 1.849615e-04 1.784435e+01 8.922270e+00 8.922085e+00
 1.688670e-06 1.890252e-04 1.766047e+01 8.830331e+00 8.830142e+00
 1.735885e-06 1.931769e-04 1.747833e+01 8.739261e+00 8.739068e+00
 1.784420e-06 1.974185e-04 1.729791e+01 8.649053e+00 8.648855e+00
 1.834311e-06 2.017519e-04 1.711919e+01 8.559698e+00 8.559496e+00
 1.885598e-06 2.061791e-04 1.694217e+01 8.471189e+00 8.470983e+00
 1.938319e-06 2.107019e-04 1.676683e+01 8.383519e+00 8.383309e+00
 1.992513e-06 2.153226e-04 1.659315e+01 8.296681e+00 8.296466e+00
 2.048223e-06 2.200431e-04 1.642112e+01 8.210668e+00 8.210447e+00
 2.105491e-06 2.248656e-04 1.625072e+01 8.125471e+00 8.125246e+00
 2.164359e-06 2.297922e-04 1.608194e+01 8.041085e+00 8.040855e+00
 2.224874e-06 2.348251e-04 1.591477e+01 7.957501e+00 7.957266e+00
 2.287080e-06 2.399667e-04 1.574919e+01 7.874714e+00 7.874474e+00
 2.351026e-06 2.452191e-04 1.558519e+01 7.792715e+00 7.792470e+00
 2.416760e-06 2.505848e-04 1.542275e+01 7.711499e+00 7.711248e+00
 2.484332e-06 2.560661e-04 1.526186e+01 7.631058e+00 7.630802e+00
 2.553793e-06 2.616655e-04 1.510251e+01 7.551386e+00 7.551124e+00
 2.625196e-06 2.673855e-04 1.494468e+01 7.472475e+00 7.472208e+00
 2.698595e-06 2.732287e-04 1.478837e+01 7.394320e+00 7.394046e+00
 2.774047e-06 2.791975e-04 1.463355e+01 7.316913e+00 7.316633e+00
 2.851608e-06 2.852948e-04 1.448021e+01 7.240248e+00 7.239962e+00
 2.931338e-06 2.915232e-04 1.432834e+01 7.164318e+00 7.164026e+00
 3.013297e-06 2.978854e-04 1.417794e+01 7.089117e+00 7.088819e+00
 3.097547e-06 3.043843e-04 1.402897e+01 7.014639e+00 7.014334e+00
 3.184154e-06 3.110228e-04 1.388144e+01 6.940877e+00 6.940566e+00
 3.273181e-06 3.178038e-04 1.373533e+01 6.867825e+00 6.867507e+00
 3.364698e-06 3.247304e-04 1.359063e+01 6.795476e+00 6.795151e+00
 3.458774e-06 3.318055e-04 1.344732e+01 6.723825e+00 6.723493e+00
 3.555480e-06 3.390323e-04 1.330539e+01 6.652865e+00 6.652526e+00
 3.654890e-06 3.464140e-04 1.316483e+01 6.582590e+00 6.582243e+00
 3.757079e-06 3.539538e-04 1.302563e+01 6.512994e+00 6.512640e+00
 3.862125e-06 3.616551e-04 1.288778e+01 6.444071e+00 6.443709e+00
 3.970109e-06 3.695213e-04 1.275126e+01 6.375815e+00 6.375446e+00
 4.081111e-06 3.775557e-04 1.261606e+01 6.308221e+00 6.307843e+00
 4.195218e-06 3.857620e-04 1.248218e+01 6.241282e+00 6.240896e+00
 4.312514e-06 3.941438e-04 1.234959e+01 6.174992e+00 6.174598e+00
 4.433090e-06 4.027047e-04 1.221829e+01 6.109346e+00 6.108943e+00
 4.557038e-06 4.114484e-04 1.208827e+01 6.044338e+00 6.043927e+00
 4.684451e-06 4.203789e-04 1.195951e+01 5.979963e+00 5.979542e+00
 4.815426e-06 4.294999e-04 1.183200e+01 5.916214e+00 5.915784e+00
 4.950064e-06 4.388155e-04 1.170573e+01 5.853086e+00 5.852647e+00
 5.088465e-06 4.483298e-04 1.158070e+01 5.790574e+00 5.790126e+00
 5.230737e-06 4.580469e-04 1.145689e+01 5.728672e+00 5.728214e+00
 5.376986e-06 4.679710e-04 1.133428e+01 5.667375e+00 5.666907e+00
 5.527325e-06 4.781065e-04 1.121288e+01 5.606677e+00 5.606199e+00
 5.681866e-06 4.884577e-04 1.109266e+01 5.546573e+00 5.546084e+00
 5.840729e-06 4.990292e-04 1.097362e+01 5.487057e+00 5.486558e+00
 6.004034e-06 5.098255e-04 1.085574e+01 5.428125e+00 5.427615e+00
 6.171904e-06 5.208513e-04 1.073902e+01 5.369771e+00 5.369250e+00
 6.344468e-06 5.321115e-04 1.062345e+01 5.311990e+00 5.311458e+00
 6.521857e-06 5.436107e-04 1.050901e+01 5.254777e+00 5.254233e+00
 6.704205e-06 5.553542e-04 1.039570e+01 5.198126e+00 5.197571e+00
 6.891652e-06 5.673468e-04 1.028350e+01 5.142033e+00 5.141466e+00
 7.084340e-06 5.795938e-04 1.017241e+01 5.086493e+00 5.085913e+00
 7.282415e-06 5.921004e-04 1.006241e+01 5.031500e+00 5.030908e+00
 7.486029e-06 6.048721e-04 9.953495e+00 4.977050e+00 4.976445e+00
 7.695335e-06 6.179142e-04 9.845658e+00 4.923138e+00 4.922520e+00
 7.910494e-06 6.312326e-04 9.738887e+00 4.869759e+00 4.869128e+00
 8.131668e-06 6.448327e-04 9.633171e+00 4.816908e+00 4.816263e+00
 8.359026e-06 6.587205e-04 9.528502e+00 4.764580e+00 4.763922e+00
 8.592741e-06 6.729019e-04 9.424870e+00 4.712772e+00 4.712099e+00
 8.832991e-06 6.873830e-04 9.322266e+00 4.661477e+00 4.660789e+00
 9.079958e-06 7.021699e-04 9.220680e+00 4.610691e+00 4.609989e+00
 9.333830e-06 7.172690e-04 9.120104e+00 4.560410e+00 4.559693e+00
 9.594800e-06 7.326867e-04 9.020527e+00 4.510630e+00 4.509897e+00
 9.863067e-06 7.484296e-04 8.921941e+00 4.461345e+00 4.460596e+00
 1.013883e-05 7.645044e-04 8.824338e+00 4.412551e+00 4.411787e+00
 1.042231e-05 7.809178e-04 8.727707e+00 4.364244e+00 4.363463e+00
 1.071372e-05 7.976769e-04 8.632040e+00 4.316419e+00 4.315621e+00
 1.101327e-05 8.147888e-04 8.537329e+00 4.269072e+00 4.268257e+00
 1.132119e-05 8.322606e-04 8.443564e+00 4.222198e+00 4.221366e+00
 1.163773e-05 8.500999e-04 8.350738e+00 4.175794e+00 4.174944e+00
 1.196312e-05 8.683141e-04 8.258840e+00 4.129854e+00 4.128986e+00
 1.229760e-05 8.869109e-04 8.167864e+00 4.084376e+00 4.083489e+00
 1.264144e-05 9.058982e-04 8.077801e+00 4.039353e+00 4.038447e+00
 1.299489e-05 9.252840e-04 7.988641e+00 3.994783e+00 3.993858e+00
 1.335822e-05 9.450763e-04 7.900378e+00 3.950661e+00 3.949716e+00
 1.373171e-05 9.652836e-04 7.813002e+00 3.906984e+00 3.906018e+00
 1.411564e-05 9.859142e-04 7.726506e+00 3.863746e+00 3.862760e+00
 1.451031e-05 1.006977e-03 7.640881e+00 3.820944e+00 3.819937e+00
 1.491601e-05 1.028480e-03 7.556120e+00 3.778574e+00 3.777546e+00
 1.533306e-05 1.050434e-03 7.472215e+00 3.736633e+00 3.735582e+00
 1.576176e-05 1.072846e-03 7.389157e+00 3.695115e+00 3.694042e+00
 1.620246e-05 1.095727e-03 7.306939e+00 3.654017e+00 3.652922e+00
 1.665547e-05 1.119086e-03 7.225553e+00 3.613336e+00 3.612217e+00
 1.712115e-05 1.142932e-03 7.144992e+00 3.573068e+00 3.571925e+00
 1.759985e-05 1.167276e-03 7.065248e+00 3.533208e+00 3.532040e+00
 1.809194e-05 1.192127e-03 6.986313e+00 3.493753e+00 3.492560e+00
 1.859778e-05 1.217496e-03 6.908180e+00 3.454699e+00 3.453481e+00
 1.911777e-05 1.243394e-03 6.830841e+00 3.416042e+00 3.414799e+00
 1.965229e-05 1.269831e-03 6.754290e+00 3.377780e+00 3.376510e+00
 2.020176e-05 1.296818e-03 6.678518e+00 3.339908e+00 3.338611e+00
 2.076659e-05 1.324366e-03 6.603519e+00 3.302422e+00 3.301097e+00
 2.134722e-05 1.352487e-03 6.529286e+00 3.265319e+00 3.263967e+00
 2.194408e-05 1.381191e-03 6.455810e+00 3.228596e+00 3.227215e+00
 2.255763e-05 1.410492e-03 6.383086e+00 3.192248e+00 3.190838e+00
 2.318833e-05 1.440400e-03 6.311106e+00 3.156273e+00 3.154833e+00
 2.383667e-05 1.470929e-03 6.239864e+00 3.120668e+00 3.119197e+00
 2.450313e-05 1.502090e-03 6.169352e+00 3.085427e+00 3.083925e+00
 2.518823e-05 1.533896e-03 6.099564e+00 3.050549e+00 3.049015e+00
 2.589248e-05 1.566361e-03 6.030493e+00 3.016030e+00 3.014463e+00
 2.661642e-05 1.599498e-03 5.962132e+00 2.981866e+00 2.980266e+00
 2.736061e-05 1.633319e-03 5.894475e+00 2.948054e+00 2.946421e+00
 2.812560e-05 1.667840e-03 5.827514e+00 2.914591e+00 2.912923e+00
 2.891198e-05 1.703073e-03 5.761244e+00 2.881474e+00 2.879771e+00
 2.972035e-05 1.739033e-03 5.695659e+00 2.848699e+00 2.846960e+00
 3.055132e-05 1.775735e-03 5.630751e+00 2.816263e+00 2.814487e+00
 3.140552e-05 1.813193e-03 5.566514e+00 2.784163e+00 2.782350e+00
 3.228361e-05 1.851423e-03 5.502942e+00 2.752397e+00 2.750545e+00
 3.318624e-05 1.890439e-03 5.440029e+00 2.720960e+00 2.719069e+00
 3.411412e-05 1.930259e-03 5.377768e+00 2.689849e+00 2.687919e+00
 3.506793e-05 1.970897e-03 5.316154e+00 2.659063e+00 2.657092e+00
 3.604842e-05 2.012370e-03 5.255180e+00 2.628596e+00 2.626584e+00
 3.705632e-05 2.054695e-03 5.194841e+00 2.598448e+00 2.596393e+00
 3.809240e-05 2.097888e-03 5.135130e+00 2.568614e+00 2.566516e+00
 3.915745e-05 2.141967e-03 5.076041e+00 2.539091e+00 2.536949e+00
 4.025227e-05 2.186950e-03 5.017568e+00 2.509878e+00 2.507691e+00
 4.137771e-05 2.232853e-03 4.959707e+00 2.480970e+00 2.478737e+00
 4.253462e-05 2.279696e-03 4.902450e+00 2.452365e+00 2.450085e+00
 4.372387e-05 2.327497e-03 4.845792e+00 2.424060e+00 2.421732e+00
 4.494637e-05 2.376276e-03 4.789728e+00 2.396052e+00 2.393676e+00
 4.620305e-05 2.426050e-03 4.734252e+00 2.368339e+00 2.365913e+00
 4.749487e-05 2.476841e-03 4.679358e+00 2.340917e+00 2.338441e+00
 4.882281e-05 2.528668e-03 4.625041e+00 2.313785e+00 2.311256e+00
 5.018787e-05 2.581551e-03 4.571295e+00 2.286938e+00 2.284357e+00
 5.159111e-05 2.635511e-03 4.518115e+00 2.260375e+00 2.257740e+00
 5.303357e-05 2.690570e-03 4.465495e+00 2.234093e+00 2.231402e+00
 5.451637e-05 2.746749e-03 4.413430e+00 2.208089e+00 2.205342e+00
 5.604063e-05 2.804070e-03 4.361916e+00 2.182360e+00 2.179556e+00
 5.760750e-05 2.862555e-03 4.310946e+00 2.156904e+00 2.154042e+00
 5.921818e-05 2.922227e-03 4.260515e+00 2.131719e+00 2.128796e+00
 6.087390e-05 2.983110e-03 4.210618e+00 2.106801e+00 2.103818e+00
 6.257591e-05 3.045227e-03 4.161251e+00 2.082148e+00 2.079103e+00
 6.432551e-05 3.108602e-03 4.112407e+00 2.057758e+00 2.054649e+00
 6.612403e-05 3.173260e-03 4.064083e+00 2.033628e+00 2.030455e+00
 6.797283e-05 3.239225e-03 4.016273e+00 2.009756e+00 2.006517e+00
 6.987332e-05 3.306524e-03 3.968972e+00 1.986139e+00 1.982833e+00
 7.182695e-05 3.375182e-03 3.922175e+00 1.962775e+00 1.959400e+00
 7.383520e-05 3.445225e-03 3.875877e+00 1.939661e+00 1.936216e+00
 7.589961e-05 3.516681e-03 3.830074e+00 1.916795e+00 1.913279e+00
 7.802173e-05 3.589577e-03 3.784761e+00 1.894175e+00 1.890586e+00
 8.020319e-05 3.663940e-03 3.739933e+00 1.871798e+00 1.868134e+00
 8.244563e-05 3.739799e-03 3.695585e+00 1.849662e+00 1.845923e+00
 8.475078e-05 3.817184e-03 3.651713e+00 1.827765e+00 1.823948e+00
 8.712038e-05 3.896123e-03 3.608313e+00 1.806104e+00 1.802208e+00
 8.955623e-05 3.976646e-03 3.565379e+00 1.784678e+00 1.780701e+00
 9.206019e-05 4.058784e-03 3.522907e+00 1.763483e+00 1.759424e+00
 9.463415e-05 4.142568e-03 3.480893e+00 1.742518e+00 1.738375e+00
 9.728009e-05 4.228029e-03 3.439332e+00 1.721780e+00 1.717552e+00
 1.000000e-04 4.315201e-03 3.398220e+00 1.701268e+00 1.696952e+00
 1.027960e-04 4.404115e-03 3.357552e+00 1.680978e+00 1.676574e+00
 1.056701e-04 4.494805e-03 3.317325e+00 1.660910e+00 1.656415e+00
 1.086246e-04 4.587305e-03 3.277534e+00 1.641060e+00 1.636473e+00
 1.116617e-04 4.681649e-03 3.238174e+00 1.621428e+00 1.616746e+00
 1.147837e-04 4.777873e-03 3.199242e+00 1.602010e+00 1.597232e+00
 1.179930e-04 4.876013e-03 3.160733e+00 1.582804e+00 1.577928e+00
 1.212920e-04 4.976104e-03 3.122643e+00 1.563810e+00 1.558834e+00
 1.246833e-04 5.078184e-03 3.084969e+00 1.545023e+00 1.539945e+00
 1.281694e-04 5.182292e-03 3.047705e+00 1.526444e+00 1.521261e+00
 1.317530e-04 5.288464e-03 3.010849e+00 1.508069e+00 1.502780e+00
 1.354368e-04 5.396741e-03 2.974395e+00 1.489896e+00 1.484499e+00
 1.392235e-04 5.507162e-03 2.938341e+00 1.471924e+00 1.466417e+00
 1.431161e-04 5.619767e-03 2.902682e+00 1.454151e+00 1.448531e+00
 1.471176e-04 5.734598e-03 2.867415e+00 1.436575e+00 1.430840e+00
 1.512310e-04 5.851697e-03 2.832535e+00 1.419193e+00 1.413342e+00
 1.554593e-04 5.971106e-03 2.798039e+00 1.402005e+00 1.396034e+00
 1.598059e-04 6.092869e-03 2.763923e+00 1.385008e+00 1.378915e+00
 1.642740e-04 6.217030e-03 2.730183e+00 1.368200e+00 1.361983e+00
 1.688670e-04 6.343634e-03 2.696815e+00 1.351580e+00 1.345236e+00
 1.735885e-04 6.472726e-03 2.663817e+00 1.335145e+00 1.328672e+00
 1.784420e-04 6.604353e-03 2.631184e+00 1.318894e+00 1.312290e+00
 1.834311e-04 6.738562e-03 2.598913e+00 1.302826e+00 1.296087e+00
 1.885598e-04 6.875402e-03 2.566999e+00 1.286937e+00 1.280062e+00
 1.938319e-04 7.014920e-03 2.535441e+00 1.271228e+00 1.264213e+00
 1.992513e-04 7.157168e-03 2.504233e+00 1.255695e+00 1.248538e+00
 2.048223e-04 7.302195e-03 2.473374e+00 1.240338e+00 1.233036e+00
 2.105491e-04 7.450053e-03 2.442858e+00 1.225154e+00 1.217704e+00
 2.164359e-04 7.600795e-03 2.412684e+00 1.210142e+00 1.202541e+00
 2.224874e-04 7.754472e-03 2.382847e+00 1.195301e+00 1.187546e+00
 2.287080e-04 7.911141e-03 2.353344e+00 1.180627e+00 1.172716e+00
 2.351026e-04 8.070854e-03 2.324172e+00 1.166121e+00 1.158050e+00
 2.416760e-04 8.233670e-03 2.295327e+00 1.151780e+00 1.143547e+00
 2.484332e-04 8.399643e-03 2.266807e+00 1.137603e+00 1.129204e+00
 2.553793e-04 8.568833e-03 2.238608e+00 1.123589e+00 1.115020e+00
 2.625196e-04 8.741297e-03 2.210727e+00 1.109734e+00 1.100993e+00
 2.698595e-04 8.917096e-03 2.183161e+00 1.096039e+00 1.087122e+00
 2.774047e-04 9.096290e-03 2.155907e+00 1.082502e+00 1.073405e+00
 2.851608e-04 9.278941e-03 2.128961e+00 1.069120e+00 1.059841e+00
 2.931338e-04 9.465111e-03 2.102321e+00 1.055893e+00 1.046428e+00
 3.013297e-04 9.654865e-03 2.075983e+00 1.042819e+00 1.033164e+00
 3.097547e-04 9.848267e-03 2.049945e+00 1.029897e+00 1.020048e+00
 3.184154e-04 1.004538e-02 2.024204e+00 1.017125e+00 1.007079e+00
 3.273181e-04 1.024628e-02 1.998756e+00 1.004501e+00 9.942548e-01
 3.364698e-04 1.045102e-02 1.973599e+00 9.920248e-01 9.815738e-01
 3.458774e-04 1.065969e-02 1.948729e+00 9.796945e-01 9.690348e-01
 3.555480e-04 1.087234e-02 1.924145e+00 9.675087e-01 9.566363e-01
 3.654890e-04 1.108905e-02 1.899843e+00 9.554659e-01 9.443769e-01
 3.757079e-04 1.130989e-02 1.875820e+00 9.435649e-01 9.322550e-01
 3.862125e-04 1.153493e-02 1.852074e+00 9.318043e-01 9.202694e-01
 3.970109e-04 1.176426e-02 1.828601e+00 9.201828e-01 9.084185e-01
 4.081111e-04 1.199794e-02 1.805400e+00 9.086989e-01 8.967010e-01
 4.195218e-04 1.223605e-02 1.782467e+00 8.973515e-01 8.851155e-01
 4.312514e-04 1.247867e-02 1.759800e+00 8.861393e-01 8.736606e-01
 4.433090e-04 1.272589e-02 1.737396e+00 8.750608e-01 8.623349e-01
 4.557038e-04 1.297777e-02 1.715252e+00 8.641150e-01 8.511372e-01
 4.684451e-04 1.323440e-02 1.693367e+00 8.533005e-01 8.400661e-01
 4.815426e-04 1.349587e-02 1.671736e+00 8.426160e-01 8.291202e-01
 4.950064e-04 1.376227e-02 1.650359e+00 8.320605e-01 8.182982e-01
 5.088465e-04 1.403366e-02 1.629232e+00 8.216326e-01 8.075989e-01
 5.230737e-04 1.431015e-02 1.608352e+00 8.113311e-01 7.970210e-01
 5.376986e-04 1.459182e-02 1.587718e+00 8.011549e-01 7.865631e-01
 5.527325e-04 1.487875e-02 1.567327e+00 7.911028e-01 7.762241e-01
 5.681866e-04 1.517105e-02 1.547176e+00 7.811737e-01 7.660026e-01
 5.840729e-04 1.546880e-02 1.527264e+00 7.713663e-01 7.558975e-01
 6.004034e-04 1.577210e-02 1.507587e+00 7.616796e-01 7.459075e-01
 6.171904e-04 1.608103e-02 1.488144e+00 7.521124e-01 7.360314e-01
 6.344468e-04 1.639570e-02 1.468932e+00 7.426637e-01 7.262679e-01
 6.521857e-04 1.671621e-02 1.449948e+00 7.333322e-01 7.166160e-01
 6.704205e-04 1.704265e-02 1.431191e+00 7.241170e-01 7.070744e-01
 6.891652e-04 1.737513e-02 1.412659e+00 7.150170e-01 6.976419e-01
 7.084340e-04 1.771373e-02 1.394349e+00 7.060311e-01 6.883174e-01
 7.282415e-04 1.805858e-02 1.376258e+00 6.971583e-01 6.790997e-01
 7.486029e-04 1.840977e-02 1.358385e+00 6.883975e-01 6.699878e-01
 7.695335e-04 1.876741e-02 1.340728e+00 6.797478e-01 6.609804e-01
 7.910494e-04 1.913160e-02 1.323284e+00 6.712080e-01 6.520764e-01
 8.131668e-04 1.950246e-02 1.306052e+00 6.627773e-01 6.432748e-01
 8.359026e-04 1.988009e-02 1.289029e+00 6.544546e-01 6.345745e-01
 8.592741e-04 2.026461e-02 1.272213e+00 6.462389e-01 6.259743e-01
 8.832991e-04 2.065612e-02 1.255603e+00 6.381293e-01 6.174732e-01
 9.079958e-04 2.105475e-02 1.239195e+00 6.301249e-01 6.090702e-01
 9.333830e-04 2.146061e-02 1.222989e+00 6.222247e-01 6.007641e-01
 9.594800e-04 2.187382e-02 1.206982e+00 6.144278e-01 5.925539e-01
 9.863067e-04 2.229450e-02 1.191172e+00 6.067332e-01 5.844387e-01
 1.013883e-03 2.272276e-02 1.175557e+00 5.991401e-01 5.764173e-01
 1.042231e-03 2.315873e-02 1.160136e+00 5.916475e-01 5.684888e-01
 1.071372e-03 2.360253e-02 1.144907e+00 5.842547e-01 5.606522e-01
 1.101327e-03 2.405429e-02 1.129867e+00 5.769607e-01 5.529064e-01
 1.132119e-03 2.451413e-02 1.115015e+00 5.697646e-01 5.452505e-01
 1.163773e-03 2.498219e-02 1.100349e+00 5.626657e-01 5.376835e-01
 1.196312e-03 2.545858e-02 1.085867e+00 5.556630e-01 5.302044e-01
 1.229760e-03 2.594345e-02 1.071568e+00 5.487558e-01 5.228123e-01
 1.264144e-03 2.643692e-02 1.057450e+00 5.419432e-01 5.155063e-01
 1.299489e-03 2.693912e-02 1.043510e+00 5.352245e-01 5.082854e-01
 1.335822e-03 2.745020e-02 1.029747e+00 5.285988e-01 5.011486e-01
 1.373171e-03 2.797029e-02 1.016161e+00 5.220654e-01 4.940951e-01
 1.411564e-03 2.849952e-02 1.002747e+00 5.156235e-01 4.871240e-01
 1.451031e-03 2.903804e-02 9.895066e-01 5.092723e-01 4.802343e-01
 1.491601e-03 2.958599e-02 9.764363e-01 5.030111e-01 4.734251e-01
 1.533306e-03 3.014350e-02 9.635349e-01 4.968392e-01 4.666957e-01
 1.576176e-03 3.071073e-02 9.508008e-01 4.907558e-01 4.600450e-01
 1.620246e-03 3.128782e-02 9.382324e-01 4.847601e-01 4.534723e-01
 1.665547e-03 3.187491e-02 9.258283e-01 4.788516e-01 4.469767e-01
 1.712115e-03 3.247215e-02 9.135867e-01 4.730294e-01 4.405573e-01
 1.759985e-03 3.307970e-02 9.015063e-01 4.672930e-01 4.342133e-01
 1.809194e-03 3.369769e-02 8.895854e-01 4.616416e-01 4.279439e-01
 1.859778e-03 3.432629e-02 8.778227e-01 4.560745e-01 4.217482e-01
 1.911777e-03 3.496564e-02 8.662166e-01 4.505911e-01 4.156255e-01
 1.965229e-03 3.561590e-02 8.547656e-01 4.451908e-01 4.095749e-01
 2.020176e-03 3.627722e-02 8.434685e-01 4.398728e-01 4.035956e-01
 2.076659e-03 3.694976e-02 8.323236e-01 4.346367e-01 3.976869e-01
 2.134722e-03 3.763368e-02 8.213297e-01 4.294817e-01 3.918480e-01
 2.194408e-03 3.832913e-02 8.104853e-01 4.244072e-01 3.860781e-01
 2.255763e-03 3.903628e-02 7.997891e-01 4.194127e-01 3.803764e-01
 2.318833e-03 3.975528e-02 7.892397e-01 4.144975e-01 3.747422e-01
 2.383667e-03 4.048630e-02 7.788359e-01 4.096611e-01 3.691748e-01
 2.450313e-03 4.122949e-02 7.685762e-01 4.049028e-01 3.636734e-01
 2.518823e-03 4.198502e-02 7.584594e-01 4.002222e-01 3.582372e-01
 2.589248e-03 4.275305e-02 7.484842e-01 3.956186e-01 3.528656e-01
 2.661642e-03 4.353375e-02 7.386494e-01 3.910916e-01 3.475578e-01
 2.736061e-03 4.432728e-02 7.289537e-01 3.866405e-01 3.423132e-01
 2.812560e-03 4.513381e-02 7.193958e-01 3.822648e-01 3.371310e-01
 2.891198e-03 4.595350e-02 7.099746e-01 3.779641e-01 3.320106e-01
 2.972035e-03 4.678651e-02 7.006889e-01 3.737377e-01 3.269512e-01
 3.055132e-03 4.763302e-02 6.915374e-01 3.695852e-01 3.219522e-01
 3.140552e-03 4.849319e-02 6.825190e-01 3.655061e-01 3.170129e-01
 3.228361e-03 4.936718e-02 6.736325e-01 3.614998e-01 3.121327e-01
 3.318624e-03 5.025516e-02 6.648769e-01 3.575660e-01 3.073108e-01
 3.411412e-03 5.115731e-02 6.562509e-01 3.537041e-01 3.025468e-01
 3.506793e-03 5.207378e-02 6.477535e-01 3.499136e-01 2.978398e-01
 3.604842e-03 5.300473e-02 6.393835e-01 3.461941e-01 2.931894e-01
 3.705632e-03 5.395035e-02 6.311400e-01 3.425452e-01 2.885948e-01
 3.809240e-03 5.491078e-02 6.230218e-01 3.389663e-01 2.840555e-01
 3.915745e-03 5.588620e-02 6.150278e-01 3.354570e-01 2.795708e-01
 4.025227e-03 5.687676e-02 6.071571e-01 3.320169e-01 2.751402e-01
 4.137771e-03 5.788264e-02 5.994086e-01 3.286456e-01 2.707630e-01
 4.253462e-03 5.890398e-02 5.917813e-01 3.253426e-01 2.664387e-01
 4.372387e-03 5.994096e-02 5.842742e-01 3.221076e-01 2.621666e-01
 4.494637e-03 6.099372e-02 5.768862e-01 3.189400e-01 2.579463e-01
 4.620305e-03 6.206243e-02 5.696165e-01 3.158395e-01 2.537770e-01
 4.749487e-03 6.314724e-02 5.624641e-01 3.128057e-01 2.496584e-01
 4.882281e-03 6.424831e-02 5.554279e-01 3.098381e-01 2.455898e-01
 5.018787e-03 6.536578e-02 5.485072e-01 3.069365e-01 2.415707e-01
 5.159111e-03 6.649980e-02 5.417009e-01 3.041003e-01 2.376005e-01
 5.303357e-03 6.765052e-02 5.350081e-01 3.013293e-01 2.336788e-01
 5.451637e-03 6.881808e-02 5.284279e-01 2.986230e-01 2.298049e-01
 5.604063e-03 7.000262e-02 5.219594e-01 2.959810e-01 2.259784e-01
 5.760750e-03 7.120428e-02 5.156017e-01 2.934030e-01 2.221987e-01
 5.921818e-03 7.242319e-02 5.093540e-01 2.908886e-01 2.184654e-01
 6.087390e-03 7.365948e-02 5.032154e-01 2.884374e-01 2.147780e-01
 6.257591e-03 7.491327e-02 4.971850e-01 2.860491e-01 2.111359e-01
 6.432551e-03 7.618469e-02 4.912620e-01 2.837233e-01 2.075386e-01
 6.612403e-03 7.747386e-02 4.854455e-01 2.814597e-01 2.039858e-01
 6.797283e-03 7.878088e-02 4.797347e-01 2.792578e-01 2.004769e-01
 6.987332e-03 8.010586e-02 4.741287e-01 2.771173e-01 1.970114e-01
 7.182695e-03 8.144890e-02 4.686269e-01 2.750379e-01 1.935890e-01
 7.383520e-03 8.281009e-02 4.632282e-01 2.730191e-01 1.902090e-01
 7.589961e-03 8.418953e-02 4.579319e-01 2.710607e-01 1.868712e-01
 7.802173e-03 8.558730e-02 4.527373e-01 2.691623e-01 1.835750e-01
 8.020319e-03 8.700346e-02 4.476435e-01 2.673235e-01 1.803200e-01
 8.244563e-03 8.843809e-02 4.426497e-01 2.655439e-01 1.771058e-01
 8.475078e-03 8.989125e-02 4.377552e-01 2.638232e-01 1.739320e-01
 8.712038e-03 9.136298e-02 4.329592e-01 2.621611e-01 1.707981e-01
 8.955623e-03 9.285333e-02 4.282608e-01 2.605570e-01 1.677037e-01
 9.206019e-03 9.436234e-02 4.236593e-01 2.590108e-01 1.646485e-01
 9.463415e-03 9.589002e-02 4.191539e-01 2.575220e-01 1.616319e-01
 9.728009e-03 9.743638e-02 4.147439e-01 2.560901e-01 1.586537e-01
 1.000000e-02 9.900144e-02 4.104284e-01 2.547149e-01 1.557135e-01
 1.027960e-02 1.005852e-01 4.062068e-01 2.533960e-01 1.528108e-01
 1.056701e-02 1.021876e-01 4.020782e-01 2.521329e-01 1.499453e-01
 1.086246e-02 1.038086e-01 3.980418e-01 2.509252e-01 1.471166e-01
 1.116617e-02 1.054482e-01 3.940969e-01 2.497726e-01 1.443243e-01
 1.147837e-02 1.071064e-01 3.902427e-01 2.486745e-01 1.415681e-01
 1.179930e-02 1.087830e-01 3.864784e-01 2.476307e-01 1.388477e-01
 1.212920e-02 1.104779e-01 3.828032e-01 2.466406e-01 1.361626e-01
 1.246833e-02 1.121911e-01 3.792164e-01 2.457037e-01 1.335126e-01
 1.281694e-02 1.139225e-01 3.757171e-01 2.448198e-01 1.308973e-01
 1.317530e-02 1.156718e-01 3.723045e-01 2.439882e-01 1.283163e-01
 1.354368e-02 1.174390e-01 3.689778e-01 2.432084e-01 1.257694e-01
 1.392235e-02 1.192239e-01 3.657363e-01 2.424801e-01 1.232562e-01
 1.431161e-02 1.210263e-01 3.625790e-01 2.418026e-01 1.207764e-01
 1.471176e-02 1.228459e-01 3.595052e-01 2.411755e-01 1.183296e-01
 1.512310e-02 1.246826e-01 3.565139e-01 2.405983e-01 1.159157e-01
 1.554593e-02 1.265361e-01 3.536044e-01 2.400702e-01 1.135342e-01
 1.598059e-02 1.284060e-01 3.507758e-01 2.395909e-01 1.111849e-01
 1.642740e-02 1.302922e-01 3.480271e-01 2.391597e-01 1.088675e-01
 1.688670e-02 1.321943e-01 3.453575e-01 2.387759e-01 1.065816e-01
 1.735885e-02 1.341119e-01 3.427660e-01 2.384390e-01 1.043271e-01
 1.784420e-02 1.360446e-01 3.402518e-01 2.381482e-01 1.021036e-01
 1.834311e-02 1.379921e-01 3.378139e-01 2.379030e-01 9.991086e-02
 1.885598e-02 1.399540e-01 3.354512e-01 2.377026e-01 9.774862e-02
 1.938319e-02 1.419297e-01 3.331628e-01 2.375463e-01 9.561659e-02
 1.992513e-02 1.439187e-01 3.309478e-01 2.374333e-01 9.351452e-02
 2.048223e-02 1.459207e-01 3.288050e-01 2.373628e-01 9.144215e-02
 2.105491e-02 1.479349e-01 3.267334e-01 2.373341e-01 8.939924e-02
 2.164359e-02 1.499608e-01 3.247318e-01 2.373463e-01 8.738553e-02
 2.224874e-02 1.519978e-01 3.227993e-01 2.373986e-01 8.540077e-02
 2.287080e-02 1.540452e-01 3.209347e-01 2.374899e-01 8.344474e-02
 2.351026e-02 1.561023e-01 3.191367e-01 2.376195e-01 8.151718e-02
 2.416760e-02 1.581684e-01 3.174042e-01 2.377863e-01 7.961787e-02
 2.484332e-02 1.602428e-01 3.157359e-01 2.379894e-01 7.774658e-02
 2.553793e-02 1.623245e-01 3.141307e-01 2.382276e-01 7.590309e-02
 2.625196e-02 1.644127e-01 3.125871e-01 2.384999e-01 7.408717e-02
 2.698595e-02 1.665066e-01 3.111038e-01 2.388052e-01 7.229860e-02
 2.774047e-02 1.686051e-01 3.096794e-01 2.391423e-01 7.053718e-02
 2.851608e-02 1.707073e-01 3.083127e-01 2.395100e-01 6.880268e-02
 2.931338e-02 1.728121e-01 3.070019e-01 2.399070e-01 6.709491e-02
 3.013297e-02 1.749185e-01 3.057458e-01 2.403321e-01 6.541365e-02
 3.097547e-02 1.770252e-01 3.045426e-01 2.407839e-01 6.375870e-02
 3.184154e-02 1.791312e-01 3.033909e-01 2.412610e-01 6.212988e-02
 3.273181e-02 1.812350e-01 3.022890e-01 2.417620e-01 6.052697e-02
 3.364698e-02 1.833355e-01 3.012351e-01 2.422853e-01 5.894979e-02
 3.458774e-02 1.854313e-01 3.002276e-01 2.428294e-01 5.739815e-02
 3.555480e-02 1.875209e-01 2.992646e-01 2.433928e-01 5.587186e-02
 3.654890e-02 1.896029e-01 2.983443e-01 2.439736e-01 5.437074e-02
 3.757079e-02 1.916756e-01 2.974648e-01 2.445702e-01 5.289460e-02
 3.862125e-02 1.937376e-01 2.966242e-01 2.451809e-01 5.144326e-02
 3.970109e-02 1.957872e-01 2.958203e-01 2.458037e-01 5.001654e-02
 4.081111e-02 1.978225e-01 2.950511e-01 2.464368e-01 4.861428e-02
 4.195218e-02 1.998419e-01 2.943145e-01 2.470782e-01 4.723629e-02
 4.312514e-02 2.018434e-01 2.936082e-01 2.477258e-01 4.588241e-02
 4.433090e-02 2.038251e-01 2.929300e-01 2.483775e-01 4.455245e-02
 4.557038e-02 2.057849e-01 2.922775e-01 2.490312e-01 4.324627e-02
 4.684451e-02 2.077209e-01 2.916483e-01 2.496846e-01 4.196368e-02
 4.815426e-02 2.096309e-01 2.910400e-01 2.503354e-01 4.070453e-02
 4.950064e-02 2.115126e-01 2.904499e-01 2.509812e-01 3.946864e-02
 5.088465e-02 2.133637e-01 2.898755e-01 2.516196e-01 3.825587e-02
 5.230737e-02 2.151819e-01 2.893140e-01 2.522480e-01 3.706604e-02
 5.376986e-02 2.169647e-01 2.887627e-01 2.528637e-01 3.589899e-02
 5.527325e-02 2.187096e-01 2.882188e-01 2.534642e-01 3.475458e-02
 5.681866e-02 2.204140e-01 2.876792e-01 2.540466e-01 3.363263e-02
 5.840729e-02 2.220751e-01 2.871411e-01 2.546081e-01 3.253299e-02
 6.004034e-02 2.236903e-01 2.866013e-01 2.551458e-01 3.145551e-02
 6.171904e-02 2.252567e-01 2.860568e-01 2.556568e-01 3.040002e-02
 6.344468e-02 2.267714e-01 2.855042e-01 2.561378e-01 2.936638e-02
 6.521857e-02 2.282314e-01 2.849402e-01 2.565858e-01 2.835441e-02
 6.704205e-02 2.296336e-01 2.843616e-01 2.569976e-01 2.736398e-02
 6.891652e-02 2.309749e-01 2.837648e-01 2.573698e-01 2.639492e-02
 7.084340e-02 2.322521e-01 2.831463e-01 2.576992e-01 2.544708e-02
 7.282415e-02 2.334619e-01 2.825025e-01 2.579822e-01 2.452029e-02
 7.486029e-02 2.346009e-01 2.818297e-01 2.582153e-01 2.361441e-02
 7.695335e-02 2.356657e-01 2.811242e-01 2.583949e-01 2.272928e-02
 7.910494e-02 2.366528e-01 2.803822e-01 2.585175e-01 2.186473e-02
 8.131668e-02 2.375586e-01 2.795999e-01 2.585793e-01 2.102062e-02
 8.359026e-02 2.383796e-01 2.787732e-01 2.585764e-01 2.019677e-02
 8.592741e-02 2.391121e-01 2.778982e-01 2.585052e-01 1.939303e-02
 8.832991e-02 2.397523e-01 2.769708e-01 2.583616e-01 1.860924e-02
 9.079958e-02 2.402965e-01 2.759870e-01 2.581418e-01 1.784524e-02
 9.333830e-02 2.407409e-01 2.749426e-01 2.578418e-01 1.710085e-02
 9.594800e-02 2.410816e-01 2.738335e-01 2.574575e-01 1.637592e-02
 9.863067e-02 2.413148e-01 2.726553e-01 2.569850e-01 1.567027e-02
 1.013883e-01 2.414365e-01 2.714039e-01 2.564202e-01 1.498374e-02
 1.042231e-01 2.414428e-01 2.700751e-01 2.557590e-01 1.431615e-02
 1.071372e-01 2.413299e-01 2.686646e-01 2.549973e-01 1.366733e-02
 1.101327e-01 2.410939e-01 2.671681e-01 2.541310e-01 1.303710e-02
 1.132119e-01 2.407308e-01 2.655814e-01 2.531561e-01 1.242529e-02
 1.163773e-01 2.402368e-01 2.639002e-01 2.520685e-01 1.183170e-02
 1.196312e-01 2.396081e-01 2.621204e-01 2.508642e-01 1.125617e-02
 1.229760e-01 2.388408e-01 2.602378e-01 2.495393e-01 1.069849e-02
 1.264144e-01 2.379315e-01 2.582484e-01 2.480900e-01 1.015848e-02
 1.299489e-01 2.368763e-01 2.561482e-01 2.465123e-01 9.635950e-03
 1.335822e-01 2.356719e-01 2.539332e-01 2.448025e-01 9.130694e-03
 1.373171e-01 2.343147e-01 2.515998e-01 2.429572e-01 8.642514e-03
 1.411564e-01 2.328017e-01 2.491441e-01 2.409729e-01 8.171204e-03
 1.451031e-01 2.311296e-01 2.465628e-01 2.388462e-01 7.716556e-03
 1.491601e-01 2.292957e-01 2.438524e-01 2.365741e-01 7.278354e-03
 1.533306e-01 2.272972e-01 2.410099e-01 2.341535e-01 6.856383e-03
 1.576176e-01 2.251316e-01 2.380324e-01 2.315820e-01 6.450418e-03
 1.620246e-01 2.227967e-01 2.349172e-01 2.288570e-01 6.060233e-03
 1.665547e-01 2.202907e-01 2.316619e-01 2.259763e-01 5.685594e-03
 1.712115e-01 2.176120e-01 2.282645e-01 2.229382e-01 5.326265e-03
 1.759985e-01 2.147592e-01 2.247232e-01 2.197412e-01 4.982001e-03
 1.809194e-01 2.117316e-01 2.210367e-01 2.163841e-01 4.652555e-03
 1.859778e-01 2.085286e-01 2.172040e-01 2.128663e-01 4.337671e-03
 1.911777e-01 2.051503e-01 2.132245e-01 2.091874e-01 4.037088e-03
 1.965229e-01 2.015972e-01 2.090983e-01 2.053478e-01 3.750541e-03
 2.020176e-01 1.978703e-01 2.048258e-01 2.013481e-01 3.477756e-03
 2.076659e-01 1.939711e-01 2.004080e-01 1.971896e-01 3.218453e-03
 2.134722e-01 1.899019e-01 1.958466e-01 1.928742e-01 2.972346e-03
 2.194408e-01 1.856654e-01 1.911437e-01 1.884046e-01 2.739141e-03
 2.255763e-01 1.812652e-01 1.863023e-01 1.837838e-01 2.518539e-03
 2.318833e-01 1.767055e-01 1.813260e-01 1.790158e-01 2.310233e-03
 2.383667e-01 1.719914e-01 1.762192e-01 1.741053e-01 2.113908e-03
 2.450313e-01 1.671285e-01 1.709870e-01 1.690577e-01 1.929244e-03
 2.518823e-01 1.621236e-01 1.656354e-01 1.638795e-01 1.755912e-03
 2.589248e-01 1.569842e-01 1.601713e-01 1.585777e-01 1.593576e-03
 2.661642e-01 1.517187e-01 1.546025e-01 1.531606e-01 1.441894e-03
 2.736061e-01 1.463364e-01 1.489375e-01 1.476370e-01 1.300516e-03
 2.812560e-01 1.408478e-01 1.431860e-01 1.420169e-01 1.169088e-03
 2.891198e-01 1.352641e-01 1.373586e-01 1.363113e-01 1.047246e-03
 2.972035e-01 1.295976e-01 1.314668e-01 1.305322e-01 9.346229e-04
 3.055132e-01 1.238615e-01 1.255232e-01 1.246924e-01 8.308435e-04
 3.140552e-01 1.180702e-01 1.195413e-01 1.188058e-01 7.355290e-04
 3.228361e-01 1.122389e-01 1.135355e-01 1.128872e-01 6.482956e-04
 3.318624e-01 1.063837e-01 1.075212e-01 1.069525e-01 5.687556e-04
 3.411412e-01 1.005216e-01 1.015147e-01 1.010182e-01 4.965180e-04
 3.506793e-01 9.467059e-02 9.553297e-02 9.510178e-02 4.311896e-04
 3.604842e-01 8.884917e-02 8.959392e-02 8.922154e-02 3.723759e-04
 3.705632e-01 8.307661e-02 8.371598e-02 8.339629e-02 3.196822e-04
 3.809240e-01 7.737269e-02 7.791812e-02 7.764541e-02 2.727147e-04
 3.915745e-01 7.175755e-02 7.221972e-02 7.198863e-02 2.310819e-04
 4.025227e-01 6.625156e-02 6.664035e-02 6.644596e-02 1.943961e-04
 4.137771e-01 6.087511e-02 6.119966e-02 6.103738e-02 1.622746e-04
 4.253462e-01 5.564841e-02 5.591709e-02 5.578275e-02 1.343414e-04
 4.372387e-01 5.059125e-02 5.081171e-02 5.070148e-02 1.102290e-04
 4.494637e-01 4.572274e-02 4.590190e-02 4.581232e-02 8.957990e-05
 4.620305e-01 4.106107e-02 4.120517e-02 4.113312e-02 7.204815e-05
 4.749487e-01 3.662316e-02 3.673776e-02 3.668046e-02 5.730135e-05
 4.882281e-01 3.242443e-02 3.251447e-02 3.246945e-02 4.502211e-05
 5.018787e-01 2.847844e-02 2.854826e-02 2.851335e-02 3.490960e-05
 5.159111e-01 2.479664e-02 2.485000e-02 2.482332e-02 2.668104e-05
 5.303357e-01 2.138805e-02 2.142820e-02 2.140812e-02 2.007300e-05
 5.451637e-01 1.825903e-02 1.828871e-02 1.827387e-02 1.484241e-05
 5.604063e-01 1.541302e-02 1.543455e-02 1.542378e-02 1.076747e-05
 5.760750e-01 1.285037e-02 1.286566e-02 1.285801e-02 7.648173e-06
 5.921818e-01 1.056823e-02 1.057884e-02 1.057354e-02 5.306549e-06
 6.087390e-01 8.560490e-03 8.567663e-03 8.564076e-03 3.586558e-06
 6.257591e-01 6.817794e-03 6.822502e-03 6.820148e-03 2.353627e-06
 6.432551e-01 5.327674e-03 5.330661e-03 5.329167e-03 1.493823e-06
 6.612403e-01 4.074757e-03 4.076583e-03 4.075670e-03 9.126766e-07
 6.797283e-01 3.041089e-03 3.042156e-03 3.041623e-03 5.336831e-07
 6.987332e-01 2.206539e-03 2.207132e-03 2.206835e-03 2.965340e-07
 7.182695e-01 1.549308e-03 1.549618e-03 1.549463e-03 1.551394e-07
 7.383520e-01 1.046511e-03 1.046662e-03 1.046587e-03 7.552134e-08
 7.589961e-01 6.748224e-04 6.748897e-04 6.748560e-04 3.366865e-08
 7.802173e-01 4.111563e-04 4.111832e-04 4.111697e-04 1.344789e-08
 8.020319e-01 2.333641e-04 2.333734e-04 2.333688e-04 4.661844e-09
 8.244563e-01 1.209033e-04 1.209059e-04 1.209046e-04 1.335807e-09
 8.475078e-01 5.545385e-05 5.545444e-05 5.545414e-05 2.916007e-10
 8.712038e-01 2.143899e-05 2.143907e-05 2.143903e-05 4.150867e-11
 8.955623e-01 6.410648e-06 6.410653e-06 6.410651e-06 2.638059e-12
 9.206019e-01 1.247433e-06 1.247433e-06 1.247433e-06 1.098808e-14
 9.463415e-01 1.014814e-07 1.014814e-07 1.014814e-07 -1.058791e-22
 9.728009e-01 4.274518e-10 4.274518e-10 4.274518e-10 0.000000e+00