
 0.001997 -1.761470e-04 
 0.003993 -7.215515e-04 
 0.005989 -1.451859e-03 
 0.007985 -2.307373e-03 
 0.009981 -3.251420e-03 
 0.011977 -4.261222e-03 
 0.013973 -5.320256e-03 
 0.015969 -6.416310e-03 
 0.017965 -7.539885e-03 
 0.019961 -8.683439e-03 
 0.021957 -9.840842e-03 
 0.023953 -1.100704e-02 
 0.025949 -1.217780e-02 
 0.027945 -1.334957e-02 
 0.029941 -1.451930e-02 
 0.031937 -1.568438e-02 
 0.033933 -1.684259e-02 
 0.035929 -1.799196e-02 
 0.037925 -1.913082e-02 
 0.039921 -2.025771e-02 
 0.041917 -2.137132e-02 
 0.043913 -2.247056e-02 
 0.045909 -2.355444e-02 
 0.047905 -2.462211e-02 
 0.049901 -2.567282e-02 
 0.051897 -2.670593e-02 
 0.053893 -2.772087e-02 
 0.055889 -2.871717e-02 
 0.057885 -2.969440e-02 
 0.059881 -3.065221e-02 
 0.061877 -3.159031e-02 
 0.063873 -3.250843e-02 
 0.065869 -3.340638e-02 
 0.067865 -3.428398e-02 
 0.069861 -3.514111e-02 
 0.071857 -3.597768e-02 
 0.073853 -3.679360e-02 
 0.075849 -3.758885e-02 
 0.077845 -3.836342e-02 
 0.079841 -3.911730e-02 
 0.081837 -3.985053e-02 
 0.083833 -4.056317e-02 
 0.085829 -4.125526e-02 
 0.087825 -4.192691e-02 
 0.089821 -4.257820e-02 
 0.091817 -4.320925e-02 
 0.093813 -4.382018e-02 
 0.095809 -4.441113e-02 
 0.097805 -4.498224e-02 
 0.099801 -4.553367e-02 
 0.101797 -4.606558e-02 
 0.103793 -4.657815e-02 
 0.105789 -4.707157e-02 
 0.107785 -4.754600e-02 
 0.109781 -4.800166e-02 
 0.111777 -4.843874e-02 
 0.113773 -4.885744e-02 
 0.115769 -4.925796e-02 
 0.117765 -4.964053e-02 
 0.119761 -5.000535e-02 
 0.121757 -5.035264e-02 
 0.123753 -5.068263e-02 
 0.125749 -5.099554e-02 
 0.127745 -5.129160e-02 
 0.129741 -5.157103e-02 
 0.131737 -5.183407e-02 
 0.133733 -5.208095e-02 
 0.135729 -5.231190e-02 
 0.137725 -5.252715e-02 
 0.139721 -5.272695e-02 
 0.141717 -5.291153e-02 
 0.143713 -5.308112e-02 
 0.145709 -5.323597e-02 
 0.147705 -5.337630e-02 
 0.149701 -5.350237e-02 
 0.151697 -5.361441e-02 
 0.153693 -5.371264e-02 
 0.155689 -5.379732e-02 
 0.157685 -5.386868e-02 
 0.159681 -5.392695e-02 
 0.161677 -5.397237e-02 
 0.163673 -5.400518e-02 
 0.165669 -5.402560e-02 
 0.167666 -5.403388e-02 
 0.169662 -5.403024e-02 
 0.171658 -5.401491e-02 
 0.173654 -5.398813e-02 
 0.175650 -5.395013e-02 
 0.177646 -5.390112e-02 
 0.179642 -5.384134e-02 
 0.181638 -5.377102e-02 
 0.183634 -5.369036e-02 
 0.185630 -5.359961e-02 
 0.187626 -5.349897e-02 
 0.189622 -5.338867e-02 
 0.191618 -5.326892e-02 
 0.193614 -5.313993e-02 
 0.195610 -5.300193e-02 
 0.197606 -5.285512e-02 
 0.199602 -5.269971e-02 
 0.201598 -5.253591e-02 
 0.203594 -5.236392e-02 
 0.205590 -5.218396e-02 
 0.207586 -5.199621e-02 
 0.209582 -5.180089e-02 
 0.211578 -5.159818e-02 
 0.213574 -5.138829e-02 
 0.215570 -5.117141e-02 
 0.217566 -5.094773e-02 
 0.219562 -5.071744e-02 
 0.221558 -5.048073e-02 
 0.223554 -5.023779e-02 
 0.225550 -4.998879e-02 
 0.227546 -4.973392e-02 
 0.229542 -4.947337e-02 
 0.231538 -4.920730e-02 
 0.233534 -4.893589e-02 
 0.235530 -4.865932e-02 
 0.237526 -4.837775e-02 
 0.239522 -4.809136e-02 
 0.241518 -4.780031e-02 
 0.243514 -4.750476e-02 
 0.245510 -4.720489e-02 
 0.247506 -4.690084e-02 
 0.249502 -4.659277e-02 
 0.251498 -4.628085e-02 
 0.253494 -4.596523e-02 
 0.255490 -4.564605e-02 
 0.257486 -4.532346e-02 
 0.259482 -4.499762e-02 
 0.261478 -4.466867e-02 
 0.263474 -4.433675e-02 
 0.265470 -4.400201e-02 
 0.267466 -4.366457e-02 
 0.269462 -4.332459e-02 
 0.271458 -4.298219e-02 
 0.273454 -4.263750e-02 
 0.275450 -4.229066e-02 
 0.277446 -4.194179e-02 
 0.279442 -4.159102e-02 
 0.281438 -4.123848e-02 
 0.283434 -4.088428e-02 
 0.285430 -4.052855e-02 
 0.287426 -4.017140e-02 
 0.289422 -3.981295e-02 
 0.291418 -3.945331e-02 
 0.293414 -3.909260e-02 
 0.295410 -3.873092e-02 
 0.297406 -3.836838e-02 
 0.299402 -3.800509e-02 
 0.301398 -3.764115e-02 
 0.303394 -3.727666e-02 
 0.305390 -3.691173e-02 
 0.307386 -3.654644e-02 
 0.309382 -3.618090e-02 
 0.311378 -3.581521e-02 
 0.313374 -3.544944e-02 
 0.315370 -3.508370e-02 
 0.317366 -3.471808e-02 
 0.319362 -3.435265e-02 
 0.321358 -3.398751e-02 
 0.323354 -3.362273e-02 
 0.325350 -3.325840e-02 
 0.327346 -3.289460e-02 
 0.329342 -3.253140e-02 
 0.331338 -3.216889e-02 
 0.333334 -3.180713e-02 
 0.335330 -3.144620e-02 
 0.337326 -3.108617e-02 
 0.339322 -3.072710e-02 
 0.341318 -3.036908e-02 
 0.343314 -3.001215e-02 
 0.345310 -2.965639e-02 
 0.347306 -2.930186e-02 
 0.349302 -2.894862e-02 
 0.351298 -2.859673e-02 
 0.353294 -2.824625e-02 
 0.355290 -2.789723e-02 
 0.357286 -2.754973e-02 
 0.359282 -2.720380e-02 
 0.361278 -2.685949e-02 
 0.363274 -2.651686e-02 
 0.365270 -2.617595e-02 
 0.367266 -2.583681e-02 
 0.369262 -2.549949e-02 
 0.371258 -2.516402e-02 
 0.373254 -2.483046e-02 
 0.375250 -2.449885e-02 
 0.377246 -2.416922e-02 
 0.379242 -2.384161e-02 
 0.381238 -2.351607e-02 
 0.383234 -2.319262e-02 
 0.385230 -2.287131e-02 
 0.387226 -2.255216e-02 
 0.389222 -2.223521e-02 
 0.391218 -2.192049e-02 
 0.393214 -2.160803e-02 
 0.395210 -2.129786e-02 
 0.397206 -2.099000e-02 
 0.399202 -2.068449e-02 
 0.401198 -2.038134e-02 
 0.403194 -2.008058e-02 
 0.405190 -1.978224e-02 
 0.407186 -1.948633e-02 
 0.409182 -1.919287e-02 
 0.411178 -1.890189e-02 
 0.413174 -1.861341e-02 
 0.415170 -1.832743e-02 
 0.417166 -1.804399e-02 
 0.419162 -1.776308e-02 
 0.421158 -1.748474e-02 
 0.423154 -1.720896e-02 
 0.425150 -1.693577e-02 
 0.427146 -1.666517e-02 
 0.429142 -1.639717e-02 
 0.431138 -1.613180e-02 
 0.433134 -1.586904e-02 
 0.435130 -1.560892e-02 
 0.437126 -1.535144e-02 
 0.439122 -1.509660e-02 
 0.441118 -1.484440e-02 
 0.443114 -1.459487e-02 
 0.445110 -1.434799e-02 
 0.447106 -1.410377e-02 
 0.449102 -1.386221e-02 
 0.451098 -1.362331e-02 
 0.453094 -1.338708e-02 
 0.455090 -1.315351e-02 
 0.457086 -1.292260e-02 
 0.459082 -1.269435e-02 
 0.461078 -1.246876e-02 
 0.463074 -1.224582e-02 
 0.465070 -1.202553e-02 
 0.467066 -1.180789e-02 
 0.469062 -1.159289e-02 
 0.471058 -1.138053e-02 
 0.473054 -1.117080e-02 
 0.475050 -1.096369e-02 
 0.477046 -1.075919e-02 
 0.479042 -1.055731e-02 
 0.481038 -1.035802e-02 
 0.483034 -1.016133e-02 
 0.485030 -9.967216e-03 
 0.487026 -9.775674e-03 
 0.489022 -9.586693e-03 
 0.491018 -9.400262e-03 
 0.493014 -9.216369e-03 
 0.495010 -9.035003e-03 
 0.497006 -8.856150e-03 
 0.499002 -8.679798e-03 
 0.500999 -8.505934e-03 
 0.502995 -8.334544e-03 
 0.504991 -8.165613e-03 
 0.506987 -7.999128e-03 
 0.508983 -7.835074e-03 
 0.510979 -7.673436e-03 
 0.512975 -7.514198e-03 
 0.514971 -7.357344e-03 
 0.516967 -7.202859e-03 
 0.518963 -7.050725e-03 
 0.520959 -6.900926e-03 
 0.522955 -6.753445e-03 
 0.524951 -6.608264e-03 
 0.526947 -6.465365e-03 
 0.528943 -6.324732e-03 
 0.530939 -6.186347e-03 
 0.532935 -6.050191e-03 
 0.534931 -5.916245e-03 
 0.536927 -5.784493e-03 
 0.538923 -5.654914e-03 
 0.540919 -5.527490e-03 
 0.542915 -5.402201e-03 
 0.544911 -5.279027e-03 
 0.546907 -5.157950e-03 
 0.548903 -5.038948e-03 
 0.550899 -4.922002e-03 
 0.552895 -4.807093e-03 
 0.554891 -4.694199e-03 
 0.556887 -4.583300e-03 
 0.558883 -4.474377e-03 
 0.560879 -4.367408e-03 
 0.562875 -4.262373e-03 
 0.564871 -4.159251e-03 
 0.566867 -4.058021e-03 
 0.568863 -3.958664e-03 
 0.570859 -3.861157e-03 
 0.572855 -3.765480e-03 
 0.574851 -3.671611e-03 
 0.576847 -3.579530e-03 
 0.578843 -3.489216e-03 
 0.580839 -3.400648e-03 
 0.582835 -3.313803e-03 
 0.584831 -3.228663e-03 
 0.586827 -3.145204e-03 
 0.588823 -3.063407e-03 
 0.590819 -2.983250e-03 
 0.592815 -2.904712e-03 
 0.594811 -2.827771e-03 
 0.596807 -2.752407e-03 
 0.598803 -2.678598e-03 
 0.600799 -2.606324e-03 
 0.602795 -2.535563e-03 
 0.604791 -2.466295e-03 
 0.606787 -2.398498e-03 
 0.608783 -2.332153e-03 
 0.610779 -2.267238e-03 
 0.612775 -2.203733e-03 
 0.614771 -2.141617e-03 
 0.616767 -2.080870e-03 
 0.618763 -2.021472e-03 
 0.620759 -1.963401e-03 
 0.622755 -1.906638e-03 
 0.624751 -1.851163e-03 
 0.626747 -1.796956e-03 
 0.628743 -1.743996e-03 
 0.630739 -1.692263e-03 
 0.632735 -1.641740e-03 
 0.634731 -1.592405e-03 
 0.636727 -1.544239e-03 
 0.638723 -1.497224e-03 
 0.640719 -1.451339e-03 
 0.642715 -1.406566e-03 
 0.644711 -1.362886e-03 
 0.646707 -1.320279e-03 
 0.648703 -1.278728e-03 
 0.650699 -1.238214e-03 
 0.652695 -1.198719e-03 
 0.654691 -1.160223e-03 
 0.656687 -1.122710e-03 
 0.658683 -1.086162e-03 
 0.660679 -1.050560e-03 
 0.662675 -1.015887e-03 
 0.664671 -9.821263e-04 
 0.666667 -9.492599e-04 
 0.668663 -9.172709e-04 
 0.670659 -8.861424e-04 
 0.672655 -8.558577e-04 
 0.674651 -8.264003e-04 
 0.676647 -7.977537e-04 
 0.678643 -7.699018e-04 
 0.680639 -7.428284e-04 
 0.682635 -7.165177e-04 
 0.684631 -6.909539e-04 
 0.686627 -6.661217e-04 
 0.688623 -6.420056e-04 
 0.690619 -6.185904e-04 
 0.692615 -5.958613e-04 
 0.694611 -5.738033e-04 
 0.696607 -5.524020e-04 
 0.698603 -5.316428e-04 
 0.700599 -5.115116e-04 
 0.702595 -4.919942e-04 
 0.704591 -4.730769e-04 
 0.706587 -4.547459e-04 
 0.708583 -4.369877e-04 
 0.710579 -4.197890e-04 
 0.712575 -4.031367e-04 
 0.714571 -3.870179e-04 
 0.716567 -3.714197e-04 
 0.718563 -3.563297e-04 
 0.720559 -3.417354e-04 
 0.722555 -3.276247e-04 
 0.724551 -3.139856e-04 
 0.726547 -3.008061e-04 
 0.728543 -2.880747e-04 
 0.730539 -2.757800e-04 
 0.732535 -2.639106e-04 
 0.734531 -2.524554e-04 
 0.736527 -2.414037e-04 
 0.738523 -2.307446e-04 
 0.740519 -2.204676e-04 
 0.742515 -2.105624e-04 
 0.744511 -2.010188e-04 
 0.746507 -1.918267e-04 
 0.748503 -1.829765e-04 
 0.750499 -1.744583e-04 
 0.752495 -1.662629e-04 
 0.754491 -1.583808e-04 
 0.756487 -1.508030e-04 
 0.758483 -1.435205e-04 
 0.760479 -1.365246e-04 
 0.762475 -1.298067e-04 
 0.764471 -1.233584e-04 
 0.766467 -1.171713e-04 
 0.768463 -1.112375e-04 
 0.770459 -1.055489e-04 
 0.772455 -1.000980e-04 
 0.774451 -9.487692e-05 
 0.776447 -8.987840e-05 
 0.778443 -8.509515e-05 
 0.780439 -8.052005e-05 
 0.782435 -7.614614e-05 
 0.784431 -7.196665e-05 
 0.786427 -6.797492e-05 
 0.788423 -6.416449e-05 
 0.790419 -6.052900e-05 
 0.792415 -5.706230e-05 
 0.794411 -5.375834e-05 
 0.796407 -5.061124e-05 
 0.798403 -4.761525e-05 
 0.800399 -4.476477e-05 
 0.802395 -4.205435e-05 
 0.804391 -3.947868e-05 
 0.806387 -3.703256e-05 
 0.808383 -3.471096e-05 
 0.810379 -3.250899e-05 
 0.812375 -3.042186e-05 
 0.814371 -2.844495e-05 
 0.816367 -2.657374e-05 
 0.818363 -2.480386e-05 
 0.820359 -2.313104e-05 
 0.822355 -2.155116e-05 
 0.824351 -2.006020e-05 
 0.826347 -1.865428e-05 
 0.828343 -1.732962e-05 
 0.830339 -1.608257e-05 
 0.832335 -1.490959e-05 
 0.834332 -1.380726e-05 
 0.836328 -1.277226e-05 
 0.838324 -1.180138e-05 
 0.840320 -1.089152e-05 
 0.842316 -1.003969e-05 
 0.844312 -9.242996e-06 
 0.846308 -8.498652e-06 
 0.848304 -7.803964e-06 
 0.850300 -7.156339e-06 
 0.852296 -6.553281e-06 
 0.854292 -5.992384e-06 
 0.856288 -5.471338e-06 
 0.858284 -4.987920e-06 
 0.860280 -4.539996e-06 
 0.862276 -4.125518e-06 
 0.864272 -3.742522e-06 
 0.866268 -3.389126e-06 
 0.868264 -3.063528e-06 
 0.870260 -2.764003e-06 
 0.872256 -2.488905e-06 
 0.874252 -2.236659e-06 
 0.876248 -2.005766e-06 
 0.878244 -1.794794e-06 
 0.880240 -1.602382e-06 
 0.882236 -1.427236e-06 
 0.884232 -1.268128e-06 
 0.886228 -1.123890e-06 
 0.888224 -9.934180e-07 
 0.890220 -8.756652e-07 
 0.892216 -7.696444e-07 
 0.894212 -6.744236e-07 
 0.896208 -5.891238e-07 
 0.898204 -5.129182e-07 
 0.900200 -4.450303e-07 
 0.902196 -3.847328e-07 
 0.904192 -3.313447e-07 
 0.906188 -2.842291e-07 
 0.908184 -2.427923e-07 
 0.910180 -2.064822e-07 
 0.912176 -1.747869e-07 
 0.914172 -1.472322e-07 
 0.916168 -1.233795e-07 
 0.918164 -1.028244e-07 
 0.920160 -8.519604e-08 
 0.922156 -7.015511e-08 
 0.924152 -5.739187e-08 
 0.926148 -4.662371e-08 
 0.928144 -3.759422e-08 
 0.930140 -3.007227e-08 
 0.932136 -2.385066e-08 
 0.934132 -1.874390e-08 
 0.936128 -1.458608e-08 
 0.938124 -1.123005e-08 
 0.940120 -8.546642e-09 
 0.942116 -6.423438e-09 
 0.944112 -4.762749e-09 
 0.946108 -3.479548e-09 
 0.948104 -2.500872e-09 
 0.950100 -1.765166e-09 
 0.952096 -1.221342e-09 
 0.954092 -8.270256e-10 
 0.956088 -5.468092e-10 
 0.958084 -3.518310e-10 
 0.960080 -2.193326e-10 
 0.962076 -1.319965e-10 
 0.964072 -7.664761e-11 
 0.966068 -4.294565e-11 
 0.968064 -2.315128e-11 
 0.970060 -1.189990e-11 
 0.972056 -5.855713e-12 
 0.974052 -2.988347e-12 
 0.976048 -1.840556e-12 
 0.978044 -1.447133e-12 
 0.980040 -1.277245e-12 
 0.982036 -1.155000e-12 
 0.984032 -1.079510e-12 
 0.986028 -1.042427e-12 
 0.988024 -1.018376e-12 
 0.990020 -9.668475e-13 
 0.992016 -8.442329e-13 
 0.994012 -6.321701e-13 
 0.996008 -3.660237e-13 
 0.998004 -1.248750e-13 