
 1.000000e-06 -3.047453e-04 6.570528e-01 3.283741e-01  3.286788e-01
 1.027960e-06 -3.048732e-04 6.503796e-01 3.250373e-01  3.253422e-01
 1.056701e-06 -3.050040e-04 6.437685e-01 3.217317e-01  3.220367e-01
 1.086246e-06 -3.051377e-04 6.372190e-01 3.184569e-01  3.187621e-01
 1.116617e-06 -3.052745e-04 6.307307e-01 3.152127e-01  3.155180e-01
 1.147837e-06 -3.054143e-04 6.243030e-01 3.119988e-01  3.123042e-01
 1.179930e-06 -3.055574e-04 6.179354e-01 3.088149e-01  3.091205e-01
 1.212920e-06 -3.057037e-04 6.116273e-01 3.056608e-01  3.059665e-01
 1.246833e-06 -3.058533e-04 6.053783e-01 3.025362e-01  3.028421e-01
 1.281694e-06 -3.060063e-04 5.991879e-01 2.994409e-01  2.997469e-01
 1.317530e-06 -3.061628e-04 5.930555e-01 2.963747e-01  2.966808e-01
 1.354368e-06 -3.063228e-04 5.869806e-01 2.933371e-01  2.936435e-01
 1.392235e-06 -3.064864e-04 5.809628e-01 2.903282e-01  2.906346e-01
 1.431161e-06 -3.066538e-04 5.750015e-01 2.873474e-01  2.876541e-01
 1.471176e-06 -3.068249e-04 5.690963e-01 2.843948e-01  2.847016e-01
 1.512310e-06 -3.070000e-04 5.632467e-01 2.814699e-01  2.817769e-01
 1.554593e-06 -3.071790e-04 5.574522e-01 2.785725e-01  2.788797e-01
 1.598059e-06 -3.073620e-04 5.517123e-01 2.757025e-01  2.760098e-01
 1.642740e-06 -3.075492e-04 5.460265e-01 2.728595e-01  2.731670e-01
 1.688670e-06 -3.077406e-04 5.403945e-01 2.700434e-01  2.703511e-01
 1.735885e-06 -3.079364e-04 5.348156e-01 2.672538e-01  2.675618e-01
 1.784420e-06 -3.081366e-04 5.292895e-01 2.644907e-01  2.647988e-01
 1.834311e-06 -3.083413e-04 5.238157e-01 2.617537e-01  2.620620e-01
 1.885598e-06 -3.085506e-04 5.183938e-01 2.590426e-01  2.593512e-01
 1.938319e-06 -3.087647e-04 5.130232e-01 2.563572e-01  2.566660e-01
 1.992513e-06 -3.089836e-04 5.077035e-01 2.536973e-01  2.540063e-01
 2.048223e-06 -3.092074e-04 5.024344e-01 2.510626e-01  2.513718e-01
 2.105491e-06 -3.094364e-04 4.972153e-01 2.484529e-01  2.487624e-01
 2.164359e-06 -3.096704e-04 4.920458e-01 2.458681e-01  2.461778e-01
 2.224874e-06 -3.099098e-04 4.869256e-01 2.433078e-01  2.436177e-01
 2.287080e-06 -3.101546e-04 4.818540e-01 2.407719e-01  2.410821e-01
 2.351026e-06 -3.104049e-04 4.768308e-01 2.382602e-01  2.385706e-01
 2.416760e-06 -3.106608e-04 4.718556e-01 2.357724e-01  2.360831e-01
 2.484332e-06 -3.109225e-04 4.669278e-01 2.333084e-01  2.336193e-01
 2.553793e-06 -3.111901e-04 4.620470e-01 2.308679e-01  2.311791e-01
 2.625196e-06 -3.114638e-04 4.572130e-01 2.284508e-01  2.287622e-01
 2.698595e-06 -3.117436e-04 4.524251e-01 2.260567e-01  2.263684e-01
 2.774047e-06 -3.120297e-04 4.476832e-01 2.236856e-01  2.239976e-01
 2.851608e-06 -3.123223e-04 4.429866e-01 2.213372e-01  2.216495e-01
 2.931338e-06 -3.126215e-04 4.383351e-01 2.190113e-01  2.193239e-01
 3.013297e-06 -3.129274e-04 4.337283e-01 2.167077e-01  2.170206e-01
 3.097547e-06 -3.132401e-04 4.291657e-01 2.144262e-01  2.147395e-01
 3.184154e-06 -3.135600e-04 4.246470e-01 2.121667e-01  2.124803e-01
 3.273181e-06 -3.138870e-04 4.201717e-01 2.099289e-01  2.102428e-01
 3.364698e-06 -3.142214e-04 4.157395e-01 2.077127e-01  2.080269e-01
 3.458774e-06 -3.145633e-04 4.113501e-01 2.055178e-01  2.058323e-01
 3.555480e-06 -3.149128e-04 4.070029e-01 2.033440e-01  2.036589e-01
 3.654890e-06 -3.152703e-04 4.026978e-01 2.011912e-01  2.015065e-01
 3.757079e-06 -3.156358e-04 3.984342e-01 1.990593e-01  1.993749e-01
 3.862125e-06 -3.160095e-04 3.942118e-01 1.969479e-01  1.972639e-01
 3.970109e-06 -3.163915e-04 3.900303e-01 1.948569e-01  1.951733e-01
 4.081111e-06 -3.167822e-04 3.858893e-01 1.927862e-01  1.931030e-01
 4.195218e-06 -3.171817e-04 3.817884e-01 1.907356e-01  1.910528e-01
 4.312514e-06 -3.175901e-04 3.777272e-01 1.887048e-01  1.890224e-01
 4.433090e-06 -3.180076e-04 3.737055e-01 1.866938e-01  1.870118e-01
 4.557038e-06 -3.184346e-04 3.697229e-01 1.847022e-01  1.850207e-01
 4.684451e-06 -3.188711e-04 3.657790e-01 1.827300e-01  1.830489e-01
 4.815426e-06 -3.193174e-04 3.618734e-01 1.807771e-01  1.810964e-01
 4.950064e-06 -3.197737e-04 3.580059e-01 1.788431e-01  1.791628e-01
 5.088465e-06 -3.202402e-04 3.541761e-01 1.769279e-01  1.772482e-01
 5.230737e-06 -3.207172e-04 3.503836e-01 1.750315e-01  1.753522e-01
 5.376986e-06 -3.212048e-04 3.466282e-01 1.731535e-01  1.734747e-01
 5.527325e-06 -3.217034e-04 3.429095e-01 1.712939e-01  1.716156e-01
 5.681866e-06 -3.222132e-04 3.392271e-01 1.694524e-01  1.697746e-01
 5.840729e-06 -3.227343e-04 3.355807e-01 1.676290e-01  1.679517e-01
 6.004034e-06 -3.232672e-04 3.319701e-01 1.658234e-01  1.661467e-01
 6.171904e-06 -3.238119e-04 3.283948e-01 1.640355e-01  1.643593e-01
 6.344468e-06 -3.243688e-04 3.248547e-01 1.622652e-01  1.625895e-01
 6.521857e-06 -3.249382e-04 3.213493e-01 1.605122e-01  1.608371e-01
 6.704205e-06 -3.255203e-04 3.178783e-01 1.587764e-01  1.591019e-01
 6.891652e-06 -3.261154e-04 3.144415e-01 1.570577e-01  1.573838e-01
 7.084340e-06 -3.267238e-04 3.110385e-01 1.553559e-01  1.556826e-01
 7.282415e-06 -3.273458e-04 3.076690e-01 1.536708e-01  1.539982e-01
 7.486029e-06 -3.279817e-04 3.043327e-01 1.520024e-01  1.523304e-01
 7.695335e-06 -3.286318e-04 3.010294e-01 1.503504e-01  1.506790e-01
 7.910494e-06 -3.292963e-04 2.977587e-01 1.487147e-01  1.490440e-01
 8.131668e-06 -3.299757e-04 2.945203e-01 1.470952e-01  1.474251e-01
 8.359026e-06 -3.306703e-04 2.913140e-01 1.454917e-01  1.458223e-01
 8.592741e-06 -3.313803e-04 2.881394e-01 1.439040e-01  1.442354e-01
 8.832991e-06 -3.321062e-04 2.849962e-01 1.423321e-01  1.426642e-01
 9.079958e-06 -3.328483e-04 2.818842e-01 1.407757e-01  1.411085e-01
 9.333830e-06 -3.336069e-04 2.788031e-01 1.392348e-01  1.395684e-01
 9.594800e-06 -3.343823e-04 2.757527e-01 1.377091e-01  1.380435e-01
 9.863067e-06 -3.351751e-04 2.727325e-01 1.361987e-01  1.365338e-01
 1.013883e-05 -3.359855e-04 2.697424e-01 1.347032e-01  1.350392e-01
 1.042231e-05 -3.368139e-04 2.667821e-01 1.332226e-01  1.335594e-01
 1.071372e-05 -3.376608e-04 2.638512e-01 1.317568e-01  1.320945e-01
 1.101327e-05 -3.385265e-04 2.609497e-01 1.303056e-01  1.306441e-01
 1.132119e-05 -3.394114e-04 2.580770e-01 1.288688e-01  1.292082e-01
 1.163773e-05 -3.403160e-04 2.552331e-01 1.274464e-01  1.277867e-01
 1.196312e-05 -3.412407e-04 2.524176e-01 1.260382e-01  1.263794e-01
 1.229760e-05 -3.421860e-04 2.496303e-01 1.246441e-01  1.249863e-01
 1.264144e-05 -3.431523e-04 2.468710e-01 1.232639e-01  1.236071e-01
 1.299489e-05 -3.441400e-04 2.441393e-01 1.218976e-01  1.222417e-01
 1.335822e-05 -3.451496e-04 2.414350e-01 1.205449e-01  1.208901e-01
 1.373171e-05 -3.461816e-04 2.387578e-01 1.192058e-01  1.195520e-01
 1.411564e-05 -3.472366e-04 2.361076e-01 1.178802e-01  1.182274e-01
 1.451031e-05 -3.483149e-04 2.334840e-01 1.165679e-01  1.169162e-01
 1.491601e-05 -3.494171e-04 2.308869e-01 1.152687e-01  1.156181e-01
 1.533306e-05 -3.505438e-04 2.283159e-01 1.139827e-01  1.143332e-01
 1.576176e-05 -3.516954e-04 2.257708e-01 1.127096e-01  1.130613e-01
 1.620246e-05 -3.528726e-04 2.232515e-01 1.114493e-01  1.118022e-01
 1.665547e-05 -3.540758e-04 2.207576e-01 1.102017e-01  1.105558e-01
 1.712115e-05 -3.553056e-04 2.182889e-01 1.089668e-01  1.093221e-01
 1.759985e-05 -3.565627e-04 2.158451e-01 1.077443e-01  1.081009e-01
 1.809194e-05 -3.578476e-04 2.134262e-01 1.065342e-01  1.068920e-01
 1.859778e-05 -3.591609e-04 2.110317e-01 1.053363e-01  1.056954e-01
 1.911777e-05 -3.605032e-04 2.086616e-01 1.041505e-01  1.045110e-01
 1.965229e-05 -3.618752e-04 2.063155e-01 1.029768e-01  1.033387e-01
 2.020176e-05 -3.632776e-04 2.039932e-01 1.018150e-01  1.021783e-01
 2.076659e-05 -3.647109e-04 2.016946e-01 1.006650e-01  1.010297e-01
 2.134722e-05 -3.661759e-04 1.994194e-01 9.952661e-02  9.989278e-02
 2.194408e-05 -3.676732e-04 1.971673e-01 9.839983e-02  9.876751e-02
 2.255763e-05 -3.692035e-04 1.949383e-01 9.728452e-02  9.765373e-02
 2.318833e-05 -3.707677e-04 1.927319e-01 9.618057e-02  9.655134e-02
 2.383667e-05 -3.723663e-04 1.905481e-01 9.508787e-02  9.546024e-02
 2.450313e-05 -3.740002e-04 1.883866e-01 9.400631e-02  9.438031e-02
 2.518823e-05 -3.756701e-04 1.862473e-01 9.293580e-02  9.331147e-02
 2.589248e-05 -3.773768e-04 1.841298e-01 9.187621e-02  9.225359e-02
 2.661642e-05 -3.791211e-04 1.820340e-01 9.082746e-02  9.120658e-02
 2.736061e-05 -3.809038e-04 1.799598e-01 8.978944e-02  9.017034e-02
 2.812560e-05 -3.827257e-04 1.779068e-01 8.876204e-02  8.914476e-02
 2.891198e-05 -3.845878e-04 1.758749e-01 8.774516e-02  8.812975e-02
 2.972035e-05 -3.864909e-04 1.738639e-01 8.673872e-02  8.712521e-02
 3.055132e-05 -3.884358e-04 1.718736e-01 8.574260e-02  8.613103e-02
 3.140552e-05 -3.904234e-04 1.699038e-01 8.475671e-02  8.514713e-02
 3.228361e-05 -3.924548e-04 1.679543e-01 8.378094e-02  8.417340e-02
 3.318624e-05 -3.945308e-04 1.660250e-01 8.281521e-02  8.320974e-02
 3.411412e-05 -3.966524e-04 1.641155e-01 8.185942e-02  8.225607e-02
 3.506793e-05 -3.988206e-04 1.622258e-01 8.091347e-02  8.131229e-02
 3.604842e-05 -4.010364e-04 1.603556e-01 7.997727e-02  8.037831e-02
 3.705632e-05 -4.033009e-04 1.585047e-01 7.905072e-02  7.945402e-02
 3.809240e-05 -4.056150e-04 1.566731e-01 7.813373e-02  7.853935e-02
 3.915745e-05 -4.079799e-04 1.548604e-01 7.722621e-02  7.763419e-02
 4.025227e-05 -4.103966e-04 1.530665e-01 7.632807e-02  7.673847e-02
 4.137771e-05 -4.128663e-04 1.512913e-01 7.543922e-02  7.585208e-02
 4.253462e-05 -4.153902e-04 1.495345e-01 7.455956e-02  7.497495e-02
 4.372387e-05 -4.179693e-04 1.477960e-01 7.368901e-02  7.410698e-02
 4.494637e-05 -4.206049e-04 1.460756e-01 7.282748e-02  7.324808e-02
 4.620305e-05 -4.232982e-04 1.443731e-01 7.197488e-02  7.239818e-02
 4.749487e-05 -4.260504e-04 1.426883e-01 7.113113e-02  7.155718e-02
 4.882281e-05 -4.288629e-04 1.410211e-01 7.029613e-02  7.072499e-02
 5.018787e-05 -4.317368e-04 1.393714e-01 6.946981e-02  6.990154e-02
 5.159111e-05 -4.346736e-04 1.377388e-01 6.865207e-02  6.908675e-02
 5.303357e-05 -4.376746e-04 1.361234e-01 6.784284e-02  6.828052e-02
 5.451637e-05 -4.407411e-04 1.345248e-01 6.704203e-02  6.748277e-02
 5.604063e-05 -4.438746e-04 1.329430e-01 6.624956e-02  6.669343e-02
 5.760750e-05 -4.470765e-04 1.313778e-01 6.546534e-02  6.591241e-02
 5.921818e-05 -4.503484e-04 1.298289e-01 6.468929e-02  6.513964e-02
 6.087390e-05 -4.536916e-04 1.282964e-01 6.392134e-02  6.437503e-02
 6.257591e-05 -4.571077e-04 1.267799e-01 6.316140e-02  6.361851e-02
 6.432551e-05 -4.605983e-04 1.252794e-01 6.240940e-02  6.287000e-02
 6.612403e-05 -4.641650e-04 1.237947e-01 6.166525e-02  6.212942e-02
 6.797283e-05 -4.678095e-04 1.223256e-01 6.092888e-02  6.139669e-02
 6.987332e-05 -4.715333e-04 1.208719e-01 6.020020e-02  6.067174e-02
 7.182695e-05 -4.753382e-04 1.194336e-01 5.947915e-02  5.995449e-02
 7.383520e-05 -4.792260e-04 1.180105e-01 5.876564e-02  5.924487e-02
 7.589961e-05 -4.831983e-04 1.166024e-01 5.805961e-02  5.854280e-02
 7.802173e-05 -4.872571e-04 1.152092e-01 5.736096e-02  5.784822e-02
 8.020319e-05 -4.914041e-04 1.138307e-01 5.666964e-02  5.716104e-02
 8.244563e-05 -4.956413e-04 1.124668e-01 5.598556e-02  5.648121e-02
 8.475078e-05 -4.999705e-04 1.111173e-01 5.530866e-02  5.580863e-02
 8.712038e-05 -5.043939e-04 1.097821e-01 5.463886e-02  5.514325e-02
 8.955623e-05 -5.089133e-04 1.084611e-01 5.397608e-02  5.448500e-02
 9.206019e-05 -5.135308e-04 1.071541e-01 5.332026e-02  5.383380e-02
 9.463415e-05 -5.182485e-04 1.058609e-01 5.267133e-02  5.318958e-02
 9.728009e-05 -5.230686e-04 1.045815e-01 5.202921e-02  5.255228e-02
 1.000000e-04 -5.279932e-04 1.033157e-01 5.139384e-02  5.192183e-02
 1.027960e-04 -5.330246e-04 1.020633e-01 5.076514e-02  5.129817e-02
 1.056701e-04 -5.381650e-04 1.008243e-01 5.014305e-02  5.068122e-02
 1.086246e-04 -5.434168e-04 9.959842e-02 4.952750e-02  5.007092e-02
 1.116617e-04 -5.487824e-04 9.838562e-02 4.891842e-02  4.946720e-02
 1.147837e-04 -5.542642e-04 9.718574e-02 4.831574e-02  4.887000e-02
 1.179930e-04 -5.598646e-04 9.599866e-02 4.771940e-02  4.827926e-02
 1.212920e-04 -5.655861e-04 9.482424e-02 4.712933e-02  4.769491e-02
 1.246833e-04 -5.714315e-04 9.366236e-02 4.654546e-02  4.711689e-02
 1.281694e-04 -5.774032e-04 9.251288e-02 4.596774e-02  4.654514e-02
 1.317530e-04 -5.835040e-04 9.137567e-02 4.539608e-02  4.597959e-02
 1.354368e-04 -5.897367e-04 9.025062e-02 4.483044e-02  4.542018e-02
 1.392235e-04 -5.961040e-04 8.913760e-02 4.427075e-02  4.486685e-02
 1.431161e-04 -6.026087e-04 8.803649e-02 4.371694e-02  4.431955e-02
 1.471176e-04 -6.092539e-04 8.694716e-02 4.316895e-02  4.377820e-02
 1.512310e-04 -6.160425e-04 8.586948e-02 4.262672e-02  4.324276e-02
 1.554593e-04 -6.229775e-04 8.480335e-02 4.209019e-02  4.271316e-02
 1.598059e-04 -6.300621e-04 8.374864e-02 4.155929e-02  4.218935e-02
 1.642740e-04 -6.372994e-04 8.270523e-02 4.103397e-02  4.167126e-02
 1.688670e-04 -6.446927e-04 8.167300e-02 4.051416e-02  4.115885e-02
 1.735885e-04 -6.522452e-04 8.065184e-02 3.999980e-02  4.065204e-02
 1.784420e-04 -6.599604e-04 7.964164e-02 3.949084e-02  4.015080e-02
 1.834311e-04 -6.678417e-04 7.864227e-02 3.898721e-02  3.965505e-02
 1.885598e-04 -6.758926e-04 7.765362e-02 3.848886e-02  3.916475e-02
 1.938319e-04 -6.841167e-04 7.667558e-02 3.799573e-02  3.867985e-02
 1.992513e-04 -6.925177e-04 7.570803e-02 3.750776e-02  3.820028e-02
 2.048223e-04 -7.010994e-04 7.475088e-02 3.702489e-02  3.772599e-02
 2.105491e-04 -7.098654e-04 7.380400e-02 3.654707e-02  3.725693e-02
 2.164359e-04 -7.188198e-04 7.286728e-02 3.607423e-02  3.679305e-02
 2.224874e-04 -7.279665e-04 7.194062e-02 3.560633e-02  3.633429e-02
 2.287080e-04 -7.373097e-04 7.102391e-02 3.514330e-02  3.588061e-02
 2.351026e-04 -7.468533e-04 7.011705e-02 3.468510e-02  3.543195e-02
 2.416760e-04 -7.566018e-04 6.921991e-02 3.423166e-02  3.498826e-02
 2.484332e-04 -7.665593e-04 6.833241e-02 3.378293e-02  3.454949e-02
 2.553793e-04 -7.767304e-04 6.745444e-02 3.333886e-02  3.411559e-02
 2.625196e-04 -7.871195e-04 6.658589e-02 3.289938e-02  3.368650e-02
 2.698595e-04 -7.977312e-04 6.572666e-02 3.246446e-02  3.326219e-02
 2.774047e-04 -8.085703e-04 6.487664e-02 3.203404e-02  3.284261e-02
 2.851608e-04 -8.196415e-04 6.403575e-02 3.160805e-02  3.242769e-02
 2.931338e-04 -8.309497e-04 6.320386e-02 3.118646e-02  3.201741e-02
 3.013297e-04 -8.424999e-04 6.238090e-02 3.076920e-02  3.161170e-02
 3.097547e-04 -8.542972e-04 6.156675e-02 3.035622e-02  3.121052e-02
 3.184154e-04 -8.663469e-04 6.076131e-02 2.994748e-02  3.081383e-02
 3.273181e-04 -8.786541e-04 5.996450e-02 2.954292e-02  3.042158e-02
 3.364698e-04 -8.912245e-04 5.917622e-02 2.914250e-02  3.003372e-02
 3.458774e-04 -9.040634e-04 5.839636e-02 2.874615e-02  2.965021e-02
 3.555480e-04 -9.171766e-04 5.762483e-02 2.835383e-02  2.927100e-02
 3.654890e-04 -9.305698e-04 5.686154e-02 2.796549e-02  2.889606e-02
 3.757079e-04 -9.442489e-04 5.610639e-02 2.758107e-02  2.852532e-02
 3.862125e-04 -9.582199e-04 5.535930e-02 2.720054e-02  2.815876e-02
 3.970109e-04 -9.724890e-04 5.462016e-02 2.682384e-02  2.779632e-02
 4.081111e-04 -9.870624e-04 5.388889e-02 2.645091e-02  2.743797e-02
 4.195218e-04 -1.001946e-03 5.316539e-02 2.608172e-02  2.708367e-02
 4.312514e-04 -1.017148e-03 5.244957e-02 2.571621e-02  2.673336e-02
 4.433090e-04 -1.032673e-03 5.174135e-02 2.535434e-02  2.638701e-02
 4.557038e-04 -1.048529e-03 5.104063e-02 2.499605e-02  2.604458e-02
 4.684451e-04 -1.064723e-03 5.034732e-02 2.464130e-02  2.570602e-02
 4.815426e-04 -1.081261e-03 4.966134e-02 2.429004e-02  2.537130e-02
 4.950064e-04 -1.098151e-03 4.898260e-02 2.394222e-02  2.504038e-02
 5.088465e-04 -1.115401e-03 4.831101e-02 2.359780e-02  2.471321e-02
 5.230737e-04 -1.133018e-03 4.764649e-02 2.325673e-02  2.438975e-02
 5.376986e-04 -1.151009e-03 4.698894e-02 2.291897e-02  2.406997e-02
 5.527325e-04 -1.169382e-03 4.633829e-02 2.258445e-02  2.375384e-02
 5.681866e-04 -1.188146e-03 4.569445e-02 2.225315e-02  2.344130e-02
 5.840729e-04 -1.207309e-03 4.505733e-02 2.192501e-02  2.313232e-02
 6.004034e-04 -1.226879e-03 4.442685e-02 2.159999e-02  2.282686e-02
 6.171904e-04 -1.246864e-03 4.380293e-02 2.127803e-02  2.252490e-02
 6.344468e-04 -1.267273e-03 4.318548e-02 2.095911e-02  2.222638e-02
 6.521857e-04 -1.288115e-03 4.257443e-02 2.064316e-02  2.193127e-02
 6.704205e-04 -1.309400e-03 4.196969e-02 2.033014e-02  2.163954e-02
 6.891652e-04 -1.331136e-03 4.137118e-02 2.002002e-02  2.135116e-02
 7.084340e-04 -1.353333e-03 4.077881e-02 1.971274e-02  2.106607e-02
 7.282415e-04 -1.376000e-03 4.019252e-02 1.940826e-02  2.078426e-02
 7.486029e-04 -1.399147e-03 3.961221e-02 1.910653e-02  2.050568e-02
 7.695335e-04 -1.422785e-03 3.903781e-02 1.880751e-02  2.023030e-02
 7.910494e-04 -1.446924e-03 3.846925e-02 1.851116e-02  1.995809e-02
 8.131668e-04 -1.471573e-03 3.790643e-02 1.821743e-02  1.968900e-02
 8.359026e-04 -1.496744e-03 3.734929e-02 1.792627e-02  1.942302e-02
 8.592741e-04 -1.522448e-03 3.679775e-02 1.763765e-02  1.916010e-02
 8.832991e-04 -1.548696e-03 3.625173e-02 1.735151e-02  1.890021e-02
 9.079958e-04 -1.575498e-03 3.571114e-02 1.706782e-02  1.864332e-02
 9.333830e-04 -1.602868e-03 3.517593e-02 1.678653e-02  1.838940e-02
 9.594800e-04 -1.630816e-03 3.464600e-02 1.650759e-02  1.813841e-02
 9.863067e-04 -1.659354e-03 3.412129e-02 1.623097e-02  1.789032e-02
 1.013883e-03 -1.688495e-03 3.360171e-02 1.595661e-02  1.764510e-02
 1.042231e-03 -1.718252e-03 3.308720e-02 1.568448e-02  1.740273e-02
 1.071372e-03 -1.748637e-03 3.257768e-02 1.541452e-02  1.716316e-02
 1.101327e-03 -1.779663e-03 3.207308e-02 1.514671e-02  1.692637e-02
 1.132119e-03 -1.811344e-03 3.157331e-02 1.488099e-02  1.669233e-02
 1.163773e-03 -1.843693e-03 3.107832e-02 1.461731e-02  1.646101e-02
 1.196312e-03 -1.876724e-03 3.058801e-02 1.435564e-02  1.623237e-02
 1.229760e-03 -1.910452e-03 3.010233e-02 1.409594e-02  1.600639e-02
 1.264144e-03 -1.944891e-03 2.962120e-02 1.383815e-02  1.578304e-02
 1.299489e-03 -1.980055e-03 2.914454e-02 1.358224e-02  1.556230e-02
 1.335822e-03 -2.015960e-03 2.867228e-02 1.332816e-02  1.534412e-02
 1.373171e-03 -2.052621e-03 2.820436e-02 1.307587e-02  1.512849e-02
 1.411564e-03 -2.090054e-03 2.774070e-02 1.282532e-02  1.491537e-02
 1.451031e-03 -2.128275e-03 2.728122e-02 1.257647e-02  1.470475e-02
 1.491601e-03 -2.167300e-03 2.682586e-02 1.232928e-02  1.449658e-02
 1.533306e-03 -2.207145e-03 2.637455e-02 1.208370e-02  1.429085e-02
 1.576176e-03 -2.247829e-03 2.592721e-02 1.183969e-02  1.408752e-02
 1.620246e-03 -2.289368e-03 2.548377e-02 1.159720e-02  1.388657e-02
 1.665547e-03 -2.331779e-03 2.504417e-02 1.135620e-02  1.368798e-02
 1.712115e-03 -2.375082e-03 2.460834e-02 1.111663e-02  1.349171e-02
 1.759985e-03 -2.419293e-03 2.417619e-02 1.087845e-02  1.329774e-02
 1.809194e-03 -2.464433e-03 2.374767e-02 1.064162e-02  1.310605e-02
 1.859778e-03 -2.510521e-03 2.332271e-02 1.040609e-02  1.291661e-02
 1.911777e-03 -2.557574e-03 2.290123e-02 1.017183e-02  1.272940e-02
 1.965229e-03 -2.605615e-03 2.248316e-02 9.938772e-03  1.254439e-02
 2.020176e-03 -2.654663e-03 2.206844e-02 9.706888e-03  1.236155e-02
 2.076659e-03 -2.704738e-03 2.165699e-02 9.476127e-03  1.218087e-02
 2.134722e-03 -2.755863e-03 2.124875e-02 9.246445e-03  1.200231e-02
 2.194408e-03 -2.808057e-03 2.084365e-02 9.017797e-03  1.182585e-02
 2.255763e-03 -2.861345e-03 2.044162e-02 8.790137e-03  1.165148e-02
 2.318833e-03 -2.915746e-03 2.004258e-02 8.563419e-03  1.147917e-02
 2.383667e-03 -2.971286e-03 1.964648e-02 8.337598e-03  1.130888e-02
 2.450313e-03 -3.027986e-03 1.925324e-02 8.112627e-03  1.114061e-02
 2.518823e-03 -3.085871e-03 1.886279e-02 7.888460e-03  1.097433e-02
 2.589248e-03 -3.144965e-03 1.847507e-02 7.665052e-03  1.081002e-02
 2.661642e-03 -3.205292e-03 1.809000e-02 7.442354e-03  1.064765e-02
 2.736061e-03 -3.266877e-03 1.770752e-02 7.220321e-03  1.048720e-02
 2.812560e-03 -3.329747e-03 1.732756e-02 6.998905e-03  1.032865e-02
 2.891198e-03 -3.393926e-03 1.695004e-02 6.778058e-03  1.017198e-02
 2.972035e-03 -3.459442e-03 1.657491e-02 6.557733e-03  1.001718e-02
 3.055132e-03 -3.526322e-03 1.620209e-02 6.337883e-03  9.864205e-03
 3.140552e-03 -3.594592e-03 1.583151e-02 6.118459e-03  9.713051e-03
 3.228361e-03 -3.664282e-03 1.546311e-02 5.899412e-03  9.563694e-03
 3.318624e-03 -3.735420e-03 1.509681e-02 5.680694e-03  9.416114e-03
 3.411412e-03 -3.808034e-03 1.473255e-02 5.462256e-03  9.270291e-03
 3.506793e-03 -3.882155e-03 1.437025e-02 5.244049e-03  9.126204e-03
 3.604842e-03 -3.957812e-03 1.400986e-02 5.026023e-03  8.983835e-03
 3.705632e-03 -4.035036e-03 1.365129e-02 4.808128e-03  8.843164e-03
 3.809240e-03 -4.113858e-03 1.329449e-02 4.590315e-03  8.704172e-03
 3.915745e-03 -4.194309e-03 1.293937e-02 4.372532e-03  8.566841e-03
 4.025227e-03 -4.276423e-03 1.258588e-02 4.154728e-03  8.431152e-03
 4.137771e-03 -4.360232e-03 1.223394e-02 3.936854e-03  8.297086e-03
 4.253462e-03 -4.445769e-03 1.188348e-02 3.718856e-03  8.164625e-03
 4.372387e-03 -4.533068e-03 1.153444e-02 3.500685e-03  8.033752e-03
 4.494637e-03 -4.622163e-03 1.118674e-02 3.282286e-03  7.904449e-03
 4.620305e-03 -4.713090e-03 1.084031e-02 3.063609e-03  7.776698e-03
 4.749487e-03 -4.805883e-03 1.049508e-02 2.844599e-03  7.650483e-03
 4.882281e-03 -4.900580e-03 1.015099e-02 2.625205e-03  7.525785e-03
 5.018787e-03 -4.997216e-03 9.807962e-03 2.405373e-03  7.402589e-03
 5.159111e-03 -5.095829e-03 9.465925e-03 2.185048e-03  7.280877e-03
 5.303357e-03 -5.196457e-03 9.124811e-03 1.964177e-03  7.160634e-03
 5.451637e-03 -5.299138e-03 8.784548e-03 1.742705e-03  7.041843e-03
 5.604063e-03 -5.403910e-03 8.445066e-03 1.520578e-03  6.924488e-03
 5.760750e-03 -5.510813e-03 8.106294e-03 1.297740e-03  6.808554e-03
 5.921818e-03 -5.619888e-03 7.768160e-03 1.074136e-03  6.694024e-03
 6.087390e-03 -5.731174e-03 7.430594e-03 8.497103e-04  6.580884e-03
 6.257591e-03 -5.844712e-03 7.093525e-03 6.244065e-04  6.469119e-03
 6.432551e-03 -5.960544e-03 6.756881e-03 3.981683e-04  6.358713e-03
 6.612403e-03 -6.078713e-03 6.420590e-03 1.709390e-04  6.249652e-03
 6.797283e-03 -6.199259e-03 6.084582e-03 -5.733839e-05  6.141921e-03
 6.987332e-03 -6.322227e-03 5.748785e-03 -2.867212e-04  6.035506e-03
 7.182695e-03 -6.447660e-03 5.413127e-03 -5.172669e-04  5.930393e-03
 7.383520e-03 -6.575602e-03 5.077535e-03 -7.490334e-04  5.826569e-03
 7.589961e-03 -6.706098e-03 4.741940e-03 -9.820788e-04  5.724019e-03
 7.802173e-03 -6.839191e-03 4.406268e-03 -1.216461e-03  5.622729e-03
 8.020319e-03 -6.974928e-03 4.070448e-03 -1.452240e-03  5.522688e-03
 8.244563e-03 -7.113354e-03 3.734408e-03 -1.689473e-03  5.423881e-03
 8.475078e-03 -7.254515e-03 3.398076e-03 -1.928219e-03  5.326295e-03
 8.712038e-03 -7.398457e-03 3.061380e-03 -2.168538e-03  5.229919e-03
 8.955623e-03 -7.545228e-03 2.724249e-03 -2.410489e-03  5.134739e-03
 9.206019e-03 -7.694874e-03 2.386611e-03 -2.654132e-03  5.040743e-03
 9.463415e-03 -7.847444e-03 2.048394e-03 -2.899525e-03  4.947919e-03
 9.728009e-03 -8.002984e-03 1.709526e-03 -3.146729e-03  4.856255e-03
 1.000000e-02 -8.161542e-03 1.369936e-03 -3.395803e-03  4.765739e-03
 1.027960e-02 -8.323167e-03 1.029554e-03 -3.646807e-03  4.676360e-03
 1.056701e-02 -8.487908e-03 6.883064e-04 -3.899801e-03  4.588107e-03
 1.086246e-02 -8.655812e-03 3.461236e-04 -4.154844e-03  4.500968e-03
 1.116617e-02 -8.826930e-03 2.934531e-06 -4.411998e-03  4.414932e-03
 1.147837e-02 -9.001309e-03 -3.413317e-04 -4.671321e-03  4.329989e-03
 1.179930e-02 -9.179000e-03 -6.867457e-04 -4.932873e-03  4.246127e-03
 1.212920e-02 -9.360052e-03 -1.033378e-03 -5.196715e-03  4.163337e-03
 1.246833e-02 -9.544514e-03 -1.381298e-03 -5.462906e-03  4.081608e-03
 1.281694e-02 -9.732437e-03 -1.730577e-03 -5.731507e-03  4.000930e-03
 1.317530e-02 -9.923870e-03 -2.081284e-03 -6.002577e-03  3.921293e-03
 1.354368e-02 -1.011886e-02 -2.433489e-03 -6.276176e-03  3.842687e-03
 1.392235e-02 -1.031747e-02 -2.787261e-03 -6.552364e-03  3.765104e-03
 1.431161e-02 -1.051973e-02 -3.142669e-03 -6.831201e-03  3.688532e-03
 1.471176e-02 -1.072571e-02 -3.499783e-03 -7.112747e-03  3.612964e-03
 1.512310e-02 -1.093545e-02 -3.858671e-03 -7.397061e-03  3.538390e-03
 1.554593e-02 -1.114900e-02 -4.219403e-03 -7.684204e-03  3.464801e-03
 1.598059e-02 -1.136642e-02 -4.582046e-03 -7.974234e-03  3.392189e-03
 1.642740e-02 -1.158776e-02 -4.946669e-03 -8.267213e-03  3.320544e-03
 1.688670e-02 -1.181306e-02 -5.313341e-03 -8.563200e-03  3.249859e-03
 1.735885e-02 -1.204238e-02 -5.682130e-03 -8.862255e-03  3.180125e-03
 1.784420e-02 -1.227577e-02 -6.053104e-03 -9.164439e-03  3.111335e-03
 1.834311e-02 -1.251329e-02 -6.426332e-03 -9.469812e-03  3.043480e-03
 1.885598e-02 -1.275499e-02 -6.801883e-03 -9.778435e-03  2.976552e-03
 1.938319e-02 -1.300091e-02 -7.179825e-03 -1.009037e-02  2.910544e-03
 1.992513e-02 -1.325112e-02 -7.560227e-03 -1.040568e-02  2.845449e-03
 2.048223e-02 -1.350567e-02 -7.943158e-03 -1.072442e-02  2.781258e-03
 2.105491e-02 -1.376462e-02 -8.328686e-03 -1.104665e-02  2.717965e-03
 2.164359e-02 -1.402801e-02 -8.716879e-03 -1.137244e-02  2.655564e-03
 2.224874e-02 -1.429589e-02 -9.107803e-03 -1.170185e-02  2.594046e-03
 2.287080e-02 -1.456833e-02 -9.501523e-03 -1.203493e-02  2.533405e-03
 2.351026e-02 -1.484537e-02 -9.898098e-03 -1.237173e-02  2.473634e-03
 2.416760e-02 -1.512705e-02 -1.029759e-02 -1.271232e-02  2.414728e-03
 2.484332e-02 -1.541341e-02 -1.070005e-02 -1.305673e-02  2.356679e-03
 2.553793e-02 -1.570451e-02 -1.110554e-02 -1.340502e-02  2.299482e-03
 2.625196e-02 -1.600037e-02 -1.151411e-02 -1.375724e-02  2.243130e-03
 2.698595e-02 -1.630103e-02 -1.192579e-02 -1.411341e-02  2.187617e-03
 2.774047e-02 -1.660652e-02 -1.234064e-02 -1.447358e-02  2.132938e-03
 2.851608e-02 -1.691686e-02 -1.275869e-02 -1.483778e-02  2.079087e-03
 2.931338e-02 -1.723209e-02 -1.317997e-02 -1.520603e-02  2.026058e-03
 3.013297e-02 -1.755220e-02 -1.360451e-02 -1.557836e-02  1.973845e-03
 3.097547e-02 -1.787722e-02 -1.403233e-02 -1.595478e-02  1.922443e-03
 3.184154e-02 -1.820715e-02 -1.446345e-02 -1.633530e-02  1.871848e-03
 3.273181e-02 -1.854198e-02 -1.489787e-02 -1.671993e-02  1.822053e-03
 3.364698e-02 -1.888171e-02 -1.533560e-02 -1.710866e-02  1.773054e-03
 3.458774e-02 -1.922633e-02 -1.577664e-02 -1.750148e-02  1.724845e-03
 3.555480e-02 -1.957581e-02 -1.622097e-02 -1.789839e-02  1.677422e-03
 3.654890e-02 -1.993014e-02 -1.666858e-02 -1.829936e-02  1.630780e-03
 3.757079e-02 -2.028928e-02 -1.711945e-02 -1.870436e-02  1.584915e-03
 3.862125e-02 -2.065318e-02 -1.757354e-02 -1.911336e-02  1.539821e-03
 3.970109e-02 -2.102181e-02 -1.803082e-02 -1.952631e-02  1.495494e-03
 4.081111e-02 -2.139509e-02 -1.849123e-02 -1.994316e-02  1.451930e-03
 4.195218e-02 -2.177297e-02 -1.895473e-02 -2.036385e-02  1.409124e-03
 4.312514e-02 -2.215537e-02 -1.942123e-02 -2.078830e-02  1.367072e-03
 4.433090e-02 -2.254219e-02 -1.989065e-02 -2.121642e-02  1.325769e-03
 4.557038e-02 -2.293334e-02 -2.036292e-02 -2.164813e-02  1.285212e-03
 4.684451e-02 -2.332870e-02 -2.083791e-02 -2.208330e-02  1.245396e-03
 4.815426e-02 -2.372814e-02 -2.131550e-02 -2.252182e-02  1.206318e-03
 4.950064e-02 -2.413151e-02 -2.179557e-02 -2.296354e-02  1.167973e-03
 5.088465e-02 -2.453867e-02 -2.227795e-02 -2.340831e-02  1.130356e-03
 5.230737e-02 -2.494942e-02 -2.276249e-02 -2.385595e-02  1.093466e-03
 5.376986e-02 -2.536357e-02 -2.324898e-02 -2.430628e-02  1.057296e-03
 5.527325e-02 -2.578092e-02 -2.373723e-02 -2.475908e-02  1.021844e-03
 5.681866e-02 -2.620123e-02 -2.422702e-02 -2.521412e-02  9.871054e-04
 5.840729e-02 -2.662425e-02 -2.471809e-02 -2.567117e-02  9.530766e-04
 6.004034e-02 -2.704970e-02 -2.521019e-02 -2.612994e-02  9.197536e-04
 6.171904e-02 -2.747728e-02 -2.570302e-02 -2.659015e-02  8.871328e-04
 6.344468e-02 -2.790668e-02 -2.619626e-02 -2.705147e-02  8.552102e-04
 6.521857e-02 -2.833755e-02 -2.668959e-02 -2.751357e-02  8.239820e-04
 6.704205e-02 -2.876952e-02 -2.718263e-02 -2.797608e-02  7.934444e-04
 6.891652e-02 -2.920219e-02 -2.767500e-02 -2.843859e-02  7.635935e-04
 7.084340e-02 -2.963512e-02 -2.816627e-02 -2.890069e-02  7.344254e-04
 7.282415e-02 -3.006785e-02 -2.865598e-02 -2.936192e-02  7.059363e-04
 7.486029e-02 -3.049990e-02 -2.914366e-02 -2.982178e-02  6.781222e-04
 7.695335e-02 -3.093074e-02 -2.962878e-02 -3.027976e-02  6.509790e-04
 7.910494e-02 -3.135981e-02 -3.011080e-02 -3.073530e-02  6.245028e-04
 8.131668e-02 -3.178650e-02 -3.058912e-02 -3.118781e-02  5.986894e-04
 8.359026e-02 -3.221020e-02 -3.106313e-02 -3.163667e-02  5.735346e-04
 8.592741e-02 -3.263022e-02 -3.153215e-02 -3.208119e-02  5.490342e-04
 8.832991e-02 -3.304586e-02 -3.199549e-02 -3.252068e-02  5.251838e-04
 9.079958e-02 -3.345636e-02 -3.245240e-02 -3.295438e-02  5.019790e-04
 9.333830e-02 -3.386092e-02 -3.290209e-02 -3.338151e-02  4.794151e-04
 9.594800e-02 -3.425871e-02 -3.334373e-02 -3.380122e-02  4.574876e-04
 9.863067e-02 -3.464883e-02 -3.377645e-02 -3.421264e-02  4.361917e-04
 1.013883e-01 -3.503036e-02 -3.419932e-02 -3.461484e-02  4.155223e-04
 1.042231e-01 -3.540232e-02 -3.461138e-02 -3.500685e-02  3.954744e-04
 1.071372e-01 -3.576369e-02 -3.501160e-02 -3.538765e-02  3.760428e-04
 1.101327e-01 -3.611338e-02 -3.539894e-02 -3.575616e-02  3.572220e-04
 1.132119e-01 -3.645028e-02 -3.577227e-02 -3.611127e-02  3.390065e-04
 1.163773e-01 -3.677321e-02 -3.613043e-02 -3.645182e-02  3.213904e-04
 1.196312e-01 -3.708096e-02 -3.647222e-02 -3.677659e-02  3.043678e-04
 1.229760e-01 -3.737224e-02 -3.679638e-02 -3.708431e-02  2.879324e-04
 1.264144e-01 -3.764575e-02 -3.710160e-02 -3.737368e-02  2.720778e-04
 1.299489e-01 -3.790012e-02 -3.738653e-02 -3.764332e-02  2.567974e-04
 1.335822e-01 -3.813394e-02 -3.764977e-02 -3.789185e-02  2.420843e-04
 1.373171e-01 -3.834574e-02 -3.788988e-02 -3.811781e-02  2.279312e-04
 1.411564e-01 -3.853405e-02 -3.810538e-02 -3.831971e-02  2.143307e-04
 1.451031e-01 -3.869731e-02 -3.829476e-02 -3.849603e-02  2.012751e-04
 1.491601e-01 -3.883395e-02 -3.845644e-02 -3.864520e-02  1.887564e-04
 1.533306e-01 -3.894239e-02 -3.858885e-02 -3.876562e-02  1.767662e-04
 1.576176e-01 -3.902098e-02 -3.869038e-02 -3.885568e-02  1.652960e-04
 1.620246e-01 -3.906807e-02 -3.875939e-02 -3.891373e-02  1.543369e-04
 1.665547e-01 -3.908200e-02 -3.879424e-02 -3.893812e-02  1.438795e-04
 1.712115e-01 -3.906111e-02 -3.879328e-02 -3.892719e-02  1.339143e-04
 1.759985e-01 -3.900371e-02 -3.875484e-02 -3.887927e-02  1.244315e-04
 1.809194e-01 -3.890815e-02 -3.867730e-02 -3.879273e-02  1.154207e-04
 1.859778e-01 -3.877279e-02 -3.855904e-02 -3.866591e-02  1.068715e-04
 1.911777e-01 -3.859602e-02 -3.839847e-02 -3.849725e-02  9.877297e-05
 1.965229e-01 -3.837629e-02 -3.819406e-02 -3.828518e-02  9.111391e-05
 2.020176e-01 -3.811210e-02 -3.794433e-02 -3.802821e-02  8.388280e-05
 2.076659e-01 -3.780201e-02 -3.764788e-02 -3.772495e-02  7.706783e-05
 2.134722e-01 -3.744472e-02 -3.730340e-02 -3.737406e-02  7.065686e-05
 2.194408e-01 -3.703898e-02 -3.690971e-02 -3.697435e-02  6.463749e-05
 2.255763e-01 -3.658373e-02 -3.646573e-02 -3.652473e-02  5.899704e-05
 2.318833e-01 -3.607801e-02 -3.597057e-02 -3.602429e-02  5.372258e-05
 2.383667e-01 -3.552108e-02 -3.542348e-02 -3.547228e-02  4.880098e-05
 2.450313e-01 -3.491237e-02 -3.482393e-02 -3.486815e-02  4.421886e-05
 2.518823e-01 -3.425154e-02 -3.417162e-02 -3.421158e-02  3.996270e-05
 2.589248e-01 -3.353851e-02 -3.346648e-02 -3.350250e-02  3.601882e-05
 2.661642e-01 -3.277347e-02 -3.270872e-02 -3.274110e-02  3.237344e-05
 2.736061e-01 -3.195691e-02 -3.189888e-02 -3.192789e-02  2.901270e-05
 2.812560e-01 -3.108965e-02 -3.103780e-02 -3.106372e-02  2.592271e-05
 2.891198e-01 -3.017287e-02 -3.012669e-02 -3.014978e-02  2.308956e-05
 2.972035e-01 -2.920814e-02 -2.916715e-02 -2.918764e-02  2.049943e-05
 3.055132e-01 -2.819745e-02 -2.816117e-02 -2.817931e-02  1.813856e-05
 3.140552e-01 -2.714318e-02 -2.711119e-02 -2.712719e-02  1.599334e-05
 3.228361e-01 -2.604821e-02 -2.602011e-02 -2.603416e-02  1.405035e-05
 3.318624e-01 -2.491586e-02 -2.489127e-02 -2.490357e-02  1.229639e-05
 3.411412e-01 -2.374995e-02 -2.372851e-02 -2.373923e-02  1.071855e-05
 3.506793e-01 -2.255476e-02 -2.253615e-02 -2.254546e-02  9.304234e-06
 3.604842e-01 -2.133508e-02 -2.131900e-02 -2.132704e-02  8.041220e-06
 3.705632e-01 -2.009617e-02 -2.008234e-02 -2.008925e-02  6.917684e-06
 3.809240e-01 -1.884374e-02 -1.883190e-02 -1.883782e-02  5.922251e-06
 3.915745e-01 -1.758394e-02 -1.757385e-02 -1.757889e-02  5.044020e-06
 4.025227e-01 -1.632329e-02 -1.631474e-02 -1.631902e-02  4.272596e-06
 4.137771e-01 -1.506866e-02 -1.506147e-02 -1.506506e-02  3.598114e-06
 4.253462e-01 -1.382719e-02 -1.382117e-02 -1.382418e-02  3.011258e-06
 4.372387e-01 -1.260617e-02 -1.260117e-02 -1.260367e-02  2.503269e-06
 4.494637e-01 -1.141302e-02 -1.140888e-02 -1.141095e-02  2.065957e-06
 4.620305e-01 -1.025508e-02 -1.025169e-02 -1.025338e-02  1.691696e-06
 4.749487e-01 -9.139561e-03 -9.136814e-03 -9.138188e-03  1.373422e-06
 4.882281e-01 -8.073382e-03 -8.071173e-03 -8.072278e-03  1.104621e-06
 5.018787e-01 -7.063000e-03 -7.061242e-03 -7.062121e-03  8.793100e-07
 5.159111e-01 -6.114273e-03 -6.112889e-03 -6.113581e-03  6.920199e-07
 5.303357e-01 -5.232296e-03 -5.231220e-03 -5.231758e-03  5.377698e-07
 5.451637e-01 -4.421246e-03 -4.420422e-03 -4.420834e-03  4.120411e-07
 5.604063e-01 -3.684241e-03 -3.683620e-03 -3.683930e-03  3.107500e-07
 5.760750e-01 -3.023208e-03 -3.022748e-03 -3.022978e-03  2.302197e-07
 5.921818e-01 -2.438787e-03 -2.438453e-03 -2.438620e-03  1.671544e-07
 6.087390e-01 -1.930268e-03 -1.930031e-03 -1.930150e-03  1.186135e-07
 6.257591e-01 -1.495573e-03 -1.495409e-03 -1.495491e-03  8.198980e-08
 6.432551e-01 -1.131287e-03 -1.131177e-03 -1.131232e-03  5.498872e-08
 6.612403e-01 -8.327553e-04 -8.326841e-04 -8.327197e-04  3.561106e-08
 6.797283e-01 -5.942341e-04 -5.941898e-04 -5.942120e-04  2.213706e-08
 6.987332e-01 -4.091052e-04 -4.090790e-04 -4.090921e-04  1.311175e-08
 7.182695e-01 -2.701437e-04 -2.701291e-04 -2.701364e-04  7.330014e-09
 7.383520e-01 -1.698282e-04 -1.698205e-04 -1.698243e-04  3.820343e-09
 7.589961e-01 -1.006735e-04 -1.006699e-04 -1.006717e-04  1.825898e-09
 7.802173e-01 -5.556517e-05 -5.556360e-05 -5.556439e-05  7.820890e-10
 8.020319e-01 -2.806493e-05 -2.806435e-05 -2.806464e-05  2.903696e-10
 8.244563e-01 -1.265836e-05 -1.265818e-05 -1.265827e-05  8.875510e-11
 8.475078e-01 -4.916662e-06 -4.916621e-06 -4.916642e-06  2.048163e-11
 8.712038e-01 -1.552813e-06 -1.552807e-06 -1.552810e-06  3.020364e-12
 8.955623e-01 -3.611412e-07 -3.611408e-07 -3.611410e-07  1.881174e-13
 9.206019e-01 -5.086156e-08 -5.086156e-08 -5.086156e-08  5.587072e-16
 9.463415e-01 -2.650668e-09 -2.650668e-09 -2.650668e-09  0.000000e+00
 9.728009e-01 -6.471107e-12 -6.471107e-12 -6.471107e-12  0.000000e+00