
 1.000000e-06 6.296592e-04 6.579873e-01 3.293085e-01  3.286788e-01
 1.027960e-06 6.299055e-04 6.513143e-01 3.259721e-01  3.253422e-01
 1.056701e-06 6.301574e-04 6.447036e-01 3.226669e-01  3.220367e-01
 1.086246e-06 6.304151e-04 6.381546e-01 3.193925e-01  3.187621e-01
 1.116617e-06 6.306785e-04 6.316666e-01 3.161487e-01  3.155180e-01
 1.147837e-06 6.309480e-04 6.252394e-01 3.129352e-01  3.123042e-01
 1.179930e-06 6.312235e-04 6.188722e-01 3.097517e-01  3.091205e-01
 1.212920e-06 6.315053e-04 6.125645e-01 3.065980e-01  3.059665e-01
 1.246833e-06 6.317935e-04 6.063160e-01 3.034739e-01  3.028421e-01
 1.281694e-06 6.320882e-04 6.001260e-01 3.003790e-01  2.997469e-01
 1.317530e-06 6.323895e-04 5.939940e-01 2.973132e-01  2.966808e-01
 1.354368e-06 6.326977e-04 5.879196e-01 2.942762e-01  2.936435e-01
 1.392235e-06 6.330129e-04 5.819023e-01 2.912676e-01  2.906346e-01
 1.431161e-06 6.333352e-04 5.759415e-01 2.882874e-01  2.876541e-01
 1.471176e-06 6.336648e-04 5.700368e-01 2.853352e-01  2.847016e-01
 1.512310e-06 6.340019e-04 5.641877e-01 2.824109e-01  2.817769e-01
 1.554593e-06 6.343466e-04 5.583937e-01 2.795140e-01  2.788797e-01
 1.598059e-06 6.346991e-04 5.526544e-01 2.766445e-01  2.760098e-01
 1.642740e-06 6.350596e-04 5.469692e-01 2.738021e-01  2.731670e-01
 1.688670e-06 6.354282e-04 5.413376e-01 2.709865e-01  2.703511e-01
 1.735885e-06 6.358051e-04 5.357594e-01 2.681976e-01  2.675618e-01
 1.784420e-06 6.361905e-04 5.302339e-01 2.654350e-01  2.647988e-01
 1.834311e-06 6.365847e-04 5.247606e-01 2.626986e-01  2.620620e-01
 1.885598e-06 6.369878e-04 5.193393e-01 2.599881e-01  2.593512e-01
 1.938319e-06 6.373999e-04 5.139693e-01 2.573034e-01  2.566660e-01
 1.992513e-06 6.378214e-04 5.086503e-01 2.546441e-01  2.540063e-01
 2.048223e-06 6.382524e-04 5.033819e-01 2.520101e-01  2.513718e-01
 2.105491e-06 6.386931e-04 4.981634e-01 2.494011e-01  2.487624e-01
 2.164359e-06 6.391437e-04 4.929947e-01 2.468169e-01  2.461778e-01
 2.224874e-06 6.396045e-04 4.878751e-01 2.442573e-01  2.436177e-01
 2.287080e-06 6.400757e-04 4.828043e-01 2.417222e-01  2.410821e-01
 2.351026e-06 6.405575e-04 4.777818e-01 2.392112e-01  2.385706e-01
 2.416760e-06 6.410502e-04 4.728073e-01 2.367242e-01  2.360831e-01
 2.484332e-06 6.415540e-04 4.678802e-01 2.342609e-01  2.336193e-01
 2.553793e-06 6.420691e-04 4.630003e-01 2.318212e-01  2.311791e-01
 2.625196e-06 6.425958e-04 4.581670e-01 2.294048e-01  2.287622e-01
 2.698595e-06 6.431344e-04 4.533800e-01 2.270116e-01  2.263684e-01
 2.774047e-06 6.436851e-04 4.486389e-01 2.246413e-01  2.239976e-01
 2.851608e-06 6.442482e-04 4.439432e-01 2.222937e-01  2.216495e-01
 2.931338e-06 6.448239e-04 4.392926e-01 2.199687e-01  2.193239e-01
 3.013297e-06 6.454126e-04 4.346866e-01 2.176660e-01  2.170206e-01
 3.097547e-06 6.460146e-04 4.301250e-01 2.153855e-01  2.147395e-01
 3.184154e-06 6.466301e-04 4.256072e-01 2.131269e-01  2.124803e-01
 3.273181e-06 6.472594e-04 4.211328e-01 2.108901e-01  2.102428e-01
 3.364698e-06 6.479028e-04 4.167017e-01 2.086748e-01  2.080269e-01
 3.458774e-06 6.485607e-04 4.123132e-01 2.064809e-01  2.058323e-01
 3.555480e-06 6.492334e-04 4.079671e-01 2.043082e-01  2.036589e-01
 3.654890e-06 6.499212e-04 4.036630e-01 2.021564e-01  2.015065e-01
 3.757079e-06 6.506244e-04 3.994004e-01 2.000255e-01  1.993749e-01
 3.862125e-06 6.513434e-04 3.951792e-01 1.979152e-01  1.972639e-01
 3.970109e-06 6.520785e-04 3.909988e-01 1.958254e-01  1.951733e-01
 4.081111e-06 6.528301e-04 3.868589e-01 1.937558e-01  1.931030e-01
 4.195218e-06 6.535986e-04 3.827591e-01 1.917064e-01  1.910528e-01
 4.312514e-06 6.543843e-04 3.786992e-01 1.896768e-01  1.890224e-01
 4.433090e-06 6.551876e-04 3.746787e-01 1.876670e-01  1.870118e-01
 4.557038e-06 6.560089e-04 3.706973e-01 1.856767e-01  1.850207e-01
 4.684451e-06 6.568486e-04 3.667547e-01 1.837058e-01  1.830489e-01
 4.815426e-06 6.577071e-04 3.628504e-01 1.817541e-01  1.810964e-01
 4.950064e-06 6.585848e-04 3.589843e-01 1.798214e-01  1.791628e-01
 5.088465e-06 6.594821e-04 3.551558e-01 1.779077e-01  1.772482e-01
 5.230737e-06 6.603996e-04 3.513648e-01 1.760126e-01  1.753522e-01
 5.376986e-06 6.613375e-04 3.476107e-01 1.741360e-01  1.734747e-01
 5.527325e-06 6.622965e-04 3.438935e-01 1.722779e-01  1.716156e-01
 5.681866e-06 6.632769e-04 3.402126e-01 1.704379e-01  1.697746e-01
 5.840729e-06 6.642792e-04 3.365677e-01 1.686160e-01  1.679517e-01
 6.004034e-06 6.653038e-04 3.329587e-01 1.668120e-01  1.661467e-01
 6.171904e-06 6.663514e-04 3.293850e-01 1.650257e-01  1.643593e-01
 6.344468e-06 6.674224e-04 3.258465e-01 1.632569e-01  1.625895e-01
 6.521857e-06 6.685173e-04 3.223427e-01 1.615056e-01  1.608371e-01
 6.704205e-06 6.696366e-04 3.188735e-01 1.597715e-01  1.591019e-01
 6.891652e-06 6.707809e-04 3.154384e-01 1.580546e-01  1.573838e-01
 7.084340e-06 6.719508e-04 3.120372e-01 1.563546e-01  1.556826e-01
 7.282415e-06 6.731467e-04 3.086695e-01 1.546713e-01  1.539982e-01
 7.486029e-06 6.743693e-04 3.053351e-01 1.530047e-01  1.523304e-01
 7.695335e-06 6.756191e-04 3.020337e-01 1.513546e-01  1.506790e-01
 7.910494e-06 6.768968e-04 2.987649e-01 1.497209e-01  1.490440e-01
 8.131668e-06 6.782030e-04 2.955285e-01 1.481034e-01  1.474251e-01
 8.359026e-06 6.795382e-04 2.923242e-01 1.465019e-01  1.458223e-01
 8.592741e-06 6.809032e-04 2.891516e-01 1.449163e-01  1.442354e-01
 8.832991e-06 6.822986e-04 2.860106e-01 1.433465e-01  1.426642e-01
 9.079958e-06 6.837250e-04 2.829008e-01 1.417923e-01  1.411085e-01
 9.333830e-06 6.851832e-04 2.798219e-01 1.402536e-01  1.395684e-01
 9.594800e-06 6.866737e-04 2.767737e-01 1.387302e-01  1.380435e-01
 9.863067e-06 6.881975e-04 2.737559e-01 1.372220e-01  1.365338e-01
 1.013883e-05 6.897551e-04 2.707681e-01 1.357289e-01  1.350392e-01
 1.042231e-05 6.913473e-04 2.678102e-01 1.342508e-01  1.335594e-01
 1.071372e-05 6.929749e-04 2.648819e-01 1.327874e-01  1.320945e-01
 1.101327e-05 6.946386e-04 2.619828e-01 1.313387e-01  1.306441e-01
 1.132119e-05 6.963393e-04 2.591128e-01 1.299046e-01  1.292082e-01
 1.163773e-05 6.980777e-04 2.562715e-01 1.284848e-01  1.277867e-01
 1.196312e-05 6.998547e-04 2.534587e-01 1.270793e-01  1.263794e-01
 1.229760e-05 7.016711e-04 2.506742e-01 1.256879e-01  1.249863e-01
 1.264144e-05 7.035278e-04 2.479177e-01 1.243106e-01  1.236071e-01
 1.299489e-05 7.054256e-04 2.451888e-01 1.229471e-01  1.222417e-01
 1.335822e-05 7.073655e-04 2.424875e-01 1.215974e-01  1.208901e-01
 1.373171e-05 7.093484e-04 2.398134e-01 1.202614e-01  1.195520e-01
 1.411564e-05 7.113753e-04 2.371662e-01 1.189388e-01  1.182274e-01
 1.451031e-05 7.134470e-04 2.345458e-01 1.176296e-01  1.169162e-01
 1.491601e-05 7.155646e-04 2.319519e-01 1.163337e-01  1.156181e-01
 1.533306e-05 7.177290e-04 2.293842e-01 1.150509e-01  1.143332e-01
 1.576176e-05 7.199413e-04 2.268425e-01 1.137812e-01  1.130613e-01
 1.620246e-05 7.222026e-04 2.243265e-01 1.125244e-01  1.118022e-01
 1.665547e-05 7.245138e-04 2.218362e-01 1.112803e-01  1.105558e-01
 1.712115e-05 7.268762e-04 2.193710e-01 1.100490e-01  1.093221e-01
 1.759985e-05 7.292907e-04 2.169310e-01 1.088301e-01  1.081009e-01
 1.809194e-05 7.317586e-04 2.145158e-01 1.076238e-01  1.068920e-01
 1.859778e-05 7.342810e-04 2.121252e-01 1.064297e-01  1.056954e-01
 1.911777e-05 7.368591e-04 2.097589e-01 1.052479e-01  1.045110e-01
 1.965229e-05 7.394941e-04 2.074169e-01 1.040782e-01  1.033387e-01
 2.020176e-05 7.421872e-04 2.050987e-01 1.029204e-01  1.021783e-01
 2.076659e-05 7.449397e-04 2.028043e-01 1.017746e-01  1.010297e-01
 2.134722e-05 7.477529e-04 2.005333e-01 1.006405e-01  9.989278e-02
 2.194408e-05 7.506281e-04 1.982856e-01 9.951813e-02  9.876751e-02
 2.255763e-05 7.535667e-04 1.960610e-01 9.840729e-02  9.765373e-02
 2.318833e-05 7.565701e-04 1.938593e-01 9.730791e-02  9.655134e-02
 2.383667e-05 7.596395e-04 1.916801e-01 9.621988e-02  9.546024e-02
 2.450313e-05 7.627766e-04 1.895234e-01 9.514309e-02  9.438031e-02
 2.518823e-05 7.659827e-04 1.873889e-01 9.407745e-02  9.331147e-02
 2.589248e-05 7.692593e-04 1.852764e-01 9.302285e-02  9.225359e-02
 2.661642e-05 7.726081e-04 1.831858e-01 9.197919e-02  9.120658e-02
 2.736061e-05 7.760304e-04 1.811167e-01 9.094637e-02  9.017034e-02
 2.812560e-05 7.795280e-04 1.790691e-01 8.992429e-02  8.914476e-02
 2.891198e-05 7.831024e-04 1.770426e-01 8.891286e-02  8.812975e-02
 2.972035e-05 7.867554e-04 1.750372e-01 8.791196e-02  8.712521e-02
 3.055132e-05 7.904886e-04 1.730526e-01 8.692152e-02  8.613103e-02
 3.140552e-05 7.943037e-04 1.710886e-01 8.594143e-02  8.514713e-02
 3.228361e-05 7.982026e-04 1.691450e-01 8.497160e-02  8.417340e-02
 3.318624e-05 8.021870e-04 1.672217e-01 8.401193e-02  8.320974e-02
 3.411412e-05 8.062588e-04 1.653184e-01 8.306233e-02  8.225607e-02
 3.506793e-05 8.104199e-04 1.634350e-01 8.212271e-02  8.131229e-02
 3.604842e-05 8.146722e-04 1.615713e-01 8.119298e-02  8.037831e-02
 3.705632e-05 8.190177e-04 1.597271e-01 8.027304e-02  7.945402e-02
 3.809240e-05 8.234584e-04 1.579022e-01 7.936281e-02  7.853935e-02
 3.915745e-05 8.279963e-04 1.560964e-01 7.846219e-02  7.763419e-02
 4.025227e-05 8.326335e-04 1.543096e-01 7.757110e-02  7.673847e-02
 4.137771e-05 8.373722e-04 1.525415e-01 7.668946e-02  7.585208e-02
 4.253462e-05 8.422146e-04 1.507921e-01 7.581717e-02  7.497495e-02
 4.372387e-05 8.471629e-04 1.490611e-01 7.495414e-02  7.410698e-02
 4.494637e-05 8.522194e-04 1.473484e-01 7.410030e-02  7.324808e-02
 4.620305e-05 8.573864e-04 1.456537e-01 7.325557e-02  7.239818e-02
 4.749487e-05 8.626662e-04 1.439770e-01 7.241984e-02  7.155718e-02
 4.882281e-05 8.680614e-04 1.423180e-01 7.159305e-02  7.072499e-02
 5.018787e-05 8.735744e-04 1.406767e-01 7.077512e-02  6.990154e-02
 5.159111e-05 8.792077e-04 1.390527e-01 6.996595e-02  6.908675e-02
 5.303357e-05 8.849639e-04 1.374460e-01 6.916548e-02  6.828052e-02
 5.451637e-05 8.908457e-04 1.358564e-01 6.837362e-02  6.748277e-02
 5.604063e-05 8.968558e-04 1.342837e-01 6.759029e-02  6.669343e-02
 5.760750e-05 9.029968e-04 1.327278e-01 6.681541e-02  6.591241e-02
 5.921818e-05 9.092716e-04 1.311886e-01 6.604891e-02  6.513964e-02
 6.087390e-05 9.156832e-04 1.296658e-01 6.529072e-02  6.437503e-02
 6.257591e-05 9.222343e-04 1.281593e-01 6.454075e-02  6.361851e-02
 6.432551e-05 9.289281e-04 1.266689e-01 6.379893e-02  6.287000e-02
 6.612403e-05 9.357675e-04 1.251946e-01 6.306518e-02  6.212942e-02
 6.797283e-05 9.427557e-04 1.237361e-01 6.233944e-02  6.139669e-02
 6.987332e-05 9.498959e-04 1.222934e-01 6.162163e-02  6.067174e-02
 7.182695e-05 9.571913e-04 1.208662e-01 6.091168e-02  5.995449e-02
 7.383520e-05 9.646453e-04 1.194544e-01 6.020951e-02  5.924487e-02
 7.589961e-05 9.722612e-04 1.180579e-01 5.951506e-02  5.854280e-02
 7.802173e-05 9.800425e-04 1.166765e-01 5.882826e-02  5.784822e-02
 8.020319e-05 9.879927e-04 1.153101e-01 5.814904e-02  5.716104e-02
 8.244563e-05 9.961155e-04 1.139585e-01 5.747732e-02  5.648121e-02
 8.475078e-05 1.004415e-03 1.126217e-01 5.681305e-02  5.580863e-02
 8.712038e-05 1.012894e-03 1.112994e-01 5.615615e-02  5.514325e-02
 8.955623e-05 1.021556e-03 1.099915e-01 5.550655e-02  5.448500e-02
 9.206019e-05 1.030407e-03 1.086980e-01 5.486420e-02  5.383380e-02
 9.463415e-05 1.039449e-03 1.074186e-01 5.422903e-02  5.318958e-02
 9.728009e-05 1.048688e-03 1.061533e-01 5.360097e-02  5.255228e-02
 1.000000e-04 1.058126e-03 1.049018e-01 5.297996e-02  5.192183e-02
 1.027960e-04 1.067768e-03 1.036641e-01 5.236594e-02  5.129817e-02
 1.056701e-04 1.077620e-03 1.024401e-01 5.175884e-02  5.068122e-02
 1.086246e-04 1.087684e-03 1.012295e-01 5.115860e-02  5.007092e-02
 1.116617e-04 1.097966e-03 1.000324e-01 5.056517e-02  4.946720e-02
 1.147837e-04 1.108470e-03 9.884848e-02 4.997847e-02  4.887000e-02
 1.179930e-04 1.119201e-03 9.767773e-02 4.939846e-02  4.827926e-02
 1.212920e-04 1.130164e-03 9.651999e-02 4.882508e-02  4.769491e-02
 1.246833e-04 1.141364e-03 9.537515e-02 4.825826e-02  4.711689e-02
 1.281694e-04 1.152805e-03 9.424308e-02 4.769794e-02  4.654514e-02
 1.317530e-04 1.164494e-03 9.312367e-02 4.714408e-02  4.597959e-02
 1.354368e-04 1.176434e-03 9.201680e-02 4.659661e-02  4.542018e-02
 1.392235e-04 1.188632e-03 9.092234e-02 4.605549e-02  4.486685e-02
 1.431161e-04 1.201093e-03 8.984019e-02 4.552064e-02  4.431955e-02
 1.471176e-04 1.213823e-03 8.877023e-02 4.499203e-02  4.377820e-02
 1.512310e-04 1.226826e-03 8.771235e-02 4.446959e-02  4.324276e-02
 1.554593e-04 1.240110e-03 8.666644e-02 4.395327e-02  4.271316e-02
 1.598059e-04 1.253680e-03 8.563238e-02 4.344303e-02  4.218935e-02
 1.642740e-04 1.267542e-03 8.461007e-02 4.293881e-02  4.167126e-02
 1.688670e-04 1.281702e-03 8.359940e-02 4.244055e-02  4.115885e-02
 1.735885e-04 1.296167e-03 8.260026e-02 4.194821e-02  4.065204e-02
 1.784420e-04 1.310943e-03 8.161254e-02 4.146174e-02  4.015080e-02
 1.834311e-04 1.326036e-03 8.063614e-02 4.098109e-02  3.965505e-02
 1.885598e-04 1.341454e-03 7.967096e-02 4.050621e-02  3.916475e-02
 1.938319e-04 1.357203e-03 7.871690e-02 4.003705e-02  3.867985e-02
 1.992513e-04 1.373290e-03 7.777384e-02 3.957357e-02  3.820028e-02
 2.048223e-04 1.389722e-03 7.684170e-02 3.911571e-02  3.772599e-02
 2.105491e-04 1.406507e-03 7.592037e-02 3.866344e-02  3.725693e-02
 2.164359e-04 1.423652e-03 7.500975e-02 3.821670e-02  3.679305e-02
 2.224874e-04 1.441165e-03 7.410975e-02 3.777546e-02  3.633429e-02
 2.287080e-04 1.459053e-03 7.322028e-02 3.733966e-02  3.588061e-02
 2.351026e-04 1.477324e-03 7.234122e-02 3.690927e-02  3.543195e-02
 2.416760e-04 1.495987e-03 7.147250e-02 3.648425e-02  3.498826e-02
 2.484332e-04 1.515050e-03 7.061402e-02 3.606454e-02  3.454949e-02
 2.553793e-04 1.534521e-03 6.976569e-02 3.565011e-02  3.411559e-02
 2.625196e-04 1.554409e-03 6.892742e-02 3.524091e-02  3.368650e-02
 2.698595e-04 1.574722e-03 6.809911e-02 3.483692e-02  3.326219e-02
 2.774047e-04 1.595470e-03 6.728068e-02 3.443808e-02  3.284261e-02
 2.851608e-04 1.616661e-03 6.647205e-02 3.404435e-02  3.242769e-02
 2.931338e-04 1.638306e-03 6.567312e-02 3.365571e-02  3.201741e-02
 3.013297e-04 1.660413e-03 6.488381e-02 3.327211e-02  3.161170e-02
 3.097547e-04 1.682992e-03 6.410404e-02 3.289351e-02  3.121052e-02
 3.184154e-04 1.706054e-03 6.333372e-02 3.251988e-02  3.081383e-02
 3.273181e-04 1.729608e-03 6.257277e-02 3.215119e-02  3.042158e-02
 3.364698e-04 1.753665e-03 6.182111e-02 3.178739e-02  3.003372e-02
 3.458774e-04 1.778235e-03 6.107866e-02 3.142844e-02  2.965021e-02
 3.555480e-04 1.803329e-03 6.034534e-02 3.107433e-02  2.927100e-02
 3.654890e-04 1.828958e-03 5.962107e-02 3.072501e-02  2.889606e-02
 3.757079e-04 1.855134e-03 5.890578e-02 3.038046e-02  2.852532e-02
 3.862125e-04 1.881868e-03 5.819939e-02 3.004063e-02  2.815876e-02
 3.970109e-04 1.909171e-03 5.750182e-02 2.970550e-02  2.779632e-02
 4.081111e-04 1.937056e-03 5.681300e-02 2.937503e-02  2.743797e-02
 4.195218e-04 1.965535e-03 5.613287e-02 2.904920e-02  2.708367e-02
 4.312514e-04 1.994619e-03 5.546134e-02 2.872798e-02  2.673336e-02
 4.433090e-04 2.024323e-03 5.479834e-02 2.841133e-02  2.638701e-02
 4.557038e-04 2.054659e-03 5.414381e-02 2.809924e-02  2.604458e-02
 4.684451e-04 2.085640e-03 5.349768e-02 2.779166e-02  2.570602e-02
 4.815426e-04 2.117280e-03 5.285988e-02 2.748858e-02  2.537130e-02
 4.950064e-04 2.149593e-03 5.223034e-02 2.718997e-02  2.504038e-02
 5.088465e-04 2.182592e-03 5.160900e-02 2.689580e-02  2.471321e-02
 5.230737e-04 2.216292e-03 5.099580e-02 2.660604e-02  2.438975e-02
 5.376986e-04 2.250708e-03 5.039066e-02 2.632068e-02  2.406997e-02
 5.527325e-04 2.285855e-03 4.979353e-02 2.603969e-02  2.375384e-02
 5.681866e-04 2.321748e-03 4.920434e-02 2.576304e-02  2.344130e-02
 5.840729e-04 2.358403e-03 4.862304e-02 2.549072e-02  2.313232e-02
 6.004034e-04 2.395836e-03 4.804956e-02 2.522270e-02  2.282686e-02
 6.171904e-04 2.434062e-03 4.748386e-02 2.495896e-02  2.252490e-02
 6.344468e-04 2.473099e-03 4.692586e-02 2.469948e-02  2.222638e-02
 6.521857e-04 2.512964e-03 4.637551e-02 2.444424e-02  2.193127e-02
 6.704205e-04 2.553673e-03 4.583276e-02 2.419322e-02  2.163954e-02
 6.891652e-04 2.595245e-03 4.529756e-02 2.394640e-02  2.135116e-02
 7.084340e-04 2.637698e-03 4.476984e-02 2.370377e-02  2.106607e-02
 7.282415e-04 2.681050e-03 4.424957e-02 2.346531e-02  2.078426e-02
 7.486029e-04 2.725319e-03 4.373668e-02 2.323100e-02  2.050568e-02
 7.695335e-04 2.770526e-03 4.323113e-02 2.300083e-02  2.023030e-02
 7.910494e-04 2.816689e-03 4.273286e-02 2.277478e-02  1.995809e-02
 8.131668e-04 2.863829e-03 4.224184e-02 2.255283e-02  1.968900e-02
 8.359026e-04 2.911966e-03 4.175800e-02 2.233498e-02  1.942302e-02
 8.592741e-04 2.961121e-03 4.128132e-02 2.212122e-02  1.916010e-02
 8.832991e-04 3.011314e-03 4.081174e-02 2.191152e-02  1.890021e-02
 9.079958e-04 3.062569e-03 4.034921e-02 2.170589e-02  1.864332e-02
 9.333830e-04 3.114906e-03 3.989370e-02 2.150430e-02  1.838940e-02
 9.594800e-04 3.168349e-03 3.944517e-02 2.130676e-02  1.813841e-02
 9.863067e-04 3.222921e-03 3.900356e-02 2.111324e-02  1.789032e-02
 1.013883e-03 3.278645e-03 3.856885e-02 2.092375e-02  1.764510e-02
 1.042231e-03 3.335544e-03 3.814100e-02 2.073827e-02  1.740273e-02
 1.071372e-03 3.393645e-03 3.771997e-02 2.055681e-02  1.716316e-02
 1.101327e-03 3.452971e-03 3.730571e-02 2.037934e-02  1.692637e-02
 1.132119e-03 3.513548e-03 3.689821e-02 2.020588e-02  1.669233e-02
 1.163773e-03 3.575403e-03 3.649741e-02 2.003641e-02  1.646101e-02
 1.196312e-03 3.638561e-03 3.610330e-02 1.987093e-02  1.623237e-02
 1.229760e-03 3.703050e-03 3.571583e-02 1.970944e-02  1.600639e-02
 1.264144e-03 3.768898e-03 3.533499e-02 1.955194e-02  1.578304e-02
 1.299489e-03 3.836133e-03 3.496073e-02 1.939843e-02  1.556230e-02
 1.335822e-03 3.904783e-03 3.459303e-02 1.924890e-02  1.534412e-02
 1.373171e-03 3.974878e-03 3.423186e-02 1.910337e-02  1.512849e-02
 1.411564e-03 4.046449e-03 3.387720e-02 1.896182e-02  1.491537e-02
 1.451031e-03 4.119525e-03 3.352902e-02 1.882427e-02  1.470475e-02
 1.491601e-03 4.194138e-03 3.318730e-02 1.869072e-02  1.449658e-02
 1.533306e-03 4.270320e-03 3.285201e-02 1.856117e-02  1.429085e-02
 1.576176e-03 4.348103e-03 3.252314e-02 1.843562e-02  1.408752e-02
 1.620246e-03 4.427520e-03 3.220066e-02 1.831409e-02  1.388657e-02
 1.665547e-03 4.508605e-03 3.188456e-02 1.819658e-02  1.368798e-02
 1.712115e-03 4.591393e-03 3.157481e-02 1.808310e-02  1.349171e-02
 1.759985e-03 4.675919e-03 3.127141e-02 1.797366e-02  1.329774e-02
 1.809194e-03 4.762219e-03 3.097433e-02 1.786827e-02  1.310605e-02
 1.859778e-03 4.850329e-03 3.068356e-02 1.776694e-02  1.291661e-02
 1.911777e-03 4.940286e-03 3.039909e-02 1.766969e-02  1.272940e-02
 1.965229e-03 5.032129e-03 3.012090e-02 1.757652e-02  1.254439e-02
 2.020176e-03 5.125896e-03 2.984900e-02 1.748745e-02  1.236155e-02
 2.076659e-03 5.221627e-03 2.958336e-02 1.740249e-02  1.218087e-02
 2.134722e-03 5.319363e-03 2.932398e-02 1.732167e-02  1.200231e-02
 2.194408e-03 5.419143e-03 2.907085e-02 1.724500e-02  1.182585e-02
 2.255763e-03 5.521011e-03 2.882397e-02 1.717249e-02  1.165148e-02
 2.318833e-03 5.625008e-03 2.858334e-02 1.710417e-02  1.147917e-02
 2.383667e-03 5.731179e-03 2.834895e-02 1.704006e-02  1.130888e-02
 2.450313e-03 5.839567e-03 2.812079e-02 1.698018e-02  1.114061e-02
 2.518823e-03 5.950218e-03 2.789888e-02 1.692455e-02  1.097433e-02
 2.589248e-03 6.063177e-03 2.768321e-02 1.687319e-02  1.081002e-02
 2.661642e-03 6.178493e-03 2.747378e-02 1.682614e-02  1.064765e-02
 2.736061e-03 6.296211e-03 2.727061e-02 1.678341e-02  1.048720e-02
 2.812560e-03 6.416382e-03 2.707368e-02 1.674503e-02  1.032865e-02
 2.891198e-03 6.539053e-03 2.688302e-02 1.671104e-02  1.017198e-02
 2.972035e-03 6.664277e-03 2.669863e-02 1.668145e-02  1.001718e-02
 3.055132e-03 6.792103e-03 2.652051e-02 1.665631e-02  9.864205e-03
 3.140552e-03 6.922585e-03 2.634869e-02 1.663564e-02  9.713051e-03
 3.228361e-03 7.055775e-03 2.618316e-02 1.661947e-02  9.563694e-03
 3.318624e-03 7.191727e-03 2.602396e-02 1.660784e-02  9.416114e-03
 3.411412e-03 7.330497e-03 2.587108e-02 1.660079e-02  9.270291e-03
 3.506793e-03 7.472140e-03 2.572455e-02 1.659834e-02  9.126204e-03
 3.604842e-03 7.616714e-03 2.558438e-02 1.660055e-02  8.983835e-03
 3.705632e-03 7.764275e-03 2.545060e-02 1.660744e-02  8.843164e-03
 3.809240e-03 7.914883e-03 2.532323e-02 1.661906e-02  8.704172e-03
 3.915745e-03 8.068598e-03 2.520228e-02 1.663544e-02  8.566841e-03
 4.025227e-03 8.225480e-03 2.508778e-02 1.665663e-02  8.431152e-03
 4.137771e-03 8.385590e-03 2.497976e-02 1.668268e-02  8.297086e-03
 4.253462e-03 8.548993e-03 2.487824e-02 1.671362e-02  8.164625e-03
 4.372387e-03 8.715750e-03 2.478325e-02 1.674950e-02  8.033752e-03
 4.494637e-03 8.885927e-03 2.469482e-02 1.679038e-02  7.904449e-03
 4.620305e-03 9.059588e-03 2.461299e-02 1.683629e-02  7.776698e-03
 4.749487e-03 9.236801e-03 2.453777e-02 1.688728e-02  7.650483e-03
 4.882281e-03 9.417633e-03 2.446920e-02 1.694342e-02  7.525785e-03
 5.018787e-03 9.602152e-03 2.440733e-02 1.700474e-02  7.402589e-03
 5.159111e-03 9.790427e-03 2.435218e-02 1.707130e-02  7.280877e-03
 5.303357e-03 9.982529e-03 2.430380e-02 1.714316e-02  7.160634e-03
 5.451637e-03 1.017853e-02 2.426221e-02 1.722037e-02  7.041843e-03
 5.604063e-03 1.037850e-02 2.422747e-02 1.730298e-02  6.924488e-03
 5.760750e-03 1.058250e-02 2.419961e-02 1.739106e-02  6.808554e-03
 5.921818e-03 1.079063e-02 2.417868e-02 1.748465e-02  6.694024e-03
 6.087390e-03 1.100294e-02 2.416471e-02 1.758383e-02  6.580884e-03
 6.257591e-03 1.121952e-02 2.415776e-02 1.768864e-02  6.469119e-03
 6.432551e-03 1.144044e-02 2.415787e-02 1.779915e-02  6.358713e-03
 6.612403e-03 1.166578e-02 2.416508e-02 1.791543e-02  6.249652e-03
 6.797283e-03 1.189561e-02 2.417945e-02 1.803753e-02  6.141921e-03
 6.987332e-03 1.213001e-02 2.420102e-02 1.816552e-02  6.035506e-03
 7.182695e-03 1.236906e-02 2.422985e-02 1.829946e-02  5.930393e-03
 7.383520e-03 1.261285e-02 2.426598e-02 1.843941e-02  5.826569e-03
 7.589961e-03 1.286144e-02 2.430947e-02 1.858546e-02  5.724019e-03
 7.802173e-03 1.311492e-02 2.436038e-02 1.873765e-02  5.622729e-03
 8.020319e-03 1.337337e-02 2.441874e-02 1.889606e-02  5.522688e-03
 8.244563e-03 1.363687e-02 2.448463e-02 1.906075e-02  5.423881e-03
 8.475078e-03 1.390550e-02 2.455809e-02 1.923179e-02  5.326295e-03
 8.712038e-03 1.417934e-02 2.463918e-02 1.940926e-02  5.229919e-03
 8.955623e-03 1.445848e-02 2.472796e-02 1.959322e-02  5.134739e-03
 9.206019e-03 1.474299e-02 2.482448e-02 1.978373e-02  5.040743e-03
 9.463415e-03 1.503296e-02 2.492880e-02 1.998088e-02  4.947919e-03
 9.728009e-03 1.532847e-02 2.504098e-02 2.018472e-02  4.856255e-03
 1.000000e-02 1.562959e-02 2.516107e-02 2.039533e-02  4.765739e-03
 1.027960e-02 1.593642e-02 2.528914e-02 2.061278e-02  4.676360e-03
 1.056701e-02 1.624903e-02 2.542524e-02 2.083713e-02  4.588107e-03
 1.086246e-02 1.656750e-02 2.556943e-02 2.106847e-02  4.500968e-03
 1.116617e-02 1.689191e-02 2.572177e-02 2.130684e-02  4.414932e-03
 1.147837e-02 1.722234e-02 2.588232e-02 2.155233e-02  4.329989e-03
 1.179930e-02 1.755888e-02 2.605113e-02 2.180500e-02  4.246127e-03
 1.212920e-02 1.790159e-02 2.622826e-02 2.206493e-02  4.163337e-03
 1.246833e-02 1.825056e-02 2.641378e-02 2.233217e-02  4.081608e-03
 1.281694e-02 1.860587e-02 2.660773e-02 2.260680e-02  4.000930e-03
 1.317530e-02 1.896759e-02 2.681017e-02 2.288888e-02  3.921293e-03
 1.354368e-02 1.933579e-02 2.702116e-02 2.317848e-02  3.842687e-03
 1.392235e-02 1.971056e-02 2.724076e-02 2.347566e-02  3.765104e-03
 1.431161e-02 2.009196e-02 2.746902e-02 2.378049e-02  3.688532e-03
 1.471176e-02 2.048007e-02 2.770600e-02 2.409303e-02  3.612964e-03
 1.512310e-02 2.087496e-02 2.795174e-02 2.441335e-02  3.538390e-03
 1.554593e-02 2.127670e-02 2.820631e-02 2.474150e-02  3.464801e-03
 1.598059e-02 2.168537e-02 2.846974e-02 2.507756e-02  3.392189e-03
 1.642740e-02 2.210102e-02 2.874211e-02 2.542157e-02  3.320544e-03
 1.688670e-02 2.252373e-02 2.902345e-02 2.577359e-02  3.249859e-03
 1.735885e-02 2.295357e-02 2.931382e-02 2.613370e-02  3.180125e-03
 1.784420e-02 2.339060e-02 2.961327e-02 2.650193e-02  3.111335e-03
 1.834311e-02 2.383488e-02 2.992184e-02 2.687836e-02  3.043480e-03
 1.885598e-02 2.428647e-02 3.023958e-02 2.726303e-02  2.976552e-03
 1.938319e-02 2.474545e-02 3.056654e-02 2.765600e-02  2.910544e-03
 1.992513e-02 2.521187e-02 3.090277e-02 2.805732e-02  2.845449e-03
 2.048223e-02 2.568579e-02 3.124831e-02 2.846705e-02  2.781258e-03
 2.105491e-02 2.616727e-02 3.160321e-02 2.888524e-02  2.717965e-03
 2.164359e-02 2.665637e-02 3.196750e-02 2.931193e-02  2.655564e-03
 2.224874e-02 2.715312e-02 3.234122e-02 2.974717e-02  2.594046e-03
 2.287080e-02 2.765758e-02 3.272439e-02 3.019099e-02  2.533405e-03
 2.351026e-02 2.816979e-02 3.311705e-02 3.064342e-02  2.473634e-03
 2.416760e-02 2.868976e-02 3.351921e-02 3.110448e-02  2.414728e-03
 2.484332e-02 2.921752e-02 3.393088e-02 3.157420e-02  2.356679e-03
 2.553793e-02 2.975308e-02 3.435205e-02 3.205257e-02  2.299482e-03
 2.625196e-02 3.029646e-02 3.478272e-02 3.253959e-02  2.243130e-03
 2.698595e-02 3.084763e-02 3.522286e-02 3.303524e-02  2.187617e-03
 2.774047e-02 3.140658e-02 3.567246e-02 3.353952e-02  2.132938e-03
 2.851608e-02 3.197328e-02 3.613146e-02 3.405237e-02  2.079087e-03
 2.931338e-02 3.254770e-02 3.659981e-02 3.457375e-02  2.026058e-03
 3.013297e-02 3.312976e-02 3.707745e-02 3.510360e-02  1.973845e-03
 3.097547e-02 3.371940e-02 3.756428e-02 3.564184e-02  1.922443e-03
 3.184154e-02 3.431653e-02 3.806022e-02 3.618837e-02  1.871848e-03
 3.273181e-02 3.492104e-02 3.856515e-02 3.674310e-02  1.822053e-03
 3.364698e-02 3.553284e-02 3.907894e-02 3.730589e-02  1.773054e-03
 3.458774e-02 3.615177e-02 3.960146e-02 3.787661e-02  1.724845e-03
 3.555480e-02 3.677769e-02 4.013253e-02 3.845511e-02  1.677422e-03
 3.654890e-02 3.741044e-02 4.067200e-02 3.904122e-02  1.630780e-03
 3.757079e-02 3.804982e-02 4.121965e-02 3.963474e-02  1.584915e-03
 3.862125e-02 3.869565e-02 4.177529e-02 4.023547e-02  1.539821e-03
 3.970109e-02 3.934768e-02 4.233867e-02 4.084318e-02  1.495494e-03
 4.081111e-02 4.000569e-02 4.290955e-02 4.145762e-02  1.451930e-03
 4.195218e-02 4.066939e-02 4.348764e-02 4.207852e-02  1.409124e-03
 4.312514e-02 4.133850e-02 4.407265e-02 4.270557e-02  1.367072e-03
 4.433090e-02 4.201270e-02 4.466424e-02 4.333847e-02  1.325769e-03
 4.557038e-02 4.269164e-02 4.526207e-02 4.397685e-02  1.285212e-03
 4.684451e-02 4.337494e-02 4.586574e-02 4.462034e-02  1.245396e-03
 4.815426e-02 4.406220e-02 4.647484e-02 4.526852e-02  1.206318e-03
 4.950064e-02 4.475297e-02 4.708892e-02 4.592094e-02  1.167973e-03
 5.088465e-02 4.544678e-02 4.770749e-02 4.657714e-02  1.130356e-03
 5.230737e-02 4.614312e-02 4.833005e-02 4.723658e-02  1.093466e-03
 5.376986e-02 4.684144e-02 4.895603e-02 4.789873e-02  1.057296e-03
 5.527325e-02 4.754116e-02 4.958484e-02 4.856300e-02  1.021844e-03
 5.681866e-02 4.824165e-02 5.021586e-02 4.922875e-02  9.871054e-04
 5.840729e-02 4.894224e-02 5.084840e-02 4.989532e-02  9.530766e-04
 6.004034e-02 4.964224e-02 5.148175e-02 5.056199e-02  9.197536e-04
 6.171904e-02 5.034089e-02 5.211515e-02 5.122802e-02  8.871328e-04
 6.344468e-02 5.103738e-02 5.274781e-02 5.189259e-02  8.552102e-04
 6.521857e-02 5.173089e-02 5.337885e-02 5.255487e-02  8.239820e-04
 6.704205e-02 5.242051e-02 5.400740e-02 5.321396e-02  7.934444e-04
 6.891652e-02 5.310530e-02 5.463249e-02 5.386890e-02  7.635935e-04
 7.084340e-02 5.378427e-02 5.525312e-02 5.451869e-02  7.344254e-04
 7.282415e-02 5.445636e-02 5.586823e-02 5.516230e-02  7.059363e-04
 7.486029e-02 5.512048e-02 5.647672e-02 5.579860e-02  6.781222e-04
 7.695335e-02 5.577546e-02 5.707742e-02 5.642644e-02  6.509790e-04
 7.910494e-02 5.642009e-02 5.766910e-02 5.704459e-02  6.245028e-04
 8.131668e-02 5.705310e-02 5.825048e-02 5.765179e-02  5.986894e-04
 8.359026e-02 5.767316e-02 5.882023e-02 5.824669e-02  5.735346e-04
 8.592741e-02 5.827888e-02 5.937695e-02 5.882791e-02  5.490342e-04
 8.832991e-02 5.886881e-02 5.991917e-02 5.939399e-02  5.251838e-04
 9.079958e-02 5.944144e-02 6.044540e-02 5.994342e-02  5.019790e-04
 9.333830e-02 5.999521e-02 6.095404e-02 6.047462e-02  4.794151e-04
 9.594800e-02 6.052849e-02 6.144347e-02 6.098598e-02  4.574876e-04
 9.863067e-02 6.103961e-02 6.191199e-02 6.147580e-02  4.361917e-04
 1.013883e-01 6.152681e-02 6.235786e-02 6.194233e-02  4.155223e-04
 1.042231e-01 6.198831e-02 6.277926e-02 6.238379e-02  3.954744e-04
 1.071372e-01 6.242226e-02 6.317435e-02 6.279830e-02  3.760428e-04
 1.101327e-01 6.282676e-02 6.354120e-02 6.318398e-02  3.572220e-04
 1.132119e-01 6.319986e-02 6.387787e-02 6.353886e-02  3.390065e-04
 1.163773e-01 6.353956e-02 6.418234e-02 6.386095e-02  3.213904e-04
 1.196312e-01 6.384385e-02 6.445258e-02 6.414821e-02  3.043678e-04
 1.229760e-01 6.411064e-02 6.468650e-02 6.439857e-02  2.879324e-04
 1.264144e-01 6.433783e-02 6.488199e-02 6.460991e-02  2.720778e-04
 1.299489e-01 6.452331e-02 6.503691e-02 6.478011e-02  2.567974e-04
 1.335822e-01 6.466493e-02 6.514909e-02 6.490701e-02  2.420843e-04
 1.373171e-01 6.476052e-02 6.521639e-02 6.498845e-02  2.279312e-04
 1.411564e-01 6.480795e-02 6.523661e-02 6.502228e-02  2.143307e-04
 1.451031e-01 6.480505e-02 6.520760e-02 6.500632e-02  2.012751e-04
 1.491601e-01 6.474969e-02 6.512720e-02 6.493845e-02  1.887564e-04
 1.533306e-01 6.463978e-02 6.499331e-02 6.481654e-02  1.767662e-04
 1.576176e-01 6.447324e-02 6.480383e-02 6.463854e-02  1.652960e-04
 1.620246e-01 6.424808e-02 6.455676e-02 6.440242e-02  1.543369e-04
 1.665547e-01 6.396236e-02 6.425012e-02 6.410624e-02  1.438795e-04
 1.712115e-01 6.361422e-02 6.388204e-02 6.374813e-02  1.339143e-04
 1.759985e-01 6.320191e-02 6.345077e-02 6.332634e-02  1.244315e-04
 1.809194e-01 6.272380e-02 6.295464e-02 6.283922e-02  1.154207e-04
 1.859778e-01 6.217840e-02 6.239215e-02 6.228527e-02  1.068715e-04
 1.911777e-01 6.156438e-02 6.176193e-02 6.166316e-02  9.877297e-05
 1.965229e-01 6.088058e-02 6.106281e-02 6.097170e-02  9.111391e-05
 2.020176e-01 6.012605e-02 6.029382e-02 6.020994e-02  8.388280e-05
 2.076659e-01 5.930006e-02 5.945419e-02 5.937713e-02  7.706783e-05
 2.134722e-01 5.840211e-02 5.854343e-02 5.847277e-02  7.065686e-05
 2.194408e-01 5.743201e-02 5.756128e-02 5.749664e-02  6.463749e-05
 2.255763e-01 5.638981e-02 5.650781e-02 5.644881e-02  5.899704e-05
 2.318833e-01 5.527593e-02 5.538337e-02 5.532965e-02  5.372258e-05
 2.383667e-01 5.409110e-02 5.418870e-02 5.413990e-02  4.880098e-05
 2.450313e-01 5.283643e-02 5.292487e-02 5.288065e-02  4.421886e-05
 2.518823e-01 5.151341e-02 5.159334e-02 5.155338e-02  3.996270e-05
 2.589248e-01 5.012396e-02 5.019600e-02 5.015998e-02  3.601882e-05
 2.661642e-01 4.867039e-02 4.873514e-02 4.870276e-02  3.237344e-05
 2.736061e-01 4.715550e-02 4.721353e-02 4.718451e-02  2.901270e-05
 2.812560e-01 4.558254e-02 4.563438e-02 4.560846e-02  2.592271e-05
 2.891198e-01 4.395523e-02 4.400141e-02 4.397832e-02  2.308956e-05
 2.972035e-01 4.227777e-02 4.231877e-02 4.229827e-02  2.049943e-05
 3.055132e-01 4.055488e-02 4.059115e-02 4.057301e-02  1.813856e-05
 3.140552e-01 3.879171e-02 3.882370e-02 3.880771e-02  1.599334e-05
 3.228361e-01 3.699396e-02 3.702206e-02 3.700801e-02  1.405035e-05
 3.318624e-01 3.516774e-02 3.519233e-02 3.518004e-02  1.229639e-05
 3.411412e-01 3.331964e-02 3.334108e-02 3.333036e-02  1.071855e-05
 3.506793e-01 3.145665e-02 3.147526e-02 3.146596e-02  9.304234e-06
 3.604842e-01 2.958614e-02 2.960223e-02 2.959418e-02  8.041220e-06
 3.705632e-01 2.771582e-02 2.772965e-02 2.772274e-02  6.917684e-06
 3.809240e-01 2.585366e-02 2.586551e-02 2.585958e-02  5.922251e-06
 3.915745e-01 2.400787e-02 2.401796e-02 2.401292e-02  5.044020e-06
 4.025227e-01 2.218679e-02 2.219534e-02 2.219106e-02  4.272596e-06
 4.137771e-01 2.039881e-02 2.040600e-02 2.040240e-02  3.598114e-06
 4.253462e-01 1.865226e-02 1.865829e-02 1.865528e-02  3.011258e-06
 4.372387e-01 1.695537e-02 1.696038e-02 1.695787e-02  2.503269e-06
 4.494637e-01 1.531607e-02 1.532021e-02 1.531814e-02  2.065957e-06
 4.620305e-01 1.374196e-02 1.374535e-02 1.374366e-02  1.691696e-06
 4.749487e-01 1.224013e-02 1.224288e-02 1.224150e-02  1.373422e-06
 4.882281e-01 1.081705e-02 1.081926e-02 1.081816e-02  1.104621e-06
 5.018787e-01 9.478466e-03 9.480224e-03 9.479345e-03  8.793100e-07
 5.159111e-01 8.229246e-03 8.230630e-03 8.229938e-03  6.920199e-07
 5.303357e-01 7.073295e-03 7.074371e-03 7.073833e-03  5.377698e-07
 5.451637e-01 6.013439e-03 6.014263e-03 6.013851e-03  4.120411e-07
 5.604063e-01 5.051351e-03 5.051973e-03 5.051662e-03  3.107500e-07
 5.760750e-01 4.187481e-03 4.187941e-03 4.187711e-03  2.302197e-07
 5.921818e-01 3.421013e-03 3.421347e-03 3.421180e-03  1.671544e-07
 6.087390e-01 2.749855e-03 2.750092e-03 2.749973e-03  1.186135e-07
 6.257591e-01 2.170661e-03 2.170825e-03 2.170743e-03  8.198980e-08
 6.432551e-01 1.678890e-03 1.679000e-03 1.678945e-03  5.498872e-08
 6.612403e-01 1.268892e-03 1.268963e-03 1.268928e-03  3.561106e-08
 6.797283e-01 9.340561e-04 9.341004e-04 9.340783e-04  2.213706e-08
 6.987332e-01 6.669765e-04 6.670027e-04 6.669896e-04  1.311175e-08
 7.182695e-01 4.596638e-04 4.596784e-04 4.596711e-04  7.330014e-09
 7.383520e-01 3.037822e-04 3.037898e-04 3.037860e-04  3.820343e-09
 7.589961e-01 1.909109e-04 1.909145e-04 1.909127e-04  1.825898e-09
 7.802173e-01 1.128171e-04 1.128186e-04 1.128178e-04  7.820890e-10
 8.020319e-01 6.172808e-05 6.172866e-05 6.172837e-05  2.903696e-10
 8.244563e-01 3.058758e-05 3.058776e-05 3.058767e-05  8.875510e-11
 8.475078e-01 1.327755e-05 1.327759e-05 1.327757e-05  2.048163e-11
 8.712038e-01 4.786830e-06 4.786836e-06 4.786833e-06  3.020364e-12
 8.955623e-01 1.305337e-06 1.305338e-06 1.305338e-06  1.881174e-13
 9.206019e-01 2.230603e-07 2.230603e-07 2.230603e-07  5.587072e-16
 9.463415e-01 1.467948e-08 1.467948e-08 1.467948e-08  1.323489e-23
 9.728009e-01 3.926293e-11 3.926293e-11 3.926293e-11  0.000000e+00