
 0.001997 -2.706354e-02 
 0.003993 -5.113605e-02 
 0.005989 -7.300151e-02 
 0.007985 -9.305235e-02 
 0.009981 -1.115691e-01 
 0.011977 -1.287696e-01 
 0.013973 -1.448344e-01 
 0.015969 -1.599146e-01 
 0.017965 -1.741378e-01 
 0.019961 -1.876109e-01 
 0.021957 -2.004191e-01 
 0.023953 -2.126248e-01 
 0.025949 -2.242805e-01 
 0.027945 -2.354313e-01 
 0.029941 -2.461136e-01 
 0.031937 -2.563501e-01 
 0.033933 -2.661465e-01 
 0.035929 -2.755080e-01 
 0.037925 -2.844435e-01 
 0.039921 -2.929670e-01 
 0.041917 -3.011045e-01 
 0.043913 -3.088977e-01 
 0.045909 -3.163868e-01 
 0.047905 -3.236056e-01 
 0.049901 -3.305807e-01 
 0.051897 -3.373250e-01 
 0.053893 -3.438338e-01 
 0.055889 -3.501008e-01 
 0.057885 -3.561223e-01 
 0.059881 -3.618978e-01 
 0.061877 -3.674328e-01 
 0.063873 -3.727414e-01 
 0.065869 -3.778380e-01 
 0.067865 -3.827358e-01 
 0.069861 -3.874465e-01 
 0.071857 -3.919791e-01 
 0.073853 -3.963394e-01 
 0.075849 -4.005325e-01 
 0.077845 -4.045631e-01 
 0.079841 -4.084358e-01 
 0.081837 -4.121547e-01 
 0.083833 -4.157235e-01 
 0.085829 -4.191460e-01 
 0.087825 -4.224257e-01 
 0.089821 -4.255667e-01 
 0.091817 -4.285735e-01 
 0.093813 -4.314514e-01 
 0.095809 -4.342058e-01 
 0.097805 -4.368416e-01 
 0.099801 -4.393630e-01 
 0.101797 -4.417735e-01 
 0.103793 -4.440752e-01 
 0.105789 -4.462701e-01 
 0.107785 -4.483602e-01 
 0.109781 -4.503478e-01 
 0.111777 -4.522357e-01 
 0.113773 -4.540274e-01 
 0.115769 -4.557263e-01 
 0.117765 -4.573357e-01 
 0.119761 -4.588586e-01 
 0.121757 -4.602975e-01 
 0.123753 -4.616544e-01 
 0.125749 -4.629310e-01 
 0.127745 -4.641290e-01 
 0.129741 -4.652499e-01 
 0.131737 -4.662952e-01 
 0.133733 -4.672662e-01 
 0.135729 -4.681639e-01 
 0.137725 -4.689896e-01 
 0.139721 -4.697444e-01 
 0.141717 -4.704296e-01 
 0.143713 -4.710462e-01 
 0.145709 -4.715955e-01 
 0.147705 -4.720787e-01 
 0.149701 -4.724972e-01 
 0.151697 -4.728529e-01 
 0.153693 -4.731480e-01 
 0.155689 -4.733847e-01 
 0.157685 -4.735653e-01 
 0.159681 -4.736919e-01 
 0.161677 -4.737664e-01 
 0.163673 -4.737909e-01 
 0.165669 -4.737671e-01 
 0.167666 -4.736967e-01 
 0.169662 -4.735812e-01 
 0.171658 -4.734216e-01 
 0.173654 -4.732188e-01 
 0.175650 -4.729733e-01 
 0.177646 -4.726856e-01 
 0.179642 -4.723563e-01 
 0.181638 -4.719855e-01 
 0.183634 -4.715734e-01 
 0.185630 -4.711199e-01 
 0.187626 -4.706250e-01 
 0.189622 -4.700889e-01 
 0.191618 -4.695113e-01 
 0.193614 -4.688922e-01 
 0.195610 -4.682312e-01 
 0.197606 -4.675285e-01 
 0.199602 -4.667845e-01 
 0.201598 -4.660005e-01 
 0.203594 -4.651783e-01 
 0.205590 -4.643206e-01 
 0.207586 -4.634294e-01 
 0.209582 -4.625068e-01 
 0.211578 -4.615544e-01 
 0.213574 -4.605735e-01 
 0.215570 -4.595654e-01 
 0.217566 -4.585309e-01 
 0.219562 -4.574709e-01 
 0.221558 -4.563862e-01 
 0.223554 -4.552772e-01 
 0.225550 -4.541441e-01 
 0.227546 -4.529871e-01 
 0.229542 -4.518064e-01 
 0.231538 -4.506020e-01 
 0.233534 -4.493736e-01 
 0.235530 -4.481208e-01 
 0.237526 -4.468432e-01 
 0.239522 -4.455407e-01 
 0.241518 -4.442130e-01 
 0.243514 -4.428597e-01 
 0.245510 -4.414808e-01 
 0.247506 -4.400762e-01 
 0.249502 -4.386461e-01 
 0.251498 -4.371912e-01 
 0.253494 -4.357127e-01 
 0.255490 -4.342121e-01 
 0.257486 -4.326906e-01 
 0.259482 -4.311495e-01 
 0.261478 -4.295897e-01 
 0.263474 -4.280114e-01 
 0.265470 -4.264149e-01 
 0.267466 -4.248006e-01 
 0.269462 -4.231688e-01 
 0.271458 -4.215201e-01 
 0.273454 -4.198553e-01 
 0.275450 -4.181754e-01 
 0.277446 -4.164811e-01 
 0.279442 -4.147733e-01 
 0.281438 -4.130529e-01 
 0.283434 -4.113205e-01 
 0.285430 -4.095767e-01 
 0.287426 -4.078223e-01 
 0.289422 -4.060581e-01 
 0.291418 -4.042851e-01 
 0.293414 -4.025049e-01 
 0.295410 -4.007190e-01 
 0.297406 -3.989285e-01 
 0.299402 -3.971344e-01 
 0.301398 -3.953366e-01 
 0.303394 -3.935340e-01 
 0.305390 -3.917247e-01 
 0.307386 -3.899075e-01 
 0.309382 -3.880809e-01 
 0.311378 -3.862440e-01 
 0.313374 -3.843966e-01 
 0.315370 -3.825385e-01 
 0.317366 -3.806696e-01 
 0.319362 -3.787900e-01 
 0.321358 -3.768999e-01 
 0.323354 -3.749994e-01 
 0.325350 -3.730891e-01 
 0.327346 -3.711693e-01 
 0.329342 -3.692407e-01 
 0.331338 -3.673038e-01 
 0.333334 -3.653597e-01 
 0.335330 -3.634092e-01 
 0.337326 -3.614534e-01 
 0.339322 -3.594932e-01 
 0.341318 -3.575293e-01 
 0.343314 -3.555626e-01 
 0.345310 -3.535938e-01 
 0.347306 -3.516233e-01 
 0.349302 -3.496517e-01 
 0.351298 -3.476792e-01 
 0.353294 -3.457054e-01 
 0.355290 -3.437300e-01 
 0.357286 -3.417526e-01 
 0.359282 -3.397731e-01 
 0.361278 -3.377914e-01 
 0.363274 -3.358081e-01 
 0.365270 -3.338235e-01 
 0.367266 -3.318384e-01 
 0.369262 -3.298529e-01 
 0.371258 -3.278671e-01 
 0.373254 -3.258808e-01 
 0.375250 -3.238935e-01 
 0.377246 -3.219047e-01 
 0.379242 -3.199140e-01 
 0.381238 -3.179209e-01 
 0.383234 -3.159251e-01 
 0.385230 -3.139260e-01 
 0.387226 -3.119234e-01 
 0.389222 -3.099165e-01 
 0.391218 -3.079047e-01 
 0.393214 -3.058864e-01 
 0.395210 -3.038603e-01 
 0.397206 -3.018252e-01 
 0.399202 -2.997805e-01 
 0.401198 -2.977267e-01 
 0.403194 -2.956660e-01 
 0.405190 -2.936014e-01 
 0.407186 -2.915355e-01 
 0.409182 -2.894708e-01 
 0.411178 -2.874092e-01 
 0.413174 -2.853516e-01 
 0.415170 -2.832989e-01 
 0.417166 -2.812514e-01 
 0.419162 -2.792097e-01 
 0.421158 -2.771743e-01 
 0.423154 -2.751453e-01 
 0.425150 -2.731232e-01 
 0.427146 -2.711078e-01 
 0.429142 -2.690994e-01 
 0.431138 -2.670977e-01 
 0.433134 -2.651021e-01 
 0.435130 -2.631120e-01 
 0.437126 -2.611266e-01 
 0.439122 -2.591456e-01 
 0.441118 -2.571684e-01 
 0.443114 -2.551953e-01 
 0.445110 -2.532263e-01 
 0.447106 -2.512616e-01 
 0.449102 -2.493013e-01 
 0.451098 -2.473454e-01 
 0.453094 -2.453936e-01 
 0.455090 -2.434456e-01 
 0.457086 -2.415011e-01 
 0.459082 -2.395598e-01 
 0.461078 -2.376215e-01 
 0.463074 -2.356860e-01 
 0.465070 -2.337532e-01 
 0.467066 -2.318229e-01 
 0.469062 -2.298953e-01 
 0.471058 -2.279701e-01 
 0.473054 -2.260474e-01 
 0.475050 -2.241271e-01 
 0.477046 -2.222093e-01 
 0.479042 -2.202940e-01 
 0.481038 -2.183814e-01 
 0.483034 -2.164716e-01 
 0.485030 -2.145651e-01 
 0.487026 -2.126621e-01 
 0.489022 -2.107628e-01 
 0.491018 -2.088672e-01 
 0.493014 -2.069750e-01 
 0.495010 -2.050860e-01 
 0.497006 -2.031997e-01 
 0.499002 -2.013161e-01 
 0.500999 -1.994354e-01 
 0.502995 -1.975586e-01 
 0.504991 -1.956866e-01 
 0.506987 -1.938208e-01 
 0.508983 -1.919620e-01 
 0.510979 -1.901111e-01 
 0.512975 -1.882688e-01 
 0.514971 -1.864355e-01 
 0.516967 -1.846115e-01 
 0.518963 -1.827973e-01 
 0.520959 -1.809930e-01 
 0.522955 -1.791989e-01 
 0.524951 -1.774148e-01 
 0.526947 -1.756409e-01 
 0.528943 -1.738771e-01 
 0.530939 -1.721231e-01 
 0.532935 -1.703788e-01 
 0.534931 -1.686436e-01 
 0.536927 -1.669173e-01 
 0.538923 -1.651994e-01 
 0.540919 -1.634897e-01 
 0.542915 -1.617880e-01 
 0.544911 -1.600940e-01 
 0.546907 -1.584077e-01 
 0.548903 -1.567290e-01 
 0.550899 -1.550579e-01 
 0.552895 -1.533946e-01 
 0.554891 -1.517391e-01 
 0.556887 -1.500918e-01 
 0.558883 -1.484528e-01 
 0.560879 -1.468225e-01 
 0.562875 -1.452010e-01 
 0.564871 -1.435887e-01 
 0.566867 -1.419859e-01 
 0.568863 -1.403926e-01 
 0.570859 -1.388089e-01 
 0.572855 -1.372345e-01 
 0.574851 -1.356687e-01 
 0.576847 -1.341111e-01 
 0.578843 -1.325611e-01 
 0.580839 -1.310183e-01 
 0.582835 -1.294819e-01 
 0.584831 -1.279516e-01 
 0.586827 -1.264267e-01 
 0.588823 -1.249065e-01 
 0.590819 -1.233903e-01 
 0.592815 -1.218765e-01 
 0.594811 -1.203634e-01 
 0.596807 -1.188497e-01 
 0.598803 -1.173345e-01 
 0.600799 -1.158179e-01 
 0.602795 -1.143017e-01 
 0.604791 -1.127890e-01 
 0.606787 -1.112825e-01 
 0.608783 -1.097848e-01 
 0.610779 -1.082979e-01 
 0.612775 -1.068231e-01 
 0.614771 -1.053608e-01 
 0.616767 -1.039118e-01 
 0.618763 -1.024765e-01 
 0.620759 -1.010551e-01 
 0.622755 -9.964800e-02 
 0.624751 -9.825529e-02 
 0.626747 -9.687702e-02 
 0.628743 -9.551311e-02 
 0.630739 -9.416332e-02 
 0.632735 -9.282700e-02 
 0.634731 -9.150322e-02 
 0.636727 -9.019116e-02 
 0.638723 -8.889007e-02 
 0.640719 -8.759943e-02 
 0.642715 -8.631906e-02 
 0.644711 -8.504908e-02 
 0.646707 -8.378957e-02 
 0.648703 -8.254055e-02 
 0.650699 -8.130194e-02 
 0.652695 -8.007347e-02 
 0.654691 -7.885471e-02 
 0.656687 -7.764522e-02 
 0.658683 -7.644459e-02 
 0.660679 -7.525239e-02 
 0.662675 -7.406811e-02 
 0.664671 -7.289121e-02 
 0.666667 -7.172125e-02 
 0.668663 -7.055790e-02 
 0.670659 -6.940100e-02 
 0.672655 -6.825074e-02 
 0.674651 -6.710757e-02 
 0.676647 -6.597198e-02 
 0.678643 -6.484449e-02 
 0.680639 -6.372566e-02 
 0.682635 -6.261617e-02 
 0.684631 -6.151681e-02 
 0.686627 -6.042834e-02 
 0.688623 -5.935156e-02 
 0.690619 -5.828732e-02 
 0.692615 -5.723672e-02 
 0.694611 -5.620103e-02 
 0.696607 -5.518124e-02 
 0.698603 -5.417807e-02 
 0.700599 -5.319165e-02 
 0.702595 -5.222107e-02 
 0.704591 -5.126445e-02 
 0.706587 -5.032004e-02 
 0.708583 -4.938630e-02 
 0.710579 -4.846195e-02 
 0.712575 -4.754622e-02 
 0.714571 -4.663883e-02 
 0.716567 -4.573954e-02 
 0.718563 -4.484815e-02 
 0.720559 -4.396450e-02 
 0.722555 -4.308851e-02 
 0.724551 -4.222016e-02 
 0.726547 -4.135948e-02 
 0.728543 -4.050654e-02 
 0.730539 -3.966149e-02 
 0.732535 -3.882469e-02 
 0.734531 -3.799661e-02 
 0.736527 -3.717774e-02 
 0.738523 -3.636852e-02 
 0.740519 -3.556936e-02 
 0.742515 -3.478062e-02 
 0.744511 -3.400262e-02 
 0.746507 -3.323560e-02 
 0.748503 -3.247975e-02 
 0.750499 -3.173510e-02 
 0.752495 -3.100145e-02 
 0.754491 -3.027831e-02 
 0.756487 -2.956524e-02 
 0.758483 -2.886186e-02 
 0.760479 -2.816782e-02 
 0.762475 -2.748292e-02 
 0.764471 -2.680706e-02 
 0.766467 -2.614018e-02 
 0.768463 -2.548220e-02 
 0.770459 -2.483313e-02 
 0.772455 -2.419298e-02 
 0.774451 -2.356181e-02 
 0.776447 -2.293972e-02 
 0.778443 -2.232683e-02 
 0.780439 -2.172330e-02 
 0.782435 -2.112940e-02 
 0.784431 -2.054549e-02 
 0.786427 -1.997192e-02 
 0.788423 -1.940898e-02 
 0.790419 -1.885689e-02 
 0.792415 -1.831569e-02 
 0.794411 -1.778529e-02 
 0.796407 -1.726561e-02 
 0.798403 -1.675662e-02 
 0.800399 -1.625841e-02 
 0.802395 -1.577124e-02 
 0.804391 -1.529560e-02 
 0.806387 -1.483195e-02 
 0.808383 -1.438070e-02 
 0.810379 -1.394218e-02 
 0.812375 -1.351662e-02 
 0.814371 -1.310412e-02 
 0.816367 -1.270475e-02 
 0.818363 -1.231857e-02 
 0.820359 -1.194561e-02 
 0.822355 -1.158584e-02 
 0.824351 -1.123923e-02 
 0.826347 -1.090571e-02 
 0.828343 -1.058524e-02 
 0.830339 -1.027781e-02 
 0.832335 -9.983516e-03 
 0.834332 -9.702614e-03 
 0.836328 -9.435211e-03 
 0.838324 -9.181216e-03 
 0.840320 -8.940214e-03 
 0.842316 -8.711068e-03 
 0.844312 -8.491849e-03 
 0.846308 -8.280761e-03 
 0.848304 -8.076283e-03 
 0.850300 -7.877313e-03 
 0.852296 -7.683580e-03 
 0.854292 -7.495745e-03 
 0.856288 -7.314462e-03 
 0.858284 -7.140252e-03 
 0.860280 -6.973434e-03 
 0.862276 -6.813934e-03 
 0.864272 -6.661234e-03 
 0.866268 -6.514797e-03 
 0.868264 -6.374126e-03 
 0.870260 -6.238781e-03 
 0.872256 -6.108428e-03 
 0.874252 -5.982857e-03 
 0.876248 -5.861868e-03 
 0.878244 -5.745254e-03 
 0.880240 -5.632801e-03 
 0.882236 -5.524267e-03 
 0.884232 -5.419386e-03 
 0.886228 -5.317890e-03 
 0.888224 -5.219522e-03 
 0.890220 -5.124030e-03 
 0.892216 -5.031173e-03 
 0.894212 -4.940726e-03 
 0.896208 -4.852467e-03 
 0.898204 -4.766177e-03 
 0.900200 -4.681642e-03 
 0.902196 -4.598650e-03 
 0.904192 -4.516993e-03 
 0.906188 -4.436464e-03 
 0.908184 -4.356866e-03 
 0.910180 -4.278004e-03 
 0.912176 -4.199689e-03 
 0.914172 -4.121740e-03 
 0.916168 -4.043979e-03 
 0.918164 -3.966236e-03 
 0.920160 -3.888345e-03 
 0.922156 -3.810147e-03 
 0.924152 -3.731489e-03 
 0.926148 -3.652223e-03 
 0.928144 -3.572210e-03 
 0.930140 -3.491316e-03 
 0.932136 -3.409416e-03 
 0.934132 -3.326390e-03 
 0.936128 -3.242128e-03 
 0.938124 -3.156527e-03 
 0.940120 -3.069494e-03 
 0.942116 -2.980944e-03 
 0.944112 -2.890800e-03 
 0.946108 -2.798998e-03 
 0.948104 -2.705481e-03 
 0.950100 -2.610207e-03 
 0.952096 -2.513142e-03 
 0.954092 -2.414268e-03 
 0.956088 -2.313579e-03 
 0.958084 -2.211084e-03 
 0.960080 -2.106809e-03 
 0.962076 -2.000795e-03 
 0.964072 -1.893105e-03 
 0.966068 -1.783821e-03 
 0.968064 -1.673049e-03 
 0.970060 -1.560922e-03 
 0.972056 -1.447601e-03 
 0.974052 -1.333282e-03 
 0.976048 -1.218201e-03 
 0.978044 -1.102639e-03 
 0.980040 -9.869326e-04 
 0.982036 -8.714834e-04 
 0.984032 -7.567777e-04 
 0.986028 -6.434070e-04 
 0.988024 -5.321026e-04 
 0.990020 -4.237898e-04 
 0.992016 -3.196752e-04 
 0.994012 -2.214258e-04 
 0.996008 -1.314738e-04 
 0.998004 -5.428363e-05 