
 0.001997 2.552872e-03 
 0.003993 4.768867e-03 
 0.005989 6.774644e-03 
 0.007985 8.615273e-03 
 0.009981 1.031923e-02 
 0.011977 1.190532e-02 
 0.013973 1.338763e-02 
 0.015969 1.477706e-02 
 0.017965 1.608241e-02 
 0.019961 1.731094e-02 
 0.021957 1.846879e-02 
 0.023953 1.956123e-02 
 0.025949 2.059285e-02 
 0.027945 2.156766e-02 
 0.029941 2.248926e-02 
 0.031937 2.336084e-02 
 0.033933 2.418528e-02 
 0.035929 2.496520e-02 
 0.037925 2.570298e-02 
 0.039921 2.640079e-02 
 0.041917 2.706066e-02 
 0.043913 2.768443e-02 
 0.045909 2.827381e-02 
 0.047905 2.883040e-02 
 0.049901 2.935569e-02 
 0.051897 2.985107e-02 
 0.053893 3.031783e-02 
 0.055889 3.075720e-02 
 0.057885 3.117033e-02 
 0.059881 3.155829e-02 
 0.061877 3.192212e-02 
 0.063873 3.226278e-02 
 0.065869 3.258118e-02 
 0.067865 3.287819e-02 
 0.069861 3.315464e-02 
 0.071857 3.341131e-02 
 0.073853 3.364896e-02 
 0.075849 3.386828e-02 
 0.077845 3.406997e-02 
 0.079841 3.425467e-02 
 0.081837 3.442300e-02 
 0.083833 3.457556e-02 
 0.085829 3.471292e-02 
 0.087825 3.483561e-02 
 0.089821 3.494418e-02 
 0.091817 3.503910e-02 
 0.093813 3.512088e-02 
 0.095809 3.518997e-02 
 0.097805 3.524683e-02 
 0.099801 3.529187e-02 
 0.101797 3.532552e-02 
 0.103793 3.534817e-02 
 0.105789 3.536020e-02 
 0.107785 3.536199e-02 
 0.109781 3.535390e-02 
 0.111777 3.533627e-02 
 0.113773 3.530944e-02 
 0.115769 3.527372e-02 
 0.117765 3.522943e-02 
 0.119761 3.517686e-02 
 0.121757 3.511632e-02 
 0.123753 3.504809e-02 
 0.125749 3.497242e-02 
 0.127745 3.488960e-02 
 0.129741 3.479988e-02 
 0.131737 3.470350e-02 
 0.133733 3.460071e-02 
 0.135729 3.449173e-02 
 0.137725 3.437680e-02 
 0.139721 3.425613e-02 
 0.141717 3.412994e-02 
 0.143713 3.399843e-02 
 0.145709 3.386181e-02 
 0.147705 3.372026e-02 
 0.149701 3.357398e-02 
 0.151697 3.342314e-02 
 0.153693 3.326794e-02 
 0.155689 3.310854e-02 
 0.157685 3.294510e-02 
 0.159681 3.277780e-02 
 0.161677 3.260679e-02 
 0.163673 3.243222e-02 
 0.165669 3.225425e-02 
 0.167666 3.207302e-02 
 0.169662 3.188867e-02 
 0.171658 3.170134e-02 
 0.173654 3.151117e-02 
 0.175650 3.131828e-02 
 0.177646 3.112281e-02 
 0.179642 3.092487e-02 
 0.181638 3.072458e-02 
 0.183634 3.052207e-02 
 0.185630 3.031745e-02 
 0.187626 3.011082e-02 
 0.189622 2.990229e-02 
 0.191618 2.969198e-02 
 0.193614 2.947998e-02 
 0.195610 2.926638e-02 
 0.197606 2.905129e-02 
 0.199602 2.883481e-02 
 0.201598 2.861701e-02 
 0.203594 2.839800e-02 
 0.205590 2.817786e-02 
 0.207586 2.795666e-02 
 0.209582 2.773451e-02 
 0.211578 2.751146e-02 
 0.213574 2.728761e-02 
 0.215570 2.706302e-02 
 0.217566 2.683778e-02 
 0.219562 2.661195e-02 
 0.221558 2.638560e-02 
 0.223554 2.615880e-02 
 0.225550 2.593161e-02 
 0.227546 2.570411e-02 
 0.229542 2.547635e-02 
 0.231538 2.524839e-02 
 0.233534 2.502029e-02 
 0.235530 2.479212e-02 
 0.237526 2.456392e-02 
 0.239522 2.433575e-02 
 0.241518 2.410766e-02 
 0.243514 2.387971e-02 
 0.245510 2.365194e-02 
 0.247506 2.342440e-02 
 0.249502 2.319715e-02 
 0.251498 2.297022e-02 
 0.253494 2.274365e-02 
 0.255490 2.251750e-02 
 0.257486 2.229181e-02 
 0.259482 2.206661e-02 
 0.261478 2.184195e-02 
 0.263474 2.161786e-02 
 0.265470 2.139438e-02 
 0.267466 2.117155e-02 
 0.269462 2.094940e-02 
 0.271458 2.072796e-02 
 0.273454 2.050728e-02 
 0.275450 2.028737e-02 
 0.277446 2.006828e-02 
 0.279442 1.985002e-02 
 0.281438 1.963264e-02 
 0.283434 1.941616e-02 
 0.285430 1.920060e-02 
 0.287426 1.898599e-02 
 0.289422 1.877236e-02 
 0.291418 1.855973e-02 
 0.293414 1.834812e-02 
 0.295410 1.813756e-02 
 0.297406 1.792808e-02 
 0.299402 1.771968e-02 
 0.301398 1.751239e-02 
 0.303394 1.730624e-02 
 0.305390 1.710124e-02 
 0.307386 1.689740e-02 
 0.309382 1.669475e-02 
 0.311378 1.649331e-02 
 0.313374 1.629308e-02 
 0.315370 1.609409e-02 
 0.317366 1.589634e-02 
 0.319362 1.569986e-02 
 0.321358 1.550466e-02 
 0.323354 1.531075e-02 
 0.325350 1.511814e-02 
 0.327346 1.492685e-02 
 0.329342 1.473688e-02 
 0.331338 1.454825e-02 
 0.333334 1.436096e-02 
 0.335330 1.417504e-02 
 0.337326 1.399047e-02 
 0.339322 1.380729e-02 
 0.341318 1.362548e-02 
 0.343314 1.344507e-02 
 0.345310 1.326605e-02 
 0.347306 1.308844e-02 
 0.349302 1.291224e-02 
 0.351298 1.273746e-02 
 0.353294 1.256409e-02 
 0.355290 1.239216e-02 
 0.357286 1.222165e-02 
 0.359282 1.205258e-02 
 0.361278 1.188495e-02 
 0.363274 1.171876e-02 
 0.365270 1.155402e-02 
 0.367266 1.139072e-02 
 0.369262 1.122888e-02 
 0.371258 1.106848e-02 
 0.373254 1.090954e-02 
 0.375250 1.075206e-02 
 0.377246 1.059603e-02 
 0.379242 1.044145e-02 
 0.381238 1.028834e-02 
 0.383234 1.013668e-02 
 0.385230 9.986471e-03 
 0.387226 9.837720e-03 
 0.389222 9.690424e-03 
 0.391218 9.544580e-03 
 0.393214 9.400187e-03 
 0.395210 9.257243e-03 
 0.397206 9.115747e-03 
 0.399202 8.975695e-03 
 0.401198 8.837085e-03 
 0.403194 8.699915e-03 
 0.405190 8.564181e-03 
 0.407186 8.429879e-03 
 0.409182 8.297007e-03 
 0.411178 8.165561e-03 
 0.413174 8.035536e-03 
 0.415170 7.906928e-03 
 0.417166 7.779733e-03 
 0.419162 7.653947e-03 
 0.421158 7.529563e-03 
 0.423154 7.406579e-03 
 0.425150 7.284987e-03 
 0.427146 7.164784e-03 
 0.429142 7.045963e-03 
 0.431138 6.928519e-03 
 0.433134 6.812445e-03 
 0.435130 6.697736e-03 
 0.437126 6.584386e-03 
 0.439122 6.472388e-03 
 0.441118 6.361736e-03 
 0.443114 6.252423e-03 
 0.445110 6.144443e-03 
 0.447106 6.037788e-03 
 0.449102 5.932451e-03 
 0.451098 5.828426e-03 
 0.453094 5.725705e-03 
 0.455090 5.624280e-03 
 0.457086 5.524145e-03 
 0.459082 5.425291e-03 
 0.461078 5.327711e-03 
 0.463074 5.231397e-03 
 0.465070 5.136342e-03 
 0.467066 5.042536e-03 
 0.469062 4.949972e-03 
 0.471058 4.858642e-03 
 0.473054 4.768537e-03 
 0.475050 4.679649e-03 
 0.477046 4.591970e-03 
 0.479042 4.505492e-03 
 0.481038 4.420204e-03 
 0.483034 4.336100e-03 
 0.485030 4.253169e-03 
 0.487026 4.171404e-03 
 0.489022 4.090796e-03 
 0.491018 4.011335e-03 
 0.493014 3.933012e-03 
 0.495010 3.855819e-03 
 0.497006 3.779747e-03 
 0.499002 3.704786e-03 
 0.500999 3.630927e-03 
 0.502995 3.558162e-03 
 0.504991 3.486480e-03 
 0.506987 3.415873e-03 
 0.508983 3.346330e-03 
 0.510979 3.277844e-03 
 0.512975 3.210405e-03 
 0.514971 3.144002e-03 
 0.516967 3.078627e-03 
 0.518963 3.014271e-03 
 0.520959 2.950923e-03 
 0.522955 2.888574e-03 
 0.524951 2.827216e-03 
 0.526947 2.766838e-03 
 0.528943 2.707430e-03 
 0.530939 2.648984e-03 
 0.532935 2.591490e-03 
 0.534931 2.534938e-03 
 0.536927 2.479319e-03 
 0.538923 2.424623e-03 
 0.540919 2.370841e-03 
 0.542915 2.317963e-03 
 0.544911 2.265980e-03 
 0.546907 2.214881e-03 
 0.548903 2.164659e-03 
 0.550899 2.115302e-03 
 0.552895 2.066802e-03 
 0.554891 2.019150e-03 
 0.556887 1.972335e-03 
 0.558883 1.926348e-03 
 0.560879 1.881180e-03 
 0.562875 1.836821e-03 
 0.564871 1.793263e-03 
 0.566867 1.750495e-03 
 0.568863 1.708508e-03 
 0.570859 1.667294e-03 
 0.572855 1.626842e-03 
 0.574851 1.587144e-03 
 0.576847 1.548190e-03 
 0.578843 1.509972e-03 
 0.580839 1.472479e-03 
 0.582835 1.435703e-03 
 0.584831 1.399634e-03 
 0.586827 1.364264e-03 
 0.588823 1.329584e-03 
 0.590819 1.295585e-03 
 0.592815 1.262257e-03 
 0.594811 1.229591e-03 
 0.596807 1.197580e-03 
 0.598803 1.166214e-03 
 0.600799 1.135484e-03 
 0.602795 1.105382e-03 
 0.604791 1.075898e-03 
 0.606787 1.047025e-03 
 0.608783 1.018754e-03 
 0.610779 9.910751e-04 
 0.612775 9.639812e-04 
 0.614771 9.374635e-04 
 0.616767 9.115134e-04 
 0.618763 8.861228e-04 
 0.620759 8.612832e-04 
 0.622755 8.369865e-04 
 0.624751 8.132245e-04 
 0.626747 7.899890e-04 
 0.628743 7.672719e-04 
 0.630739 7.450653e-04 
 0.632735 7.233611e-04 
 0.634731 7.021515e-04 
 0.636727 6.814286e-04 
 0.638723 6.611846e-04 
 0.640719 6.414118e-04 
 0.642715 6.221025e-04 
 0.644711 6.032491e-04 
 0.646707 5.848440e-04 
 0.648703 5.668798e-04 
 0.650699 5.493490e-04 
 0.652695 5.322442e-04 
 0.654691 5.155582e-04 
 0.656687 4.992837e-04 
 0.658683 4.834135e-04 
 0.660679 4.679405e-04 
 0.662675 4.528577e-04 
 0.664671 4.381581e-04 
 0.666667 4.238347e-04 
 0.668663 4.098808e-04 
 0.670659 3.962894e-04 
 0.672655 3.830540e-04 
 0.674651 3.701677e-04 
 0.676647 3.576242e-04 
 0.678643 3.454168e-04 
 0.680639 3.335390e-04 
 0.682635 3.219845e-04 
 0.684631 3.107470e-04 
 0.686627 2.998202e-04 
 0.688623 2.891980e-04 
 0.690619 2.788741e-04 
 0.692615 2.688427e-04 
 0.694611 2.590976e-04 
 0.696607 2.496330e-04 
 0.698603 2.404431e-04 
 0.700599 2.315220e-04 
 0.702595 2.228641e-04 
 0.704591 2.144638e-04 
 0.706587 2.063154e-04 
 0.708583 1.984135e-04 
 0.710579 1.907527e-04 
 0.712575 1.833276e-04 
 0.714571 1.761328e-04 
 0.716567 1.691633e-04 
 0.718563 1.624138e-04 
 0.720559 1.558793e-04 
 0.722555 1.495547e-04 
 0.724551 1.434352e-04 
 0.726547 1.375158e-04 
 0.728543 1.317917e-04 
 0.730539 1.262583e-04 
 0.732535 1.209108e-04 
 0.734531 1.157446e-04 
 0.736527 1.107553e-04 
 0.738523 1.059383e-04 
 0.740519 1.012893e-04 
 0.742515 9.680391e-05 
 0.744511 9.247793e-05 
 0.746507 8.830715e-05 
 0.748503 8.428744e-05 
 0.750499 8.041476e-05 
 0.752495 7.668511e-05 
 0.754491 7.309457e-05 
 0.756487 6.963930e-05 
 0.758483 6.631550e-05 
 0.760479 6.311945e-05 
 0.762475 6.004750e-05 
 0.764471 5.709605e-05 
 0.766467 5.426159e-05 
 0.768463 5.154064e-05 
 0.770459 4.892981e-05 
 0.772455 4.642578e-05 
 0.774451 4.402527e-05 
 0.776447 4.172508e-05 
 0.778443 3.952206e-05 
 0.780439 3.741315e-05 
 0.782435 3.539531e-05 
 0.784431 3.346560e-05 
 0.786427 3.162113e-05 
 0.788423 2.985905e-05 
 0.790419 2.817660e-05 
 0.792415 2.657106e-05 
 0.794411 2.503979e-05 
 0.796407 2.358018e-05 
 0.798403 2.218971e-05 
 0.800399 2.086589e-05 
 0.802395 1.960631e-05 
 0.804391 1.840861e-05 
 0.806387 1.727047e-05 
 0.808383 1.618966e-05 
 0.810379 1.516398e-05 
 0.812375 1.419129e-05 
 0.814371 1.326951e-05 
 0.816367 1.239661e-05 
 0.818363 1.157060e-05 
 0.820359 1.078959e-05 
 0.822355 1.005168e-05 
 0.824351 9.355060e-06 
 0.826347 8.697968e-06 
 0.828343 8.078683e-06 
 0.830339 7.495540e-06 
 0.832335 6.946919e-06 
 0.834332 6.431253e-06 
 0.836328 5.947020e-06 
 0.838324 5.492746e-06 
 0.840320 5.067005e-06 
 0.842316 4.668415e-06 
 0.844312 4.295641e-06 
 0.846308 3.947392e-06 
 0.848304 3.622420e-06 
 0.850300 3.319521e-06 
 0.852296 3.037534e-06 
 0.854292 2.775339e-06 
 0.856288 2.531857e-06 
 0.858284 2.306050e-06 
 0.860280 2.096919e-06 
 0.862276 1.903505e-06 
 0.864272 1.724887e-06 
 0.866268 1.560182e-06 
 0.868264 1.408541e-06 
 0.870260 1.269154e-06 
 0.872256 1.141245e-06 
 0.874252 1.024073e-06 
 0.876248 9.169297e-07 
 0.878244 8.191394e-07 
 0.880240 7.300594e-07 
 0.882236 6.490779e-07 
 0.884232 5.756137e-07 
 0.886228 5.091146e-07 
 0.888224 4.490575e-07 
 0.890220 3.949472e-07 
 0.892216 3.463162e-07 
 0.894212 3.027229e-07 
 0.896208 2.637513e-07 
 0.898204 2.290102e-07 
 0.900200 1.981323e-07 
 0.902196 1.707738e-07 
 0.904192 1.466131e-07 
 0.906188 1.253497e-07 
 0.908184 1.067036e-07 
 0.910180 9.041480e-08 
 0.912176 7.624269e-08 
 0.914172 6.396462e-08 
 0.916168 5.337498e-08 
 0.918164 4.428466e-08 
 0.920160 3.652053e-08 
 0.922156 2.992469e-08 
 0.924152 2.435335e-08 
 0.926148 1.967571e-08 
 0.928144 1.577351e-08 
 0.930140 1.254055e-08 
 0.932136 9.882011e-09 
 0.934132 7.713399e-09 
 0.936128 5.959404e-09 
 0.938124 4.553554e-09 
 0.940120 3.437803e-09 
 0.942116 2.561961e-09 
 0.944112 1.882689e-09 
 0.946108 1.362501e-09 
 0.948104 9.694714e-10 
 0.950100 6.769231e-10 
 0.952096 4.629666e-10 
 0.954092 3.096389e-10 
 0.956088 2.020443e-10 
 0.958084 1.281598e-10 
 0.960080 7.863296e-11 
 0.962076 4.647788e-11 
 0.964072 2.647207e-11 
 0.966068 1.455043e-11 
 0.968064 7.704747e-12 
 0.970060 3.888662e-12 
 0.972056 1.873432e-12 
 0.974052 9.439985e-13 
 0.976048 5.916322e-13 
 0.978044 4.821399e-13 
 0.980040 4.345876e-13 
 0.982036 3.932544e-13 
 0.984032 3.633674e-13 
 0.986028 3.460561e-13 
 0.988024 3.350055e-13 
 0.990020 3.172239e-13 
 0.992016 2.774424e-13 
 0.994012 2.083684e-13 
 0.996008 1.210198e-13 
 0.998004 4.141755e-14 