
 0.001997 -4.993257e-03 
 0.003993 -9.356750e-03 
 0.005989 -1.332255e-02 
 0.007985 -1.697390e-02 
 0.009981 -2.036350e-02 
 0.011977 -2.352628e-02 
 0.013973 -2.648852e-02 
 0.015969 -2.927057e-02 
 0.017965 -3.188892e-02 
 0.019961 -3.435721e-02 
 0.021957 -3.668700e-02 
 0.023953 -3.888824e-02 
 0.025949 -4.096959e-02 
 0.027945 -4.293868e-02 
 0.029941 -4.480231e-02 
 0.031937 -4.656656e-02 
 0.033933 -4.823695e-02 
 0.035929 -4.981847e-02 
 0.037925 -5.131567e-02 
 0.039921 -5.273275e-02 
 0.041917 -5.407357e-02 
 0.043913 -5.534170e-02 
 0.045909 -5.654044e-02 
 0.047905 -5.767290e-02 
 0.049901 -5.874194e-02 
 0.051897 -5.975028e-02 
 0.053893 -6.070043e-02 
 0.055889 -6.159479e-02 
 0.057885 -6.243560e-02 
 0.059881 -6.322498e-02 
 0.061877 -6.396494e-02 
 0.063873 -6.465738e-02 
 0.065869 -6.530411e-02 
 0.067865 -6.590684e-02 
 0.069861 -6.646721e-02 
 0.071857 -6.698676e-02 
 0.073853 -6.746699e-02 
 0.075849 -6.790932e-02 
 0.077845 -6.831510e-02 
 0.079841 -6.868562e-02 
 0.081837 -6.902214e-02 
 0.083833 -6.932585e-02 
 0.085829 -6.959788e-02 
 0.087825 -6.983934e-02 
 0.089821 -7.005129e-02 
 0.091817 -7.023474e-02 
 0.093813 -7.039067e-02 
 0.095809 -7.052002e-02 
 0.097805 -7.062371e-02 
 0.099801 -7.070260e-02 
 0.101797 -7.075755e-02 
 0.103793 -7.078937e-02 
 0.105789 -7.079884e-02 
 0.107785 -7.078674e-02 
 0.109781 -7.075379e-02 
 0.111777 -7.070071e-02 
 0.113773 -7.062819e-02 
 0.115769 -7.053689e-02 
 0.117765 -7.042747e-02 
 0.119761 -7.030054e-02 
 0.121757 -7.015673e-02 
 0.123753 -6.999660e-02 
 0.125749 -6.982075e-02 
 0.127745 -6.962971e-02 
 0.129741 -6.942403e-02 
 0.131737 -6.920422e-02 
 0.133733 -6.897081e-02 
 0.135729 -6.872427e-02 
 0.137725 -6.846508e-02 
 0.139721 -6.819371e-02 
 0.141717 -6.791062e-02 
 0.143713 -6.761623e-02 
 0.145709 -6.731098e-02 
 0.147705 -6.699527e-02 
 0.149701 -6.666952e-02 
 0.151697 -6.633412e-02 
 0.153693 -6.598944e-02 
 0.155689 -6.563587e-02 
 0.157685 -6.527375e-02 
 0.159681 -6.490345e-02 
 0.161677 -6.452530e-02 
 0.163673 -6.413964e-02 
 0.165669 -6.374679e-02 
 0.167666 -6.334708e-02 
 0.169662 -6.294080e-02 
 0.171658 -6.252826e-02 
 0.173654 -6.210974e-02 
 0.175650 -6.168555e-02 
 0.177646 -6.125594e-02 
 0.179642 -6.082120e-02 
 0.181638 -6.038158e-02 
 0.183634 -5.993735e-02 
 0.185630 -5.948874e-02 
 0.187626 -5.903601e-02 
 0.189622 -5.857940e-02 
 0.191618 -5.811912e-02 
 0.193614 -5.765542e-02 
 0.195610 -5.718850e-02 
 0.197606 -5.671859e-02 
 0.199602 -5.624588e-02 
 0.201598 -5.577059e-02 
 0.203594 -5.529292e-02 
 0.205590 -5.481304e-02 
 0.207586 -5.433116e-02 
 0.209582 -5.384746e-02 
 0.211578 -5.336211e-02 
 0.213574 -5.287528e-02 
 0.215570 -5.238716e-02 
 0.217566 -5.189789e-02 
 0.219562 -5.140765e-02 
 0.221558 -5.091659e-02 
 0.223554 -5.042485e-02 
 0.225550 -4.993260e-02 
 0.227546 -4.943997e-02 
 0.229542 -4.894710e-02 
 0.231538 -4.845414e-02 
 0.233534 -4.796121e-02 
 0.235530 -4.746844e-02 
 0.237526 -4.697596e-02 
 0.239522 -4.648390e-02 
 0.241518 -4.599236e-02 
 0.243514 -4.550147e-02 
 0.245510 -4.501135e-02 
 0.247506 -4.452209e-02 
 0.249502 -4.403381e-02 
 0.251498 -4.354660e-02 
 0.253494 -4.306058e-02 
 0.255490 -4.257584e-02 
 0.257486 -4.209246e-02 
 0.259482 -4.161055e-02 
 0.261478 -4.113020e-02 
 0.263474 -4.065148e-02 
 0.265470 -4.017449e-02 
 0.267466 -3.969930e-02 
 0.269462 -3.922600e-02 
 0.271458 -3.875466e-02 
 0.273454 -3.828535e-02 
 0.275450 -3.781815e-02 
 0.277446 -3.735313e-02 
 0.279442 -3.689035e-02 
 0.281438 -3.642987e-02 
 0.283434 -3.597177e-02 
 0.285430 -3.551609e-02 
 0.287426 -3.506291e-02 
 0.289422 -3.461227e-02 
 0.291418 -3.416423e-02 
 0.293414 -3.371884e-02 
 0.295410 -3.327616e-02 
 0.297406 -3.283622e-02 
 0.299402 -3.239908e-02 
 0.301398 -3.196479e-02 
 0.303394 -3.153338e-02 
 0.305390 -3.110489e-02 
 0.307386 -3.067937e-02 
 0.309382 -3.025686e-02 
 0.311378 -2.983738e-02 
 0.313374 -2.942098e-02 
 0.315370 -2.900769e-02 
 0.317366 -2.859753e-02 
 0.319362 -2.819054e-02 
 0.321358 -2.778675e-02 
 0.323354 -2.738618e-02 
 0.325350 -2.698886e-02 
 0.327346 -2.659481e-02 
 0.329342 -2.620406e-02 
 0.331338 -2.581663e-02 
 0.333334 -2.543253e-02 
 0.335330 -2.505178e-02 
 0.337326 -2.467441e-02 
 0.339322 -2.430042e-02 
 0.341318 -2.392984e-02 
 0.343314 -2.356268e-02 
 0.345310 -2.319894e-02 
 0.347306 -2.283864e-02 
 0.349302 -2.248179e-02 
 0.351298 -2.212841e-02 
 0.353294 -2.177848e-02 
 0.355290 -2.143204e-02 
 0.357286 -2.108907e-02 
 0.359282 -2.074958e-02 
 0.361278 -2.041359e-02 
 0.363274 -2.008108e-02 
 0.365270 -1.975207e-02 
 0.367266 -1.942655e-02 
 0.369262 -1.910452e-02 
 0.371258 -1.878599e-02 
 0.373254 -1.847095e-02 
 0.375250 -1.815939e-02 
 0.377246 -1.785132e-02 
 0.379242 -1.754673e-02 
 0.381238 -1.724562e-02 
 0.383234 -1.694797e-02 
 0.385230 -1.665379e-02 
 0.387226 -1.636306e-02 
 0.389222 -1.607578e-02 
 0.391218 -1.579194e-02 
 0.393214 -1.551153e-02 
 0.395210 -1.523454e-02 
 0.397206 -1.496095e-02 
 0.399202 -1.469076e-02 
 0.401198 -1.442396e-02 
 0.403194 -1.416053e-02 
 0.405190 -1.390045e-02 
 0.407186 -1.364372e-02 
 0.409182 -1.339032e-02 
 0.411178 -1.314024e-02 
 0.413174 -1.289345e-02 
 0.415170 -1.264995e-02 
 0.417166 -1.240972e-02 
 0.419162 -1.217274e-02 
 0.421158 -1.193899e-02 
 0.423154 -1.170845e-02 
 0.425150 -1.148111e-02 
 0.427146 -1.125695e-02 
 0.429142 -1.103594e-02 
 0.431138 -1.081808e-02 
 0.433134 -1.060334e-02 
 0.435130 -1.039169e-02 
 0.437126 -1.018312e-02 
 0.439122 -9.977608e-03 
 0.441118 -9.775131e-03 
 0.443114 -9.575668e-03 
 0.445110 -9.379197e-03 
 0.447106 -9.185695e-03 
 0.449102 -8.995139e-03 
 0.451098 -8.807508e-03 
 0.453094 -8.622777e-03 
 0.455090 -8.440923e-03 
 0.457086 -8.261923e-03 
 0.459082 -8.085752e-03 
 0.461078 -7.912387e-03 
 0.463074 -7.741803e-03 
 0.465070 -7.573976e-03 
 0.467066 -7.408881e-03 
 0.469062 -7.246493e-03 
 0.471058 -7.086788e-03 
 0.473054 -6.929739e-03 
 0.475050 -6.775322e-03 
 0.477046 -6.623511e-03 
 0.479042 -6.474280e-03 
 0.481038 -6.327604e-03 
 0.483034 -6.183457e-03 
 0.485030 -6.041813e-03 
 0.487026 -5.902646e-03 
 0.489022 -5.765930e-03 
 0.491018 -5.631638e-03 
 0.493014 -5.499745e-03 
 0.495010 -5.370224e-03 
 0.497006 -5.243049e-03 
 0.499002 -5.118194e-03 
 0.500999 -4.995631e-03 
 0.502995 -4.875335e-03 
 0.504991 -4.757279e-03 
 0.506987 -4.641436e-03 
 0.508983 -4.527781e-03 
 0.510979 -4.416286e-03 
 0.512975 -4.306926e-03 
 0.514971 -4.199673e-03 
 0.516967 -4.094502e-03 
 0.518963 -3.991386e-03 
 0.520959 -3.890298e-03 
 0.522955 -3.791214e-03 
 0.524951 -3.694105e-03 
 0.526947 -3.598946e-03 
 0.528943 -3.505712e-03 
 0.530939 -3.414375e-03 
 0.532935 -3.324911e-03 
 0.534931 -3.237292e-03 
 0.536927 -3.151494e-03 
 0.538923 -3.067491e-03 
 0.540919 -2.985257e-03 
 0.542915 -2.904767e-03 
 0.544911 -2.825995e-03 
 0.546907 -2.748916e-03 
 0.548903 -2.673505e-03 
 0.550899 -2.599737e-03 
 0.552895 -2.527588e-03 
 0.554891 -2.457032e-03 
 0.556887 -2.388044e-03 
 0.558883 -2.320601e-03 
 0.560879 -2.254679e-03 
 0.562875 -2.190252e-03 
 0.564871 -2.127297e-03 
 0.566867 -2.065791e-03 
 0.568863 -2.005709e-03 
 0.570859 -1.947028e-03 
 0.572855 -1.889724e-03 
 0.574851 -1.833776e-03 
 0.576847 -1.779159e-03 
 0.578843 -1.725850e-03 
 0.580839 -1.673828e-03 
 0.582835 -1.623070e-03 
 0.584831 -1.573553e-03 
 0.586827 -1.525256e-03 
 0.588823 -1.478157e-03 
 0.590819 -1.432233e-03 
 0.592815 -1.387464e-03 
 0.594811 -1.343828e-03 
 0.596807 -1.301305e-03 
 0.598803 -1.259873e-03 
 0.600799 -1.219512e-03 
 0.602795 -1.180201e-03 
 0.604791 -1.141920e-03 
 0.606787 -1.104649e-03 
 0.608783 -1.068369e-03 
 0.610779 -1.033060e-03 
 0.612775 -9.987020e-04 
 0.614771 -9.652764e-04 
 0.616767 -9.327642e-04 
 0.618763 -9.011467e-04 
 0.620759 -8.704055e-04 
 0.622755 -8.405223e-04 
 0.624751 -8.114790e-04 
 0.626747 -7.832579e-04 
 0.628743 -7.558414e-04 
 0.630739 -7.292121e-04 
 0.632735 -7.033530e-04 
 0.634731 -6.782471e-04 
 0.636727 -6.538777e-04 
 0.638723 -6.302285e-04 
 0.640719 -6.072832e-04 
 0.642715 -5.850257e-04 
 0.644711 -5.634405e-04 
 0.646707 -5.425118e-04 
 0.648703 -5.222245e-04 
 0.650699 -5.025634e-04 
 0.652695 -4.835137e-04 
 0.654691 -4.650607e-04 
 0.656687 -4.471901e-04 
 0.658683 -4.298876e-04 
 0.660679 -4.131393e-04 
 0.662675 -3.969315e-04 
 0.664671 -3.812507e-04 
 0.666667 -3.660836e-04 
 0.668663 -3.514170e-04 
 0.670659 -3.372383e-04 
 0.672655 -3.235347e-04 
 0.674651 -3.102939e-04 
 0.676647 -2.975036e-04 
 0.678643 -2.851520e-04 
 0.680639 -2.732271e-04 
 0.682635 -2.617176e-04 
 0.684631 -2.506120e-04 
 0.686627 -2.398993e-04 
 0.688623 -2.295684e-04 
 0.690619 -2.196089e-04 
 0.692615 -2.100100e-04 
 0.694611 -2.007616e-04 
 0.696607 -1.918536e-04 
 0.698603 -1.832760e-04 
 0.700599 -1.750192e-04 
 0.702595 -1.670737e-04 
 0.704591 -1.594302e-04 
 0.706587 -1.520797e-04 
 0.708583 -1.450131e-04 
 0.710579 -1.382219e-04 
 0.712575 -1.316974e-04 
 0.714571 -1.254314e-04 
 0.716567 -1.194157e-04 
 0.718563 -1.136424e-04 
 0.720559 -1.081035e-04 
 0.722555 -1.027917e-04 
 0.724551 -9.769935e-05 
 0.726547 -9.281928e-05 
 0.728543 -8.814441e-05 
 0.730539 -8.366782e-05 
 0.732535 -7.938278e-05 
 0.734531 -7.528271e-05 
 0.736527 -7.136121e-05 
 0.738523 -6.761202e-05 
 0.740519 -6.402906e-05 
 0.742515 -6.060641e-05 
 0.744511 -5.733828e-05 
 0.746507 -5.421907e-05 
 0.748503 -5.124329e-05 
 0.750499 -4.840562e-05 
 0.752495 -4.570090e-05 
 0.754491 -4.312408e-05 
 0.756487 -4.067027e-05 
 0.758483 -3.833473e-05 
 0.760479 -3.611283e-05 
 0.762475 -3.400010e-05 
 0.764471 -3.199218e-05 
 0.766467 -3.008486e-05 
 0.768463 -2.827405e-05 
 0.770459 -2.655577e-05 
 0.772455 -2.492617e-05 
 0.774451 -2.338155e-05 
 0.776447 -2.191828e-05 
 0.778443 -2.053287e-05 
 0.780439 -1.922195e-05 
 0.782435 -1.798225e-05 
 0.784431 -1.681062e-05 
 0.786427 -1.570399e-05 
 0.788423 -1.465942e-05 
 0.790419 -1.367407e-05 
 0.792415 -1.274518e-05 
 0.794411 -1.187011e-05 
 0.796407 -1.104630e-05 
 0.798403 -1.027129e-05 
 0.800399 -9.542712e-06 
 0.802395 -8.858276e-06 
 0.804391 -8.215789e-06 
 0.806387 -7.613137e-06 
 0.808383 -7.048289e-06 
 0.810379 -6.519294e-06 
 0.812375 -6.024278e-06 
 0.814371 -5.561442e-06 
 0.816367 -5.129063e-06 
 0.818363 -4.725486e-06 
 0.820359 -4.349128e-06 
 0.822355 -3.998474e-06 
 0.824351 -3.672074e-06 
 0.826347 -3.368540e-06 
 0.828343 -3.086547e-06 
 0.830339 -2.824830e-06 
 0.832335 -2.582181e-06 
 0.834332 -2.357449e-06 
 0.836328 -2.149537e-06 
 0.838324 -1.957400e-06 
 0.840320 -1.780043e-06 
 0.842316 -1.616524e-06 
 0.844312 -1.465944e-06 
 0.846308 -1.327452e-06 
 0.848304 -1.200241e-06 
 0.850300 -1.083544e-06 
 0.852296 -9.766389e-07 
 0.854292 -8.788407e-07 
 0.856288 -7.895022e-07 
 0.858284 -7.080119e-07 
 0.860280 -6.337939e-07 
 0.862276 -5.663061e-07 
 0.864272 -5.050382e-07 
 0.866268 -4.495101e-07 
 0.868264 -3.992710e-07 
 0.870260 -3.538986e-07 
 0.872256 -3.129978e-07 
 0.874252 -2.761991e-07 
 0.876248 -2.431568e-07 
 0.878244 -2.135482e-07 
 0.880240 -1.870733e-07 
 0.882236 -1.634532e-07 
 0.884232 -1.424290e-07 
 0.886228 -1.237600e-07 
 0.888224 -1.072234e-07 
 0.890220 -9.261337e-08 
 0.892216 -7.974055e-08 
 0.894212 -6.843049e-08 
 0.896208 -5.852241e-08 
 0.898204 -4.986878e-08 
 0.900200 -4.233482e-08 
 0.902196 -3.579781e-08 
 0.904192 -3.014589e-08 
 0.906188 -2.527703e-08 
 0.908184 -2.109862e-08 
 0.910180 -1.752711e-08 
 0.912176 -1.448747e-08 
 0.914172 -1.191225e-08 
 0.916168 -9.740667e-09 
 0.918164 -7.918346e-09 
 0.920160 -6.397041e-09 
 0.922156 -5.134210e-09 
 0.924152 -4.092275e-09 
 0.926148 -3.237909e-09 
 0.928144 -2.541850e-09 
 0.930140 -1.978690e-09 
 0.932136 -1.526578e-09 
 0.934132 -1.166675e-09 
 0.936128 -8.826184e-10 
 0.938124 -6.603986e-10 
 0.940120 -4.882205e-10 
 0.942116 -3.563048e-10 
 0.944112 -2.565103e-10 
 0.946108 -1.819620e-10 
 0.948104 -1.269757e-10 
 0.950100 -8.697763e-11 
 0.952096 -5.838584e-11 
 0.954092 -3.837882e-11 
 0.956088 -2.466507e-11 
 0.958084 -1.544385e-11 
 0.960080 -9.366100e-12 
 0.962076 -5.476570e-12 
 0.964072 -3.095459e-12 
 0.966068 -1.699957e-12 
 0.968064 -9.085186e-13 
 0.970060 -4.672443e-13 
 0.972056 -2.302315e-13 
 0.974052 -1.173896e-13 
 0.976048 -7.191429e-14 
 0.978044 -5.624794e-14 
 0.980040 -4.961928e-14 
 0.982036 -4.504775e-14 
 0.984032 -4.235629e-14 
 0.986028 -4.112141e-14 
 0.988024 -4.029810e-14 
 0.990020 -3.829132e-14 
 0.992016 -3.341812e-14 
 0.994012 -2.500027e-14 
 0.996008 -1.446072e-14 
 0.998004 -4.928563e-15 