
 0.001997 -2.310855e-03 
 0.003993 -4.426796e-03 
 0.005989 -6.411160e-03 
 0.007985 -8.287620e-03 
 0.009981 -1.007133e-02 
 0.011977 -1.177256e-02 
 0.013973 -1.339912e-02 
 0.015969 -1.495715e-02 
 0.017965 -1.645166e-02 
 0.019961 -1.788685e-02 
 0.021957 -1.926631e-02 
 0.023953 -2.059316e-02 
 0.025949 -2.187014e-02 
 0.027945 -2.309969e-02 
 0.029941 -2.428399e-02 
 0.031937 -2.542503e-02 
 0.033933 -2.652459e-02 
 0.035929 -2.758434e-02 
 0.037925 -2.860578e-02 
 0.039921 -2.959032e-02 
 0.041917 -3.053926e-02 
 0.043913 -3.145383e-02 
 0.045909 -3.233515e-02 
 0.047905 -3.318430e-02 
 0.049901 -3.400228e-02 
 0.051897 -3.479005e-02 
 0.053893 -3.554849e-02 
 0.055889 -3.627845e-02 
 0.057885 -3.698076e-02 
 0.059881 -3.765618e-02 
 0.061877 -3.830543e-02 
 0.063873 -3.892924e-02 
 0.065869 -3.952825e-02 
 0.067865 -4.010313e-02 
 0.069861 -4.065448e-02 
 0.071857 -4.118290e-02 
 0.073853 -4.168897e-02 
 0.075849 -4.217323e-02 
 0.077845 -4.263621e-02 
 0.079841 -4.307843e-02 
 0.081837 -4.350039e-02 
 0.083833 -4.390255e-02 
 0.085829 -4.428539e-02 
 0.087825 -4.464936e-02 
 0.089821 -4.499488e-02 
 0.091817 -4.532239e-02 
 0.093813 -4.563230e-02 
 0.095809 -4.592499e-02 
 0.097805 -4.620087e-02 
 0.099801 -4.646031e-02 
 0.101797 -4.670368e-02 
 0.103793 -4.693133e-02 
 0.105789 -4.714363e-02 
 0.107785 -4.734090e-02 
 0.109781 -4.752349e-02 
 0.111777 -4.769171e-02 
 0.113773 -4.784589e-02 
 0.115769 -4.798633e-02 
 0.117765 -4.811335e-02 
 0.119761 -4.822723e-02 
 0.121757 -4.832827e-02 
 0.123753 -4.841675e-02 
 0.125749 -4.849295e-02 
 0.127745 -4.855714e-02 
 0.129741 -4.860960e-02 
 0.131737 -4.865057e-02 
 0.133733 -4.868033e-02 
 0.135729 -4.869911e-02 
 0.137725 -4.870718e-02 
 0.139721 -4.870476e-02 
 0.141717 -4.869211e-02 
 0.143713 -4.866945e-02 
 0.145709 -4.863701e-02 
 0.147705 -4.859501e-02 
 0.149701 -4.854369e-02 
 0.151697 -4.848326e-02 
 0.153693 -4.841393e-02 
 0.155689 -4.833591e-02 
 0.157685 -4.824940e-02 
 0.159681 -4.815463e-02 
 0.161677 -4.805177e-02 
 0.163673 -4.794103e-02 
 0.165669 -4.782261e-02 
 0.167666 -4.769669e-02 
 0.169662 -4.756346e-02 
 0.171658 -4.742310e-02 
 0.173654 -4.727580e-02 
 0.175650 -4.712174e-02 
 0.177646 -4.696109e-02 
 0.179642 -4.679403e-02 
 0.181638 -4.662071e-02 
 0.183634 -4.644133e-02 
 0.185630 -4.625603e-02 
 0.187626 -4.606498e-02 
 0.189622 -4.586834e-02 
 0.191618 -4.566628e-02 
 0.193614 -4.545894e-02 
 0.195610 -4.524647e-02 
 0.197606 -4.502904e-02 
 0.199602 -4.480678e-02 
 0.201598 -4.457985e-02 
 0.203594 -4.434839e-02 
 0.205590 -4.411254e-02 
 0.207586 -4.387244e-02 
 0.209582 -4.362822e-02 
 0.211578 -4.338003e-02 
 0.213574 -4.312800e-02 
 0.215570 -4.287226e-02 
 0.217566 -4.261294e-02 
 0.219562 -4.235017e-02 
 0.221558 -4.208407e-02 
 0.223554 -4.181476e-02 
 0.225550 -4.154238e-02 
 0.227546 -4.126704e-02 
 0.229542 -4.098885e-02 
 0.231538 -4.070794e-02 
 0.233534 -4.042442e-02 
 0.235530 -4.013841e-02 
 0.237526 -3.985001e-02 
 0.239522 -3.955933e-02 
 0.241518 -3.926648e-02 
 0.243514 -3.897158e-02 
 0.245510 -3.867471e-02 
 0.247506 -3.837600e-02 
 0.249502 -3.807553e-02 
 0.251498 -3.777341e-02 
 0.253494 -3.746973e-02 
 0.255490 -3.716459e-02 
 0.257486 -3.685810e-02 
 0.259482 -3.655033e-02 
 0.261478 -3.624138e-02 
 0.263474 -3.593135e-02 
 0.265470 -3.562032e-02 
 0.267466 -3.530837e-02 
 0.269462 -3.499560e-02 
 0.271458 -3.468209e-02 
 0.273454 -3.436792e-02 
 0.275450 -3.405318e-02 
 0.277446 -3.373794e-02 
 0.279442 -3.342228e-02 
 0.281438 -3.310628e-02 
 0.283434 -3.279001e-02 
 0.285430 -3.247356e-02 
 0.287426 -3.215698e-02 
 0.289422 -3.184036e-02 
 0.291418 -3.152377e-02 
 0.293414 -3.120727e-02 
 0.295410 -3.089093e-02 
 0.297406 -3.057482e-02 
 0.299402 -3.025900e-02 
 0.301398 -2.994354e-02 
 0.303394 -2.962849e-02 
 0.305390 -2.931393e-02 
 0.307386 -2.899991e-02 
 0.309382 -2.868649e-02 
 0.311378 -2.837372e-02 
 0.313374 -2.806167e-02 
 0.315370 -2.775038e-02 
 0.317366 -2.743992e-02 
 0.319362 -2.713033e-02 
 0.321358 -2.682166e-02 
 0.323354 -2.651398e-02 
 0.325350 -2.620731e-02 
 0.327346 -2.590173e-02 
 0.329342 -2.559726e-02 
 0.331338 -2.529395e-02 
 0.333334 -2.499186e-02 
 0.335330 -2.469102e-02 
 0.337326 -2.439148e-02 
 0.339322 -2.409327e-02 
 0.341318 -2.379645e-02 
 0.343314 -2.350104e-02 
 0.345310 -2.320708e-02 
 0.347306 -2.291461e-02 
 0.349302 -2.262368e-02 
 0.351298 -2.233430e-02 
 0.353294 -2.204652e-02 
 0.355290 -2.176038e-02 
 0.357286 -2.147589e-02 
 0.359282 -2.119309e-02 
 0.361278 -2.091202e-02 
 0.363274 -2.063270e-02 
 0.365270 -2.035515e-02 
 0.367266 -2.007942e-02 
 0.369262 -1.980551e-02 
 0.371258 -1.953346e-02 
 0.373254 -1.926329e-02 
 0.375250 -1.899503e-02 
 0.377246 -1.872870e-02 
 0.379242 -1.846431e-02 
 0.381238 -1.820189e-02 
 0.383234 -1.794146e-02 
 0.385230 -1.768304e-02 
 0.387226 -1.742665e-02 
 0.389222 -1.717230e-02 
 0.391218 -1.692001e-02 
 0.393214 -1.666979e-02 
 0.395210 -1.642167e-02 
 0.397206 -1.617565e-02 
 0.399202 -1.593175e-02 
 0.401198 -1.568997e-02 
 0.403194 -1.545034e-02 
 0.405190 -1.521287e-02 
 0.407186 -1.497755e-02 
 0.409182 -1.474441e-02 
 0.411178 -1.451345e-02 
 0.413174 -1.428467e-02 
 0.415170 -1.405810e-02 
 0.417166 -1.383373e-02 
 0.419162 -1.361156e-02 
 0.421158 -1.339161e-02 
 0.423154 -1.317388e-02 
 0.425150 -1.295838e-02 
 0.427146 -1.274510e-02 
 0.429142 -1.253405e-02 
 0.431138 -1.232523e-02 
 0.433134 -1.211864e-02 
 0.435130 -1.191429e-02 
 0.437126 -1.171217e-02 
 0.439122 -1.151229e-02 
 0.441118 -1.131464e-02 
 0.443114 -1.111922e-02 
 0.445110 -1.092603e-02 
 0.447106 -1.073507e-02 
 0.449102 -1.054634e-02 
 0.451098 -1.035982e-02 
 0.453094 -1.017553e-02 
 0.455090 -9.993443e-03 
 0.457086 -9.813567e-03 
 0.459082 -9.635894e-03 
 0.461078 -9.460417e-03 
 0.463074 -9.287131e-03 
 0.465070 -9.116028e-03 
 0.467066 -8.947102e-03 
 0.469062 -8.780345e-03 
 0.471058 -8.615749e-03 
 0.473054 -8.453305e-03 
 0.475050 -8.293004e-03 
 0.477046 -8.134838e-03 
 0.479042 -7.978797e-03 
 0.481038 -7.824871e-03 
 0.483034 -7.673049e-03 
 0.485030 -7.523321e-03 
 0.487026 -7.375677e-03 
 0.489022 -7.230103e-03 
 0.491018 -7.086590e-03 
 0.493014 -6.945126e-03 
 0.495010 -6.805697e-03 
 0.497006 -6.668291e-03 
 0.499002 -6.532896e-03 
 0.500999 -6.399499e-03 
 0.502995 -6.268086e-03 
 0.504991 -6.138643e-03 
 0.506987 -6.011157e-03 
 0.508983 -5.885614e-03 
 0.510979 -5.762000e-03 
 0.512975 -5.640299e-03 
 0.514971 -5.520498e-03 
 0.516967 -5.402581e-03 
 0.518963 -5.286533e-03 
 0.520959 -5.172339e-03 
 0.522955 -5.059983e-03 
 0.524951 -4.949450e-03 
 0.526947 -4.840724e-03 
 0.528943 -4.733789e-03 
 0.530939 -4.628628e-03 
 0.532935 -4.525226e-03 
 0.534931 -4.423566e-03 
 0.536927 -4.323632e-03 
 0.538923 -4.225407e-03 
 0.540919 -4.128874e-03 
 0.542915 -4.034016e-03 
 0.544911 -3.940817e-03 
 0.546907 -3.849259e-03 
 0.548903 -3.759326e-03 
 0.550899 -3.670999e-03 
 0.552895 -3.584263e-03 
 0.554891 -3.499099e-03 
 0.556887 -3.415490e-03 
 0.558883 -3.333419e-03 
 0.560879 -3.252868e-03 
 0.562875 -3.173820e-03 
 0.564871 -3.096258e-03 
 0.566867 -3.020163e-03 
 0.568863 -2.945518e-03 
 0.570859 -2.872305e-03 
 0.572855 -2.800508e-03 
 0.574851 -2.730108e-03 
 0.576847 -2.661088e-03 
 0.578843 -2.593430e-03 
 0.580839 -2.527117e-03 
 0.582835 -2.462131e-03 
 0.584831 -2.398455e-03 
 0.586827 -2.336071e-03 
 0.588823 -2.274961e-03 
 0.590819 -2.215109e-03 
 0.592815 -2.156497e-03 
 0.594811 -2.099108e-03 
 0.596807 -2.042923e-03 
 0.598803 -1.987928e-03 
 0.600799 -1.934103e-03 
 0.602795 -1.881432e-03 
 0.604791 -1.829898e-03 
 0.606787 -1.779484e-03 
 0.608783 -1.730173e-03 
 0.610779 -1.681949e-03 
 0.612775 -1.634794e-03 
 0.614771 -1.588693e-03 
 0.616767 -1.543628e-03 
 0.618763 -1.499584e-03 
 0.620759 -1.456544e-03 
 0.622755 -1.414491e-03 
 0.624751 -1.373410e-03 
 0.626747 -1.333285e-03 
 0.628743 -1.294099e-03 
 0.630739 -1.255838e-03 
 0.632735 -1.218485e-03 
 0.634731 -1.182025e-03 
 0.636727 -1.146442e-03 
 0.638723 -1.111722e-03 
 0.640719 -1.077849e-03 
 0.642715 -1.044808e-03 
 0.644711 -1.012584e-03 
 0.646707 -9.811619e-04 
 0.648703 -9.505280e-04 
 0.650699 -9.206675e-04 
 0.652695 -8.915659e-04 
 0.654691 -8.632090e-04 
 0.656687 -8.355828e-04 
 0.658683 -8.086733e-04 
 0.660679 -7.824668e-04 
 0.662675 -7.569497e-04 
 0.664671 -7.321083e-04 
 0.666667 -7.079295e-04 
 0.668663 -6.844000e-04 
 0.670659 -6.615068e-04 
 0.672655 -6.392370e-04 
 0.674651 -6.175778e-04 
 0.676647 -5.965167e-04 
 0.678643 -5.760412e-04 
 0.680639 -5.561390e-04 
 0.682635 -5.367980e-04 
 0.684631 -5.180063e-04 
 0.686627 -4.997520e-04 
 0.688623 -4.820235e-04 
 0.690619 -4.648092e-04 
 0.692615 -4.480979e-04 
 0.694611 -4.318783e-04 
 0.696607 -4.161393e-04 
 0.698603 -4.008702e-04 
 0.700599 -3.860601e-04 
 0.702595 -3.716985e-04 
 0.704591 -3.577751e-04 
 0.706587 -3.442794e-04 
 0.708583 -3.312015e-04 
 0.710579 -3.185314e-04 
 0.712575 -3.062593e-04 
 0.714571 -2.943755e-04 
 0.716567 -2.828706e-04 
 0.718563 -2.717352e-04 
 0.720559 -2.609602e-04 
 0.722555 -2.505365e-04 
 0.724551 -2.404552e-04 
 0.726547 -2.307077e-04 
 0.728543 -2.212854e-04 
 0.730539 -2.121798e-04 
 0.732535 -2.033827e-04 
 0.734531 -1.948860e-04 
 0.736527 -1.866816e-04 
 0.738523 -1.787617e-04 
 0.740519 -1.711187e-04 
 0.742515 -1.637449e-04 
 0.744511 -1.566331e-04 
 0.746507 -1.497759e-04 
 0.748503 -1.431661e-04 
 0.750499 -1.367969e-04 
 0.752495 -1.306614e-04 
 0.754491 -1.247528e-04 
 0.756487 -1.190647e-04 
 0.758483 -1.135904e-04 
 0.760479 -1.083238e-04 
 0.762475 -1.032587e-04 
 0.764471 -9.838902e-05 
 0.766467 -9.370882e-05 
 0.768463 -8.921235e-05 
 0.770459 -8.489392e-05 
 0.772455 -8.074801e-05 
 0.774451 -7.676920e-05 
 0.776447 -7.295220e-05 
 0.778443 -6.929184e-05 
 0.780439 -6.578305e-05 
 0.782435 -6.242091e-05 
 0.784431 -5.920059e-05 
 0.786427 -5.611739e-05 
 0.788423 -5.316671e-05 
 0.790419 -5.034406e-05 
 0.792415 -4.764509e-05 
 0.794411 -4.506551e-05 
 0.796407 -4.260118e-05 
 0.798403 -4.024803e-05 
 0.800399 -3.800212e-05 
 0.802395 -3.585961e-05 
 0.804391 -3.381674e-05 
 0.806387 -3.186988e-05 
 0.808383 -3.001546e-05 
 0.810379 -2.825003e-05 
 0.812375 -2.657023e-05 
 0.814371 -2.497280e-05 
 0.816367 -2.345456e-05 
 0.818363 -2.201241e-05 
 0.820359 -2.064336e-05 
 0.822355 -1.934450e-05 
 0.824351 -1.811298e-05 
 0.826347 -1.694608e-05 
 0.828343 -1.584112e-05 
 0.830339 -1.479552e-05 
 0.832335 -1.380677e-05 
 0.834332 -1.287245e-05 
 0.836328 -1.199021e-05 
 0.838324 -1.115776e-05 
 0.840320 -1.037290e-05 
 0.842316 -9.633491e-06 
 0.844312 -8.937475e-06 
 0.846308 -8.282854e-06 
 0.848304 -7.667696e-06 
 0.850300 -7.090139e-06 
 0.852296 -6.548380e-06 
 0.854292 -6.040684e-06 
 0.856288 -5.565375e-06 
 0.858284 -5.120835e-06 
 0.860280 -4.705509e-06 
 0.862276 -4.317895e-06 
 0.864272 -3.956551e-06 
 0.866268 -3.620085e-06 
 0.868264 -3.307160e-06 
 0.870260 -3.016490e-06 
 0.872256 -2.746841e-06 
 0.874252 -2.497026e-06 
 0.876248 -2.265907e-06 
 0.878244 -2.052394e-06 
 0.880240 -1.855441e-06 
 0.882236 -1.674047e-06 
 0.884232 -1.507256e-06 
 0.886228 -1.354152e-06 
 0.888224 -1.213859e-06 
 0.890220 -1.085543e-06 
 0.892216 -9.684070e-07 
 0.894212 -8.616930e-07 
 0.896208 -7.646786e-07 
 0.898204 -6.766770e-07 
 0.900200 -5.970361e-07 
 0.902196 -5.251376e-07 
 0.904192 -4.603955e-07 
 0.906188 -4.022548e-07 
 0.908184 -3.501908e-07 
 0.910180 -3.037083e-07 
 0.912176 -2.623407e-07 
 0.914172 -2.256488e-07 
 0.916168 -1.932198e-07 
 0.918164 -1.646661e-07 
 0.920160 -1.396252e-07 
 0.922156 -1.177586e-07 
 0.924152 -9.875061e-08 
 0.926148 -8.230758e-08 
 0.928144 -6.815684e-08 
 0.930140 -5.604639e-08 
 0.932136 -4.574408e-08 
 0.934132 -3.703642e-08 
 0.936128 -2.972747e-08 
 0.938124 -2.363826e-08 
 0.940120 -1.860632e-08 
 0.942116 -1.448490e-08 
 0.944112 -1.114188e-08 
 0.946108 -8.458640e-09 
 0.948104 -6.329578e-09 
 0.950100 -4.661591e-09 
 0.952096 -3.373372e-09 
 0.954092 -2.394230e-09 
 0.956088 -1.662900e-09 
 0.958084 -1.127111e-09 
 0.960080 -7.431141e-10 
 0.962076 -4.750070e-10 
 0.964072 -2.935091e-10 
 0.966068 -1.747148e-10 
 0.968064 -9.975006e-11 
 0.970060 -5.440905e-11 
 0.972056 -2.859361e-11 
 0.974052 -1.519730e-11 
 0.976048 -8.967119e-12 
 0.978044 -6.315406e-12 
 0.980040 -5.149164e-12 
 0.982036 -4.600509e-12 
 0.984032 -4.437041e-12 
 0.986028 -4.460565e-12 
 0.988024 -4.472860e-12 
 0.990020 -4.278176e-12 
 0.992016 -3.718449e-12 
 0.994012 -2.760811e-12 
 0.996008 -1.584131e-12 
 0.998004 -5.354901e-13 