
 0.001997 4.908223e-04 
 0.003993 1.297456e-03 
 0.005989 2.293455e-03 
 0.007985 3.433489e-03 
 0.009981 4.688847e-03 
 0.011977 6.040554e-03 
 0.013973 7.474318e-03 
 0.015969 8.979055e-03 
 0.017965 1.054577e-02 
 0.019961 1.216698e-02 
 0.021957 1.383634e-02 
 0.023953 1.554836e-02 
 0.025949 1.729825e-02 
 0.027945 1.908177e-02 
 0.029941 2.089512e-02 
 0.031937 2.273487e-02 
 0.033933 2.459794e-02 
 0.035929 2.648150e-02 
 0.037925 2.838294e-02 
 0.039921 3.029988e-02 
 0.041917 3.223009e-02 
 0.043913 3.417153e-02 
 0.045909 3.612228e-02 
 0.047905 3.808053e-02 
 0.049901 4.004460e-02 
 0.051897 4.201291e-02 
 0.053893 4.398398e-02 
 0.055889 4.595639e-02 
 0.057885 4.792881e-02 
 0.059881 4.989998e-02 
 0.061877 5.186870e-02 
 0.063873 5.383384e-02 
 0.065869 5.579431e-02 
 0.067865 5.774908e-02 
 0.069861 5.969716e-02 
 0.071857 6.163763e-02 
 0.073853 6.356958e-02 
 0.075849 6.549216e-02 
 0.077845 6.740454e-02 
 0.079841 6.930594e-02 
 0.081837 7.119561e-02 
 0.083833 7.307283e-02 
 0.085829 7.493690e-02 
 0.087825 7.678716e-02 
 0.089821 7.862298e-02 
 0.091817 8.044375e-02 
 0.093813 8.224888e-02 
 0.095809 8.403781e-02 
 0.097805 8.580999e-02 
 0.099801 8.756492e-02 
 0.101797 8.930209e-02 
 0.103793 9.102102e-02 
 0.105789 9.272126e-02 
 0.107785 9.440236e-02 
 0.109781 9.606392e-02 
 0.111777 9.770551e-02 
 0.113773 9.932675e-02 
 0.115769 1.009273e-01 
 0.117765 1.025067e-01 
 0.119761 1.040647e-01 
 0.121757 1.056010e-01 
 0.123753 1.071152e-01 
 0.125749 1.086071e-01 
 0.127745 1.100764e-01 
 0.129741 1.115227e-01 
 0.131737 1.129458e-01 
 0.133733 1.143456e-01 
 0.135729 1.157217e-01 
 0.137725 1.170739e-01 
 0.139721 1.184020e-01 
 0.141717 1.197059e-01 
 0.143713 1.209853e-01 
 0.145709 1.222400e-01 
 0.147705 1.234700e-01 
 0.149701 1.246750e-01 
 0.151697 1.258548e-01 
 0.153693 1.270095e-01 
 0.155689 1.281387e-01 
 0.157685 1.292425e-01 
 0.159681 1.303207e-01 
 0.161677 1.313732e-01 
 0.163673 1.323999e-01 
 0.165669 1.334008e-01 
 0.167666 1.343757e-01 
 0.169662 1.353247e-01 
 0.171658 1.362476e-01 
 0.173654 1.371445e-01 
 0.175650 1.380152e-01 
 0.177646 1.388598e-01 
 0.179642 1.396782e-01 
 0.181638 1.404705e-01 
 0.183634 1.412366e-01 
 0.185630 1.419765e-01 
 0.187626 1.426902e-01 
 0.189622 1.433778e-01 
 0.191618 1.440392e-01 
 0.193614 1.446746e-01 
 0.195610 1.452839e-01 
 0.197606 1.458672e-01 
 0.199602 1.464245e-01 
 0.201598 1.469560e-01 
 0.203594 1.474616e-01 
 0.205590 1.479415e-01 
 0.207586 1.483957e-01 
 0.209582 1.488243e-01 
 0.211578 1.492274e-01 
 0.213574 1.496051e-01 
 0.215570 1.499575e-01 
 0.217566 1.502848e-01 
 0.219562 1.505869e-01 
 0.221558 1.508641e-01 
 0.223554 1.511164e-01 
 0.225550 1.513441e-01 
 0.227546 1.515472e-01 
 0.229542 1.517259e-01 
 0.231538 1.518803e-01 
 0.233534 1.520106e-01 
 0.235530 1.521169e-01 
 0.237526 1.521994e-01 
 0.239522 1.522583e-01 
 0.241518 1.522937e-01 
 0.243514 1.523058e-01 
 0.245510 1.522949e-01 
 0.247506 1.522610e-01 
 0.249502 1.522044e-01 
 0.251498 1.521252e-01 
 0.253494 1.520237e-01 
 0.255490 1.519001e-01 
 0.257486 1.517545e-01 
 0.259482 1.515872e-01 
 0.261478 1.513984e-01 
 0.263474 1.511884e-01 
 0.265470 1.509572e-01 
 0.267466 1.507052e-01 
 0.269462 1.504326e-01 
 0.271458 1.501396e-01 
 0.273454 1.498264e-01 
 0.275450 1.494934e-01 
 0.277446 1.491406e-01 
 0.279442 1.487685e-01 
 0.281438 1.483771e-01 
 0.283434 1.479668e-01 
 0.285430 1.475378e-01 
 0.287426 1.470904e-01 
 0.289422 1.466249e-01 
 0.291418 1.461414e-01 
 0.293414 1.456403e-01 
 0.295410 1.451218e-01 
 0.297406 1.445862e-01 
 0.299402 1.440337e-01 
 0.301398 1.434647e-01 
 0.303394 1.428793e-01 
 0.305390 1.422779e-01 
 0.307386 1.416608e-01 
 0.309382 1.410282e-01 
 0.311378 1.403804e-01 
 0.313374 1.397176e-01 
 0.315370 1.390403e-01 
 0.317366 1.383486e-01 
 0.319362 1.376428e-01 
 0.321358 1.369233e-01 
 0.323354 1.361902e-01 
 0.325350 1.354440e-01 
 0.327346 1.346848e-01 
 0.329342 1.339130e-01 
 0.331338 1.331289e-01 
 0.333334 1.323328e-01 
 0.335330 1.315249e-01 
 0.337326 1.307055e-01 
 0.339322 1.298750e-01 
 0.341318 1.290336e-01 
 0.343314 1.281816e-01 
 0.345310 1.273193e-01 
 0.347306 1.264470e-01 
 0.349302 1.255650e-01 
 0.351298 1.246736e-01 
 0.353294 1.237731e-01 
 0.355290 1.228638e-01 
 0.357286 1.219459e-01 
 0.359282 1.210198e-01 
 0.361278 1.200858e-01 
 0.363274 1.191441e-01 
 0.365270 1.181950e-01 
 0.367266 1.172388e-01 
 0.369262 1.162758e-01 
 0.371258 1.153064e-01 
 0.373254 1.143307e-01 
 0.375250 1.133490e-01 
 0.377246 1.123617e-01 
 0.379242 1.113691e-01 
 0.381238 1.103713e-01 
 0.383234 1.093687e-01 
 0.385230 1.083616e-01 
 0.387226 1.073503e-01 
 0.389222 1.063349e-01 
 0.391218 1.053159e-01 
 0.393214 1.042934e-01 
 0.395210 1.032677e-01 
 0.397206 1.022392e-01 
 0.399202 1.012080e-01 
 0.401198 1.001744e-01 
 0.403194 9.913877e-02 
 0.405190 9.810125e-02 
 0.407186 9.706214e-02 
 0.409182 9.602170e-02 
 0.411178 9.498017e-02 
 0.413174 9.393781e-02 
 0.415170 9.289487e-02 
 0.417166 9.185159e-02 
 0.419162 9.080821e-02 
 0.421158 8.976498e-02 
 0.423154 8.872213e-02 
 0.425150 8.767990e-02 
 0.427146 8.663853e-02 
 0.429142 8.559823e-02 
 0.431138 8.455923e-02 
 0.433134 8.352177e-02 
 0.435130 8.248606e-02 
 0.437126 8.145232e-02 
 0.439122 8.042077e-02 
 0.441118 7.939161e-02 
 0.443114 7.836505e-02 
 0.445110 7.734131e-02 
 0.447106 7.632058e-02 
 0.449102 7.530306e-02 
 0.451098 7.428895e-02 
 0.453094 7.327844e-02 
 0.455090 7.227172e-02 
 0.457086 7.126898e-02 
 0.459082 7.027040e-02 
 0.461078 6.927615e-02 
 0.463074 6.828642e-02 
 0.465070 6.730137e-02 
 0.467066 6.632117e-02 
 0.469062 6.534600e-02 
 0.471058 6.437601e-02 
 0.473054 6.341135e-02 
 0.475050 6.245220e-02 
 0.477046 6.149868e-02 
 0.479042 6.055096e-02 
 0.481038 5.960917e-02 
 0.483034 5.867346e-02 
 0.485030 5.774397e-02 
 0.487026 5.682081e-02 
 0.489022 5.590414e-02 
 0.491018 5.499406e-02 
 0.493014 5.409070e-02 
 0.495010 5.319419e-02 
 0.497006 5.230462e-02 
 0.499002 5.142213e-02 
 0.500999 5.054680e-02 
 0.502995 4.967875e-02 
 0.504991 4.881808e-02 
 0.506987 4.796488e-02 
 0.508983 4.711924e-02 
 0.510979 4.628126e-02 
 0.512975 4.545101e-02 
 0.514971 4.462858e-02 
 0.516967 4.381405e-02 
 0.518963 4.300750e-02 
 0.520959 4.220898e-02 
 0.522955 4.141857e-02 
 0.524951 4.063634e-02 
 0.526947 3.986234e-02 
 0.528943 3.909663e-02 
 0.530939 3.833927e-02 
 0.532935 3.759029e-02 
 0.534931 3.684976e-02 
 0.536927 3.611770e-02 
 0.538923 3.539416e-02 
 0.540919 3.467918e-02 
 0.542915 3.397279e-02 
 0.544911 3.327502e-02 
 0.546907 3.258589e-02 
 0.548903 3.190542e-02 
 0.550899 3.123364e-02 
 0.552895 3.057057e-02 
 0.554891 2.991620e-02 
 0.556887 2.927056e-02 
 0.558883 2.863365e-02 
 0.560879 2.800548e-02 
 0.562875 2.738604e-02 
 0.564871 2.677534e-02 
 0.566867 2.617336e-02 
 0.568863 2.558011e-02 
 0.570859 2.499556e-02 
 0.572855 2.441971e-02 
 0.574851 2.385254e-02 
 0.576847 2.329403e-02 
 0.578843 2.274415e-02 
 0.580839 2.220290e-02 
 0.582835 2.167022e-02 
 0.584831 2.114611e-02 
 0.586827 2.063052e-02 
 0.588823 2.012342e-02 
 0.590819 1.962477e-02 
 0.592815 1.913454e-02 
 0.594811 1.865268e-02 
 0.596807 1.817915e-02 
 0.598803 1.771390e-02 
 0.600799 1.725689e-02 
 0.602795 1.680807e-02 
 0.604791 1.636737e-02 
 0.606787 1.593476e-02 
 0.608783 1.551017e-02 
 0.610779 1.509355e-02 
 0.612775 1.468483e-02 
 0.614771 1.428395e-02 
 0.616767 1.389086e-02 
 0.618763 1.350548e-02 
 0.620759 1.312775e-02 
 0.622755 1.275761e-02 
 0.624751 1.239497e-02 
 0.626747 1.203978e-02 
 0.628743 1.169196e-02 
 0.630739 1.135143e-02 
 0.632735 1.101813e-02 
 0.634731 1.069197e-02 
 0.636727 1.037288e-02 
 0.638723 1.006078e-02 
 0.640719 9.755587e-03 
 0.642715 9.457227e-03 
 0.644711 9.165616e-03 
 0.646707 8.880673e-03 
 0.648703 8.602313e-03 
 0.650699 8.330455e-03 
 0.652695 8.065012e-03 
 0.654691 7.805900e-03 
 0.656687 7.553034e-03 
 0.658683 7.306326e-03 
 0.660679 7.065691e-03 
 0.662675 6.831041e-03 
 0.664671 6.602288e-03 
 0.666667 6.379344e-03 
 0.668663 6.162120e-03 
 0.670659 5.950529e-03 
 0.672655 5.744481e-03 
 0.674651 5.543887e-03 
 0.676647 5.348658e-03 
 0.678643 5.158704e-03 
 0.680639 4.973937e-03 
 0.682635 4.794268e-03 
 0.684631 4.619605e-03 
 0.686627 4.449862e-03 
 0.688623 4.284948e-03 
 0.690619 4.124775e-03 
 0.692615 3.969254e-03 
 0.694611 3.818297e-03 
 0.696607 3.671816e-03 
 0.698603 3.529723e-03 
 0.700599 3.391930e-03 
 0.702595 3.258352e-03 
 0.704591 3.128900e-03 
 0.706587 3.003490e-03 
 0.708583 2.882035e-03 
 0.710579 2.764452e-03 
 0.712575 2.650655e-03 
 0.714571 2.540560e-03 
 0.716567 2.434086e-03 
 0.718563 2.331148e-03 
 0.720559 2.231666e-03 
 0.722555 2.135559e-03 
 0.724551 2.042746e-03 
 0.726547 1.953148e-03 
 0.728543 1.866686e-03 
 0.730539 1.783282e-03 
 0.732535 1.702861e-03 
 0.734531 1.625344e-03 
 0.736527 1.550658e-03 
 0.738523 1.478728e-03 
 0.740519 1.409481e-03 
 0.742515 1.342845e-03 
 0.744511 1.278747e-03 
 0.746507 1.217118e-03 
 0.748503 1.157889e-03 
 0.750499 1.100991e-03 
 0.752495 1.046356e-03 
 0.754491 9.939192e-04 
 0.756487 9.436145e-04 
 0.758483 8.953779e-04 
 0.760479 8.491464e-04 
 0.762475 8.048580e-04 
 0.764471 7.624519e-04 
 0.766467 7.218682e-04 
 0.768463 6.830484e-04 
 0.770459 6.459349e-04 
 0.772455 6.104712e-04 
 0.774451 5.766020e-04 
 0.776447 5.442731e-04 
 0.778443 5.134315e-04 
 0.780439 4.840253e-04 
 0.782435 4.560035e-04 
 0.784431 4.293166e-04 
 0.786427 4.039158e-04 
 0.788423 3.797539e-04 
 0.790419 3.567844e-04 
 0.792415 3.349621e-04 
 0.794411 3.142428e-04 
 0.796407 2.945836e-04 
 0.798403 2.759426e-04 
 0.800399 2.582789e-04 
 0.802395 2.415528e-04 
 0.804391 2.257257e-04 
 0.806387 2.107600e-04 
 0.808383 1.966191e-04 
 0.810379 1.832675e-04 
 0.812375 1.706709e-04 
 0.814371 1.587957e-04 
 0.816367 1.476095e-04 
 0.818363 1.370811e-04 
 0.820359 1.271798e-04 
 0.822355 1.178763e-04 
 0.824351 1.091421e-04 
 0.826347 1.009498e-04 
 0.828343 9.327256e-05 
 0.830339 8.608487e-05 
 0.832335 7.936191e-05 
 0.834332 7.307981e-05 
 0.836328 6.721556e-05 
 0.838324 6.174702e-05 
 0.840320 5.665286e-05 
 0.842316 5.191263e-05 
 0.844312 4.750664e-05 
 0.846308 4.341603e-05 
 0.848304 3.962267e-05 
 0.850300 3.610923e-05 
 0.852296 3.285909e-05 
 0.854292 2.985639e-05 
 0.856288 2.708592e-05 
 0.858284 2.453320e-05 
 0.860280 2.218439e-05 
 0.862276 2.002633e-05 
 0.864272 1.804648e-05 
 0.866268 1.623288e-05 
 0.868264 1.457422e-05 
 0.870260 1.305973e-05 
 0.872256 1.167922e-05 
 0.874252 1.042303e-05 
 0.876248 9.282042e-06 
 0.878244 8.247614e-06 
 0.880240 7.311616e-06 
 0.882236 6.466389e-06 
 0.884232 5.704727e-06 
 0.886228 5.019852e-06 
 0.888224 4.405402e-06 
 0.890220 3.855423e-06 
 0.892216 3.364353e-06 
 0.894212 2.926995e-06 
 0.896208 2.538500e-06 
 0.898204 2.194355e-06 
 0.900200 1.890372e-06 
 0.902196 1.622675e-06 
 0.904192 1.387679e-06 
 0.906188 1.182065e-06 
 0.908184 1.002777e-06 
 0.910180 8.470080e-07 
 0.912176 7.121919e-07 
 0.914172 5.959809e-07 
 0.916168 4.962274e-07 
 0.918164 4.109774e-07 
 0.920160 3.384623e-07 
 0.922156 2.770891e-07 
 0.924152 2.254229e-07 
 0.926148 1.821694e-07 
 0.928144 1.461700e-07 
 0.930140 1.163955e-07 
 0.932136 9.193804e-08 
 0.934132 7.199620e-08 
 0.936128 5.586065e-08 
 0.938124 4.291012e-08 
 0.940120 3.260697e-08 
 0.942116 2.449077e-08 
 0.944112 1.816679e-08 
 0.946108 1.329446e-08 
 0.948104 9.584622e-09 
 0.950100 6.796440e-09 
 0.952096 4.733002e-09 
 0.954092 3.232920e-09 
 0.956088 2.161960e-09 
 0.958084 1.411300e-09 
 0.960080 8.957302e-10 
 0.962076 5.509846e-10 
 0.964072 3.284289e-10 
 0.966068 1.897243e-10 
 0.968064 1.059551e-10 
 0.970060 5.680928e-11 
 0.972056 2.935346e-11 
 0.974052 1.546798e-11 
 0.976048 9.251310e-12 
 0.978044 6.721952e-12 
 0.980040 5.600523e-12 
 0.982036 5.004692e-12 
 0.984032 4.762953e-12 
 0.986028 4.718131e-12 
 0.988024 4.688727e-12 
 0.990020 4.473496e-12 
 0.992016 3.894181e-12 
 0.994012 2.899528e-12 
 0.996008 1.668785e-12 
 0.998004 5.658699e-13 