 -1.000000 	 -1.000000 	 3.853722e-08
 -1.000000 	 -0.950000 	 4.971159e-08
 -1.000000 	 -0.900000 	 6.394809e-08
 -1.000000 	 -0.850000 	 8.198125e-08
 -1.000000 	 -0.800000 	 1.045694e-07
 -1.000000 	 -0.750000 	 1.326794e-07
 -1.000000 	 -0.700000 	 1.672679e-07
 -1.000000 	 -0.650000 	 2.091239e-07
 -1.000000 	 -0.600000 	 2.591606e-07
 -1.000000 	 -0.550000 	 3.178973e-07
 -1.000000 	 -0.500000 	 3.854245e-07
 -1.000000 	 -0.450000 	 4.613540e-07
 -1.000000 	 -0.400000 	 5.443533e-07
 -1.000000 	 -0.350000 	 6.322035e-07
 -1.000000 	 -0.300000 	 7.221793e-07
 -1.000000 	 -0.250000 	 8.098676e-07
 -1.000000 	 -0.200000 	 8.909627e-07
 -1.000000 	 -0.150000 	 9.607408e-07
 -1.000000 	 -0.100000 	 1.014507e-06
 -1.000000 	 -0.050000 	 1.048220e-06
 -1.000000 	 0.000000 	 1.059802e-06
 -1.000000 	 0.050000 	 1.048154e-06
 -1.000000 	 0.100000 	 1.014211e-06
 -1.000000 	 0.150000 	 9.605831e-07
 -1.000000 	 0.200000 	 8.910736e-07
 -1.000000 	 0.250000 	 8.099433e-07
 -1.000000 	 0.300000 	 7.220336e-07
 -1.000000 	 0.350000 	 6.323013e-07
 -1.000000 	 0.400000 	 5.444748e-07
 -1.000000 	 0.450000 	 4.613830e-07
 -1.000000 	 0.500000 	 3.854816e-07
 -1.000000 	 0.550000 	 3.179404e-07
 -1.000000 	 0.600000 	 2.591956e-07
 -1.000000 	 0.650000 	 2.091086e-07
 -1.000000 	 0.700000 	 1.672373e-07
 -1.000000 	 0.750000 	 1.327016e-07
 -1.000000 	 0.800000 	 1.045968e-07
 -1.000000 	 0.850000 	 8.196724e-08
 -1.000000 	 0.900000 	 6.395964e-08
 -1.000000 	 0.950000 	 4.972506e-08
 -1.000000 	 1.000000 	 3.854109e-08
 -0.950000 	 -1.000000 	 5.157391e-08
 -0.950000 	 -0.950000 	 6.741174e-08
 -0.950000 	 -0.900000 	 8.788791e-08
 -0.950000 	 -0.850000 	 1.142180e-07
 -0.950000 	 -0.800000 	 1.477686e-07
 -0.950000 	 -0.750000 	 1.901780e-07
 -0.950000 	 -0.700000 	 2.432482e-07
 -0.950000 	 -0.650000 	 3.086155e-07
 -0.950000 	 -0.600000 	 3.880546e-07
 -0.950000 	 -0.550000 	 4.828880e-07
 -0.950000 	 -0.500000 	 5.937312e-07
 -0.950000 	 -0.450000 	 7.200667e-07
 -0.950000 	 -0.400000 	 8.603681e-07
 -0.950000 	 -0.350000 	 1.011426e-06
 -0.950000 	 -0.300000 	 1.167534e-06
 -0.950000 	 -0.250000 	 1.321976e-06
 -0.950000 	 -0.200000 	 1.466171e-06
 -0.950000 	 -0.150000 	 1.590762e-06
 -0.950000 	 -0.100000 	 1.687683e-06
 -0.950000 	 -0.050000 	 1.748822e-06
 -0.950000 	 0.000000 	 1.769648e-06
 -0.950000 	 0.050000 	 1.748673e-06
 -0.950000 	 0.100000 	 1.687361e-06
 -0.950000 	 0.150000 	 1.590797e-06
 -0.950000 	 0.200000 	 1.465993e-06
 -0.950000 	 0.250000 	 1.321640e-06
 -0.950000 	 0.300000 	 1.167606e-06
 -0.950000 	 0.350000 	 1.011267e-06
 -0.950000 	 0.400000 	 8.605274e-07
 -0.950000 	 0.450000 	 7.201379e-07
 -0.950000 	 0.500000 	 5.936221e-07
 -0.950000 	 0.550000 	 4.828288e-07
 -0.950000 	 0.600000 	 3.880592e-07
 -0.950000 	 0.650000 	 3.085802e-07
 -0.950000 	 0.700000 	 2.432395e-07
 -0.950000 	 0.750000 	 1.901871e-07
 -0.950000 	 0.800000 	 1.477670e-07
 -0.950000 	 0.850000 	 1.141972e-07
 -0.950000 	 0.900000 	 8.788470e-08
 -0.950000 	 0.950000 	 6.741762e-08
 -0.950000 	 1.000000 	 5.157715e-08
 -0.900000 	 -1.000000 	 6.879862e-08
 -0.900000 	 -0.950000 	 9.112261e-08
 -0.900000 	 -0.900000 	 1.205068e-07
 -0.900000 	 -0.850000 	 1.588513e-07
 -0.900000 	 -0.800000 	 2.086363e-07
 -0.900000 	 -0.750000 	 2.727474e-07
 -0.900000 	 -0.700000 	 3.541941e-07
 -0.900000 	 -0.650000 	 4.564585e-07
 -0.900000 	 -0.600000 	 5.831812e-07
 -0.900000 	 -0.550000 	 7.369438e-07
 -0.900000 	 -0.500000 	 9.200517e-07
 -0.900000 	 -0.450000 	 1.132507e-06
 -0.900000 	 -0.400000 	 1.372159e-06
 -0.900000 	 -0.350000 	 1.634301e-06
 -0.900000 	 -0.300000 	 1.908928e-06
 -0.900000 	 -0.250000 	 2.183948e-06
 -0.900000 	 -0.200000 	 2.443954e-06
 -0.900000 	 -0.150000 	 2.670694e-06
 -0.900000 	 -0.100000 	 2.847913e-06
 -0.900000 	 -0.050000 	 2.960663e-06
 -0.900000 	 0.000000 	 2.999407e-06
 -0.900000 	 0.050000 	 2.960239e-06
 -0.900000 	 0.100000 	 2.848128e-06
 -0.900000 	 0.150000 	 2.670769e-06
 -0.900000 	 0.200000 	 2.444166e-06
 -0.900000 	 0.250000 	 2.184178e-06
 -0.900000 	 0.300000 	 1.909120e-06
 -0.900000 	 0.350000 	 1.633921e-06
 -0.900000 	 0.400000 	 1.372370e-06
 -0.900000 	 0.450000 	 1.132450e-06
 -0.900000 	 0.500000 	 9.199613e-07
 -0.900000 	 0.550000 	 7.370765e-07
 -0.900000 	 0.600000 	 5.831531e-07
 -0.900000 	 0.650000 	 4.565581e-07
 -0.900000 	 0.700000 	 3.541993e-07
 -0.900000 	 0.750000 	 2.727006e-07
 -0.900000 	 0.800000 	 2.087144e-07
 -0.900000 	 0.850000 	 1.588856e-07
 -0.900000 	 0.900000 	 1.205321e-07
 -0.900000 	 0.950000 	 9.114335e-08
 -0.900000 	 1.000000 	 6.880568e-08
 -0.850000 	 -1.000000 	 9.137647e-08
 -0.850000 	 -0.950000 	 1.227504e-07
 -0.850000 	 -0.900000 	 1.647141e-07
 -0.850000 	 -0.850000 	 2.205014e-07
 -0.850000 	 -0.800000 	 2.942425e-07
 -0.850000 	 -0.750000 	 3.907832e-07
 -0.850000 	 -0.700000 	 5.160763e-07
 -0.850000 	 -0.650000 	 6.763864e-07
 -0.850000 	 -0.600000 	 8.786569e-07
 -0.850000 	 -0.550000 	 1.129149e-06
 -0.850000 	 -0.500000 	 1.433385e-06
 -0.850000 	 -0.450000 	 1.793069e-06
 -0.850000 	 -0.400000 	 2.206660e-06
 -0.850000 	 -0.350000 	 2.665809e-06
 -0.850000 	 -0.300000 	 3.155467e-06
 -0.850000 	 -0.250000 	 3.652711e-06
 -0.850000 	 -0.200000 	 4.127778e-06
 -0.850000 	 -0.150000 	 4.548081e-06
 -0.850000 	 -0.100000 	 4.878145e-06
 -0.850000 	 -0.050000 	 5.089310e-06
 -0.850000 	 0.000000 	 5.162840e-06
 -0.850000 	 0.050000 	 5.090575e-06
 -0.850000 	 0.100000 	 4.878400e-06
 -0.850000 	 0.150000 	 4.547835e-06
 -0.850000 	 0.200000 	 4.127471e-06
 -0.850000 	 0.250000 	 3.652930e-06
 -0.850000 	 0.300000 	 3.154596e-06
 -0.850000 	 0.350000 	 2.665922e-06
 -0.850000 	 0.400000 	 2.206702e-06
 -0.850000 	 0.450000 	 1.792958e-06
 -0.850000 	 0.500000 	 1.433444e-06
 -0.850000 	 0.550000 	 1.129457e-06
 -0.850000 	 0.600000 	 8.786943e-07
 -0.850000 	 0.650000 	 6.764837e-07
 -0.850000 	 0.700000 	 5.159754e-07
 -0.850000 	 0.750000 	 3.907605e-07
 -0.850000 	 0.800000 	 2.942232e-07
 -0.850000 	 0.850000 	 2.204873e-07
 -0.850000 	 0.900000 	 1.647418e-07
 -0.850000 	 0.950000 	 1.227441e-07
 -0.850000 	 1.000000 	 9.136622e-08
 -0.800000 	 -1.000000 	 1.206493e-07
 -0.800000 	 -0.950000 	 1.644916e-07
 -0.800000 	 -0.900000 	 2.240959e-07
 -0.800000 	 -0.850000 	 3.048897e-07
 -0.800000 	 -0.800000 	 4.135397e-07
 -0.800000 	 -0.750000 	 5.587756e-07
 -0.800000 	 -0.700000 	 7.509367e-07
 -0.800000 	 -0.650000 	 1.001938e-06
 -0.800000 	 -0.600000 	 1.325540e-06
 -0.800000 	 -0.550000 	 1.734894e-06
 -0.800000 	 -0.500000 	 2.242709e-06
 -0.800000 	 -0.450000 	 2.855144e-06
 -0.800000 	 -0.400000 	 3.573887e-06
 -0.800000 	 -0.350000 	 4.387498e-06
 -0.800000 	 -0.300000 	 5.270438e-06
 -0.800000 	 -0.250000 	 6.180065e-06
 -0.800000 	 -0.200000 	 7.063515e-06
 -0.800000 	 -0.150000 	 7.851198e-06
 -0.800000 	 -0.100000 	 8.478696e-06
 -0.800000 	 -0.050000 	 8.881839e-06
 -0.800000 	 0.000000 	 9.021048e-06
 -0.800000 	 0.050000 	 8.882412e-06
 -0.800000 	 0.100000 	 8.478804e-06
 -0.800000 	 0.150000 	 7.851020e-06
 -0.800000 	 0.200000 	 7.063501e-06
 -0.800000 	 0.250000 	 6.180879e-06
 -0.800000 	 0.300000 	 5.268588e-06
 -0.800000 	 0.350000 	 4.386982e-06
 -0.800000 	 0.400000 	 3.573567e-06
 -0.800000 	 0.450000 	 2.854835e-06
 -0.800000 	 0.500000 	 2.242357e-06
 -0.800000 	 0.550000 	 1.734935e-06
 -0.800000 	 0.600000 	 1.325514e-06
 -0.800000 	 0.650000 	 1.002217e-06
 -0.800000 	 0.700000 	 7.508815e-07
 -0.800000 	 0.750000 	 5.588443e-07
 -0.800000 	 0.800000 	 4.135591e-07
 -0.800000 	 0.850000 	 3.048334e-07
 -0.800000 	 0.900000 	 2.241204e-07
 -0.800000 	 0.950000 	 1.644891e-07
 -0.800000 	 1.000000 	 1.206579e-07
 -0.750000 	 -1.000000 	 1.582615e-07
 -0.750000 	 -0.950000 	 2.190574e-07
 -0.750000 	 -0.900000 	 3.031612e-07
 -0.750000 	 -0.850000 	 4.192808e-07
 -0.750000 	 -0.800000 	 5.785390e-07
 -0.750000 	 -0.750000 	 7.961618e-07
 -0.750000 	 -0.700000 	 1.089940e-06
 -0.750000 	 -0.650000 	 1.482713e-06
 -0.750000 	 -0.600000 	 2.000105e-06
 -0.750000 	 -0.550000 	 2.669462e-06
 -0.750000 	 -0.500000 	 3.518744e-06
 -0.750000 	 -0.450000 	 4.566172e-06
 -0.750000 	 -0.400000 	 5.823806e-06
 -0.750000 	 -0.350000 	 7.276196e-06
 -0.750000 	 -0.300000 	 8.883351e-06
 -0.750000 	 -0.250000 	 1.057272e-05
 -0.750000 	 -0.200000 	 1.223578e-05
 -0.750000 	 -0.150000 	 1.373946e-05
 -0.750000 	 -0.100000 	 1.494470e-05
 -0.750000 	 -0.050000 	 1.572948e-05
 -0.750000 	 0.000000 	 1.599864e-05
 -0.750000 	 0.050000 	 1.573047e-05
 -0.750000 	 0.100000 	 1.494738e-05
 -0.750000 	 0.150000 	 1.373849e-05
 -0.750000 	 0.200000 	 1.223408e-05
 -0.750000 	 0.250000 	 1.057355e-05
 -0.750000 	 0.300000 	 8.884795e-06
 -0.750000 	 0.350000 	 7.276649e-06
 -0.750000 	 0.400000 	 5.823897e-06
 -0.750000 	 0.450000 	 4.566895e-06
 -0.750000 	 0.500000 	 3.518499e-06
 -0.750000 	 0.550000 	 2.669253e-06
 -0.750000 	 0.600000 	 1.999779e-06
 -0.750000 	 0.650000 	 1.482840e-06
 -0.750000 	 0.700000 	 1.089727e-06
 -0.750000 	 0.750000 	 7.959260e-07
 -0.750000 	 0.800000 	 5.786236e-07
 -0.750000 	 0.850000 	 4.191846e-07
 -0.750000 	 0.900000 	 3.030639e-07
 -0.750000 	 0.950000 	 2.189722e-07
 -0.750000 	 1.000000 	 1.582718e-07
 -0.700000 	 -1.000000 	 2.058804e-07
 -0.700000 	 -0.950000 	 2.894109e-07
 -0.700000 	 -0.900000 	 4.069711e-07
 -0.700000 	 -0.850000 	 5.726033e-07
 -0.700000 	 -0.800000 	 8.046132e-07
 -0.700000 	 -0.750000 	 1.128013e-06
 -0.700000 	 -0.700000 	 1.574991e-06
 -0.700000 	 -0.650000 	 2.186354e-06
 -0.700000 	 -0.600000 	 3.011245e-06
 -0.700000 	 -0.550000 	 4.104668e-06
 -0.700000 	 -0.500000 	 5.524961e-06
 -0.700000 	 -0.450000 	 7.325604e-06
 -0.700000 	 -0.400000 	 9.533024e-06
 -0.700000 	 -0.350000 	 1.214482e-05
 -0.700000 	 -0.300000 	 1.510160e-05
 -0.700000 	 -0.250000 	 1.826752e-05
 -0.700000 	 -0.200000 	 2.143818e-05
 -0.700000 	 -0.150000 	 2.435194e-05
 -0.700000 	 -0.100000 	 2.670957e-05
 -0.700000 	 -0.050000 	 2.825263e-05
 -0.700000 	 0.000000 	 2.879396e-05
 -0.700000 	 0.050000 	 2.824893e-05
 -0.700000 	 0.100000 	 2.670910e-05
 -0.700000 	 0.150000 	 2.434904e-05
 -0.700000 	 0.200000 	 2.143576e-05
 -0.700000 	 0.250000 	 1.826308e-05
 -0.700000 	 0.300000 	 1.510024e-05
 -0.700000 	 0.350000 	 1.214476e-05
 -0.700000 	 0.400000 	 9.533131e-06
 -0.700000 	 0.450000 	 7.325413e-06
 -0.700000 	 0.500000 	 5.525602e-06
 -0.700000 	 0.550000 	 4.104617e-06
 -0.700000 	 0.600000 	 3.011206e-06
 -0.700000 	 0.650000 	 2.186093e-06
 -0.700000 	 0.700000 	 1.574763e-06
 -0.700000 	 0.750000 	 1.127862e-06
 -0.700000 	 0.800000 	 8.046819e-07
 -0.700000 	 0.850000 	 5.725750e-07
 -0.700000 	 0.900000 	 4.069598e-07
 -0.700000 	 0.950000 	 2.893430e-07
 -0.700000 	 1.000000 	 2.058845e-07
 -0.650000 	 -1.000000 	 2.652849e-07
 -0.650000 	 -0.950000 	 3.786916e-07
 -0.650000 	 -0.900000 	 5.415196e-07
 -0.650000 	 -0.850000 	 7.752361e-07
 -0.650000 	 -0.800000 	 1.109830e-06
 -0.650000 	 -0.750000 	 1.586085e-06
 -0.650000 	 -0.700000 	 2.260884e-06
 -0.650000 	 -0.650000 	 3.206042e-06
 -0.650000 	 -0.600000 	 4.513297e-06
 -0.650000 	 -0.550000 	 6.293259e-06
 -0.650000 	 -0.500000 	 8.669278e-06
 -0.650000 	 -0.450000 	 1.175673e-05
 -0.650000 	 -0.400000 	 1.564695e-05
 -0.650000 	 -0.350000 	 2.036598e-05
 -0.650000 	 -0.300000 	 2.583020e-05
 -0.650000 	 -0.250000 	 3.182107e-05
 -0.650000 	 -0.200000 	 3.793156e-05
 -0.650000 	 -0.150000 	 4.363442e-05
 -0.650000 	 -0.100000 	 4.832962e-05
 -0.650000 	 -0.050000 	 5.141397e-05
 -0.650000 	 0.000000 	 5.250114e-05
 -0.650000 	 0.050000 	 5.141230e-05
 -0.650000 	 0.100000 	 4.834132e-05
 -0.650000 	 0.150000 	 4.364917e-05
 -0.650000 	 0.200000 	 3.792646e-05
 -0.650000 	 0.250000 	 3.181438e-05
 -0.650000 	 0.300000 	 2.582998e-05
 -0.650000 	 0.350000 	 2.036102e-05
 -0.650000 	 0.400000 	 1.564759e-05
 -0.650000 	 0.450000 	 1.175760e-05
 -0.650000 	 0.500000 	 8.668697e-06
 -0.650000 	 0.550000 	 6.294007e-06
 -0.650000 	 0.600000 	 4.513461e-06
 -0.650000 	 0.650000 	 3.206438e-06
 -0.650000 	 0.700000 	 2.260774e-06
 -0.650000 	 0.750000 	 1.586327e-06
 -0.650000 	 0.800000 	 1.109810e-06
 -0.650000 	 0.850000 	 7.751206e-07
 -0.650000 	 0.900000 	 5.414382e-07
 -0.650000 	 0.950000 	 3.786184e-07
 -0.650000 	 1.000000 	 2.653637e-07
 -0.600000 	 -1.000000 	 3.381398e-07
 -0.600000 	 -0.950000 	 4.900675e-07
 -0.600000 	 -0.900000 	 7.127137e-07
 -0.600000 	 -0.850000 	 1.038380e-06
 -0.600000 	 -0.800000 	 1.514740e-06
 -0.600000 	 -0.750000 	 2.209811e-06
 -0.600000 	 -0.700000 	 3.216342e-06
 -0.600000 	 -0.650000 	 4.663085e-06
 -0.600000 	 -0.600000 	 6.721287e-06
 -0.600000 	 -0.550000 	 9.599058e-06
 -0.600000 	 -0.500000 	 1.354720e-05
 -0.600000 	 -0.450000 	 1.883162e-05
 -0.600000 	 -0.400000 	 2.568087e-05
 -0.600000 	 -0.350000 	 3.421145e-05
 -0.600000 	 -0.300000 	 4.436790e-05
 -0.600000 	 -0.250000 	 5.577145e-05
 -0.600000 	 -0.200000 	 6.766735e-05
 -0.600000 	 -0.150000 	 7.896249e-05
 -0.600000 	 -0.100000 	 8.838646e-05
 -0.600000 	 -0.050000 	 9.464836e-05
 -0.600000 	 0.000000 	 9.682606e-05
 -0.600000 	 0.050000 	 9.465690e-05
 -0.600000 	 0.100000 	 8.839370e-05
 -0.600000 	 0.150000 	 7.896813e-05
 -0.600000 	 0.200000 	 6.765628e-05
 -0.600000 	 0.250000 	 5.576647e-05
 -0.600000 	 0.300000 	 4.437400e-05
 -0.600000 	 0.350000 	 3.421520e-05
 -0.600000 	 0.400000 	 2.567955e-05
 -0.600000 	 0.450000 	 1.882954e-05
 -0.600000 	 0.500000 	 1.354681e-05
 -0.600000 	 0.550000 	 9.598643e-06
 -0.600000 	 0.600000 	 6.722832e-06
 -0.600000 	 0.650000 	 4.664110e-06
 -0.600000 	 0.700000 	 3.216460e-06
 -0.600000 	 0.750000 	 2.208979e-06
 -0.600000 	 0.800000 	 1.514720e-06
 -0.600000 	 0.850000 	 1.038342e-06
 -0.600000 	 0.900000 	 7.126616e-07
 -0.600000 	 0.950000 	 4.901175e-07
 -0.600000 	 1.000000 	 3.381596e-07
 -0.550000 	 -1.000000 	 4.254769e-07
 -0.550000 	 -0.950000 	 6.262298e-07
 -0.550000 	 -0.900000 	 9.258612e-07
 -0.550000 	 -0.850000 	 1.373394e-06
 -0.550000 	 -0.800000 	 2.042762e-06
 -0.550000 	 -0.750000 	 3.041250e-06
 -0.550000 	 -0.700000 	 4.523809e-06
 -0.550000 	 -0.650000 	 6.712024e-06
 -0.550000 	 -0.600000 	 9.909935e-06
 -0.550000 	 -0.550000 	 1.451436e-05
 -0.550000 	 -0.500000 	 2.102407e-05
 -0.550000 	 -0.450000 	 2.999480e-05
 -0.550000 	 -0.400000 	 4.199654e-05
 -0.550000 	 -0.350000 	 5.739796e-05
 -0.550000 	 -0.300000 	 7.628347e-05
 -0.550000 	 -0.250000 	 9.800256e-05
 -0.550000 	 -0.200000 	 1.212997e-04
 -0.550000 	 -0.150000 	 1.438365e-04
 -0.550000 	 -0.100000 	 1.629145e-04
 -0.550000 	 -0.050000 	 1.757525e-04
 -0.550000 	 0.000000 	 1.803135e-04
 -0.550000 	 0.050000 	 1.757468e-04
 -0.550000 	 0.100000 	 1.629146e-04
 -0.550000 	 0.150000 	 1.438393e-04
 -0.550000 	 0.200000 	 1.213006e-04
 -0.550000 	 0.250000 	 9.802473e-05
 -0.550000 	 0.300000 	 7.628199e-05
 -0.550000 	 0.350000 	 5.740917e-05
 -0.550000 	 0.400000 	 4.199515e-05
 -0.550000 	 0.450000 	 2.999579e-05
 -0.550000 	 0.500000 	 2.102447e-05
 -0.550000 	 0.550000 	 1.451483e-05
 -0.550000 	 0.600000 	 9.907897e-06
 -0.550000 	 0.650000 	 6.711578e-06
 -0.550000 	 0.700000 	 4.524087e-06
 -0.550000 	 0.750000 	 3.040499e-06
 -0.550000 	 0.800000 	 2.042685e-06
 -0.550000 	 0.850000 	 1.373521e-06
 -0.550000 	 0.900000 	 9.259004e-07
 -0.550000 	 0.950000 	 6.262920e-07
 -0.550000 	 1.000000 	 4.254873e-07
 -0.500000 	 -1.000000 	 5.277304e-07
 -0.500000 	 -0.950000 	 7.887043e-07
 -0.500000 	 -0.900000 	 1.185118e-06
 -0.500000 	 -0.850000 	 1.789743e-06
 -0.500000 	 -0.800000 	 2.713405e-06
 -0.500000 	 -0.750000 	 4.122666e-06
 -0.500000 	 -0.700000 	 6.270853e-06
 -0.500000 	 -0.650000 	 9.524760e-06
 -0.500000 	 -0.600000 	 1.441911e-05
 -0.500000 	 -0.550000 	 2.167925e-05
 -0.500000 	 -0.500000 	 3.227081e-05
 -0.500000 	 -0.450000 	 4.735384e-05
 -0.500000 	 -0.400000 	 6.816619e-05
 -0.500000 	 -0.350000 	 9.582430e-05
 -0.500000 	 -0.300000 	 1.307335e-04
 -0.500000 	 -0.250000 	 1.721842e-04
 -0.500000 	 -0.200000 	 2.176095e-04
 -0.500000 	 -0.150000 	 2.627473e-04
 -0.500000 	 -0.100000 	 3.016359e-04
 -0.500000 	 -0.050000 	 3.280478e-04
 -0.500000 	 0.000000 	 3.374838e-04
 -0.500000 	 0.050000 	 3.280934e-04
 -0.500000 	 0.100000 	 3.016336e-04
 -0.500000 	 0.150000 	 2.627248e-04
 -0.500000 	 0.200000 	 2.175937e-04
 -0.500000 	 0.250000 	 1.721541e-04
 -0.500000 	 0.300000 	 1.307085e-04
 -0.500000 	 0.350000 	 9.580977e-05
 -0.500000 	 0.400000 	 6.818227e-05
 -0.500000 	 0.450000 	 4.735242e-05
 -0.500000 	 0.500000 	 3.227143e-05
 -0.500000 	 0.550000 	 2.168091e-05
 -0.500000 	 0.600000 	 1.441859e-05
 -0.500000 	 0.650000 	 9.525518e-06
 -0.500000 	 0.700000 	 6.269221e-06
 -0.500000 	 0.750000 	 4.123005e-06
 -0.500000 	 0.800000 	 2.713421e-06
 -0.500000 	 0.850000 	 1.789538e-06
 -0.500000 	 0.900000 	 1.185087e-06
 -0.500000 	 0.950000 	 7.886486e-07
 -0.500000 	 1.000000 	 5.276997e-07
 -0.450000 	 -1.000000 	 6.441328e-07
 -0.450000 	 -0.950000 	 9.768330e-07
 -0.450000 	 -0.900000 	 1.491732e-06
 -0.450000 	 -0.850000 	 2.292081e-06
 -0.450000 	 -0.800000 	 3.540315e-06
 -0.450000 	 -0.750000 	 5.491103e-06
 -0.450000 	 -0.700000 	 8.539714e-06
 -0.450000 	 -0.650000 	 1.328150e-05
 -0.450000 	 -0.600000 	 2.062516e-05
 -0.450000 	 -0.550000 	 3.185466e-05
 -0.450000 	 -0.500000 	 4.876812e-05
 -0.450000 	 -0.450000 	 7.368998e-05
 -0.450000 	 -0.400000 	 1.092958e-04
 -0.450000 	 -0.350000 	 1.582355e-04
 -0.450000 	 -0.300000 	 2.221383e-04
 -0.450000 	 -0.250000 	 3.004319e-04
 -0.450000 	 -0.200000 	 3.888883e-04
 -0.450000 	 -0.150000 	 4.788189e-04
 -0.450000 	 -0.100000 	 5.577746e-04
 -0.450000 	 -0.050000 	 6.124969e-04
 -0.450000 	 0.000000 	 6.318430e-04
 -0.450000 	 0.050000 	 6.124303e-04
 -0.450000 	 0.100000 	 5.578918e-04
 -0.450000 	 0.150000 	 4.787993e-04
 -0.450000 	 0.200000 	 3.889033e-04
 -0.450000 	 0.250000 	 3.003619e-04
 -0.450000 	 0.300000 	 2.221172e-04
 -0.450000 	 0.350000 	 1.582430e-04
 -0.450000 	 0.400000 	 1.092869e-04
 -0.450000 	 0.450000 	 7.368127e-05
 -0.450000 	 0.500000 	 4.877221e-05
 -0.450000 	 0.550000 	 3.186174e-05
 -0.450000 	 0.600000 	 2.062282e-05
 -0.450000 	 0.650000 	 1.328205e-05
 -0.450000 	 0.700000 	 8.538472e-06
 -0.450000 	 0.750000 	 5.492284e-06
 -0.450000 	 0.800000 	 3.540383e-06
 -0.450000 	 0.850000 	 2.291894e-06
 -0.450000 	 0.900000 	 1.491700e-06
 -0.450000 	 0.950000 	 9.768189e-07
 -0.450000 	 1.000000 	 6.442641e-07
 -0.400000 	 -1.000000 	 7.726216e-07
 -0.400000 	 -0.950000 	 1.188139e-06
 -0.400000 	 -0.900000 	 1.842303e-06
 -0.400000 	 -0.850000 	 2.877919e-06
 -0.400000 	 -0.800000 	 4.527816e-06
 -0.400000 	 -0.750000 	 7.163493e-06
 -0.400000 	 -0.700000 	 1.138495e-05
 -0.400000 	 -0.650000 	 1.813236e-05
 -0.400000 	 -0.600000 	 2.887210e-05
 -0.400000 	 -0.550000 	 4.583946e-05
 -0.400000 	 -0.500000 	 7.220905e-05
 -0.400000 	 -0.450000 	 1.124629e-04
 -0.400000 	 -0.400000 	 1.720756e-04
 -0.400000 	 -0.350000 	 2.569414e-04
 -0.400000 	 -0.300000 	 3.718163e-04
 -0.400000 	 -0.250000 	 5.175023e-04
 -0.400000 	 -0.200000 	 6.873456e-04
 -0.400000 	 -0.150000 	 8.646754e-04
 -0.400000 	 -0.100000 	 1.023834e-03
 -0.400000 	 -0.050000 	 1.135692e-03
 -0.400000 	 0.000000 	 1.175907e-03
 -0.400000 	 0.050000 	 1.135634e-03
 -0.400000 	 0.100000 	 1.023884e-03
 -0.400000 	 0.150000 	 8.648186e-04
 -0.400000 	 0.200000 	 6.872776e-04
 -0.400000 	 0.250000 	 5.174943e-04
 -0.400000 	 0.300000 	 3.718172e-04
 -0.400000 	 0.350000 	 2.569114e-04
 -0.400000 	 0.400000 	 1.720370e-04
 -0.400000 	 0.450000 	 1.124459e-04
 -0.400000 	 0.500000 	 7.222162e-05
 -0.400000 	 0.550000 	 4.583696e-05
 -0.400000 	 0.600000 	 2.887312e-05
 -0.400000 	 0.650000 	 1.813168e-05
 -0.400000 	 0.700000 	 1.138485e-05
 -0.400000 	 0.750000 	 7.164377e-06
 -0.400000 	 0.800000 	 4.527961e-06
 -0.400000 	 0.850000 	 2.878663e-06
 -0.400000 	 0.900000 	 1.842278e-06
 -0.400000 	 0.950000 	 1.188182e-06
 -0.400000 	 1.000000 	 7.727207e-07
 -0.350000 	 -1.000000 	 9.093324e-07
 -0.350000 	 -0.950000 	 1.416611e-06
 -0.350000 	 -0.900000 	 2.228392e-06
 -0.350000 	 -0.850000 	 3.535731e-06
 -0.350000 	 -0.800000 	 5.659617e-06
 -0.350000 	 -0.750000 	 9.124840e-06
 -0.350000 	 -0.700000 	 1.480759e-05
 -0.350000 	 -0.650000 	 2.412861e-05
 -0.350000 	 -0.600000 	 3.938504e-05
 -0.350000 	 -0.550000 	 6.421686e-05
 -0.350000 	 -0.500000 	 1.041397e-04
 -0.350000 	 -0.450000 	 1.671719e-04
 -0.350000 	 -0.400000 	 2.639515e-04
 -0.350000 	 -0.350000 	 4.071257e-04
 -0.350000 	 -0.300000 	 6.083717e-04
 -0.350000 	 -0.250000 	 8.728546e-04
 -0.350000 	 -0.200000 	 1.191696e-03
 -0.350000 	 -0.150000 	 1.534241e-03
 -0.350000 	 -0.100000 	 1.849688e-03
 -0.350000 	 -0.050000 	 2.074575e-03
 -0.350000 	 0.000000 	 2.156937e-03
 -0.350000 	 0.050000 	 2.074742e-03
 -0.350000 	 0.100000 	 1.849764e-03
 -0.350000 	 0.150000 	 1.534458e-03
 -0.350000 	 0.200000 	 1.191272e-03
 -0.350000 	 0.250000 	 8.727474e-04
 -0.350000 	 0.300000 	 6.083495e-04
 -0.350000 	 0.350000 	 4.070982e-04
 -0.350000 	 0.400000 	 2.639797e-04
 -0.350000 	 0.450000 	 1.671860e-04
 -0.350000 	 0.500000 	 1.041399e-04
 -0.350000 	 0.550000 	 6.420880e-05
 -0.350000 	 0.600000 	 3.938959e-05
 -0.350000 	 0.650000 	 2.412591e-05
 -0.350000 	 0.700000 	 1.480875e-05
 -0.350000 	 0.750000 	 9.127656e-06
 -0.350000 	 0.800000 	 5.660027e-06
 -0.350000 	 0.850000 	 3.535989e-06
 -0.350000 	 0.900000 	 2.227726e-06
 -0.350000 	 0.950000 	 1.416442e-06
 -0.350000 	 1.000000 	 9.091746e-07
 -0.300000 	 -1.000000 	 1.047973e-06
 -0.300000 	 -0.950000 	 1.652221e-06
 -0.300000 	 -0.900000 	 2.632254e-06
 -0.300000 	 -0.850000 	 4.239703e-06
 -0.300000 	 -0.800000 	 6.894795e-06
 -0.300000 	 -0.750000 	 1.131613e-05
 -0.300000 	 -0.700000 	 1.871948e-05
 -0.300000 	 -0.650000 	 3.117171e-05
 -0.300000 	 -0.600000 	 5.210163e-05
 -0.300000 	 -0.550000 	 8.716913e-05
 -0.300000 	 -0.500000 	 1.453727e-04
 -0.300000 	 -0.450000 	 2.404268e-04
 -0.300000 	 -0.400000 	 3.918021e-04
 -0.300000 	 -0.350000 	 6.240637e-04
 -0.300000 	 -0.300000 	 9.634640e-04
 -0.300000 	 -0.250000 	 1.426271e-03
 -0.300000 	 -0.200000 	 2.004925e-03
 -0.300000 	 -0.150000 	 2.648726e-03
 -0.300000 	 -0.100000 	 3.256663e-03
 -0.300000 	 -0.050000 	 3.701426e-03
 -0.300000 	 0.000000 	 3.864660e-03
 -0.300000 	 0.050000 	 3.701331e-03
 -0.300000 	 0.100000 	 3.256667e-03
 -0.300000 	 0.150000 	 2.648386e-03
 -0.300000 	 0.200000 	 2.004871e-03
 -0.300000 	 0.250000 	 1.426242e-03
 -0.300000 	 0.300000 	 9.634673e-04
 -0.300000 	 0.350000 	 6.241287e-04
 -0.300000 	 0.400000 	 3.917633e-04
 -0.300000 	 0.450000 	 2.404040e-04
 -0.300000 	 0.500000 	 1.453608e-04
 -0.300000 	 0.550000 	 8.717939e-05
 -0.300000 	 0.600000 	 5.211716e-05
 -0.300000 	 0.650000 	 3.117218e-05
 -0.300000 	 0.700000 	 1.872077e-05
 -0.300000 	 0.750000 	 1.131618e-05
 -0.300000 	 0.800000 	 6.894628e-06
 -0.300000 	 0.850000 	 4.239840e-06
 -0.300000 	 0.900000 	 2.632191e-06
 -0.300000 	 0.950000 	 1.652011e-06
 -0.300000 	 1.000000 	 1.048054e-06
 -0.250000 	 -1.000000 	 1.181477e-06
 -0.250000 	 -0.950000 	 1.882149e-06
 -0.250000 	 -0.900000 	 3.034014e-06
 -0.250000 	 -0.850000 	 4.948265e-06
 -0.250000 	 -0.800000 	 8.165132e-06
 -0.250000 	 -0.750000 	 1.361544e-05
 -0.250000 	 -0.700000 	 2.293110e-05
 -0.250000 	 -0.650000 	 3.892821e-05
 -0.250000 	 -0.600000 	 6.650687e-05
 -0.250000 	 -0.550000 	 1.139695e-04
 -0.250000 	 -0.500000 	 1.950410e-04
 -0.250000 	 -0.450000 	 3.318080e-04
 -0.250000 	 -0.400000 	 5.572439e-04
 -0.250000 	 -0.350000 	 9.163056e-04
 -0.250000 	 -0.300000 	 1.460614e-03
 -0.250000 	 -0.250000 	 2.233186e-03
 -0.250000 	 -0.200000 	 3.236532e-03
 -0.250000 	 -0.150000 	 4.398095e-03
 -0.250000 	 -0.100000 	 5.542728e-03
 -0.250000 	 -0.050000 	 6.405729e-03
 -0.250000 	 0.000000 	 6.730901e-03
 -0.250000 	 0.050000 	 6.406376e-03
 -0.250000 	 0.100000 	 5.541748e-03
 -0.250000 	 0.150000 	 4.398464e-03
 -0.250000 	 0.200000 	 3.236426e-03
 -0.250000 	 0.250000 	 2.233101e-03
 -0.250000 	 0.300000 	 1.460773e-03
 -0.250000 	 0.350000 	 9.161851e-04
 -0.250000 	 0.400000 	 5.573558e-04
 -0.250000 	 0.450000 	 3.318483e-04
 -0.250000 	 0.500000 	 1.950872e-04
 -0.250000 	 0.550000 	 1.139373e-04
 -0.250000 	 0.600000 	 6.649212e-05
 -0.250000 	 0.650000 	 3.893564e-05
 -0.250000 	 0.700000 	 2.292994e-05
 -0.250000 	 0.750000 	 1.361342e-05
 -0.250000 	 0.800000 	 8.165194e-06
 -0.250000 	 0.850000 	 4.949448e-06
 -0.250000 	 0.900000 	 3.034543e-06
 -0.250000 	 0.950000 	 1.882013e-06
 -0.250000 	 1.000000 	 1.181451e-06
 -0.200000 	 -1.000000 	 1.301532e-06
 -0.200000 	 -0.950000 	 2.091683e-06
 -0.200000 	 -0.900000 	 3.405483e-06
 -0.200000 	 -0.850000 	 5.615105e-06
 -0.200000 	 -0.800000 	 9.376936e-06
 -0.200000 	 -0.750000 	 1.585262e-05
 -0.200000 	 -0.700000 	 2.710797e-05
 -0.200000 	 -0.650000 	 4.681923e-05
 -0.200000 	 -0.600000 	 8.150624e-05
 -0.200000 	 -0.550000 	 1.426310e-04
 -0.200000 	 -0.500000 	 2.499517e-04
 -0.200000 	 -0.450000 	 4.362202e-04
 -0.200000 	 -0.400000 	 7.531372e-04
 -0.200000 	 -0.350000 	 1.275203e-03
 -0.200000 	 -0.300000 	 2.095949e-03
 -0.200000 	 -0.250000 	 3.307148e-03
 -0.200000 	 -0.200000 	 4.950861e-03
 -0.200000 	 -0.150000 	 6.955945e-03
 -0.200000 	 -0.100000 	 9.060028e-03
 -0.200000 	 -0.050000 	 1.076596e-02
 -0.200000 	 0.000000 	 1.143739e-02
 -0.200000 	 0.050000 	 1.076389e-02
 -0.200000 	 0.100000 	 9.061520e-03
 -0.200000 	 0.150000 	 6.954598e-03
 -0.200000 	 0.200000 	 4.950123e-03
 -0.200000 	 0.250000 	 3.306879e-03
 -0.200000 	 0.300000 	 2.096235e-03
 -0.200000 	 0.350000 	 1.275345e-03
 -0.200000 	 0.400000 	 7.530951e-04
 -0.200000 	 0.450000 	 4.361853e-04
 -0.200000 	 0.500000 	 2.499469e-04
 -0.200000 	 0.550000 	 1.426585e-04
 -0.200000 	 0.600000 	 8.150896e-05
 -0.200000 	 0.650000 	 4.680996e-05
 -0.200000 	 0.700000 	 2.710498e-05
 -0.200000 	 0.750000 	 1.585473e-05
 -0.200000 	 0.800000 	 9.375645e-06
 -0.200000 	 0.850000 	 5.615141e-06
 -0.200000 	 0.900000 	 3.404843e-06
 -0.200000 	 0.950000 	 2.091518e-06
 -0.200000 	 1.000000 	 1.301349e-06
 -0.150000 	 -1.000000 	 1.398962e-06
 -0.150000 	 -0.950000 	 2.264311e-06
 -0.150000 	 -0.900000 	 3.714754e-06
 -0.150000 	 -0.850000 	 6.180027e-06
 -0.150000 	 -0.800000 	 1.042165e-05
 -0.150000 	 -0.750000 	 1.781485e-05
 -0.150000 	 -0.700000 	 3.083688e-05
 -0.150000 	 -0.650000 	 5.401587e-05
 -0.150000 	 -0.600000 	 9.553137e-05
 -0.150000 	 -0.550000 	 1.701386e-04
 -0.150000 	 -0.500000 	 3.040420e-04
 -0.150000 	 -0.450000 	 5.419733e-04
 -0.150000 	 -0.400000 	 9.581350e-04
 -0.150000 	 -0.350000 	 1.663736e-03
 -0.150000 	 -0.300000 	 2.811176e-03
 -0.150000 	 -0.250000 	 4.568256e-03
 -0.150000 	 -0.200000 	 7.075060e-03
 -0.150000 	 -0.150000 	 1.036590e-02
 -0.150000 	 -0.100000 	 1.423617e-02
 -0.150000 	 -0.050000 	 1.781199e-02
 -0.150000 	 0.000000 	 1.935291e-02
 -0.150000 	 0.050000 	 1.780410e-02
 -0.150000 	 0.100000 	 1.423555e-02
 -0.150000 	 0.150000 	 1.036962e-02
 -0.150000 	 0.200000 	 7.074302e-03
 -0.150000 	 0.250000 	 4.567329e-03
 -0.150000 	 0.300000 	 2.810717e-03
 -0.150000 	 0.350000 	 1.663724e-03
 -0.150000 	 0.400000 	 9.580437e-04
 -0.150000 	 0.450000 	 5.420479e-04
 -0.150000 	 0.500000 	 3.039397e-04
 -0.150000 	 0.550000 	 1.701685e-04
 -0.150000 	 0.600000 	 9.553090e-05
 -0.150000 	 0.650000 	 5.401803e-05
 -0.150000 	 0.700000 	 3.084365e-05
 -0.150000 	 0.750000 	 1.781599e-05
 -0.150000 	 0.800000 	 1.042330e-05
 -0.150000 	 0.850000 	 6.180055e-06
 -0.150000 	 0.900000 	 3.714521e-06
 -0.150000 	 0.950000 	 2.264315e-06
 -0.150000 	 1.000000 	 1.399229e-06
 -0.100000 	 -1.000000 	 1.466974e-06
 -0.100000 	 -0.950000 	 2.385973e-06
 -0.100000 	 -0.900000 	 3.936657e-06
 -0.100000 	 -0.850000 	 6.589789e-06
 -0.100000 	 -0.800000 	 1.119458e-05
 -0.100000 	 -0.750000 	 1.928651e-05
 -0.100000 	 -0.700000 	 3.369641e-05
 -0.100000 	 -0.650000 	 5.962861e-05
 -0.100000 	 -0.600000 	 1.066833e-04
 -0.100000 	 -0.550000 	 1.924903e-04
 -0.100000 	 -0.500000 	 3.489369e-04
 -0.100000 	 -0.450000 	 6.323502e-04
 -0.100000 	 -0.400000 	 1.137954e-03
 -0.100000 	 -0.350000 	 2.016337e-03
 -0.100000 	 -0.300000 	 3.479523e-03
 -0.100000 	 -0.250000 	 5.801195e-03
 -0.100000 	 -0.200000 	 9.294540e-03
 -0.100000 	 -0.150000 	 1.434669e-02
 -0.100000 	 -0.100000 	 2.131601e-02
 -0.100000 	 -0.050000 	 2.919362e-02
 -0.100000 	 0.000000 	 3.317380e-02
 -0.100000 	 0.050000 	 2.920523e-02
 -0.100000 	 0.100000 	 2.131308e-02
 -0.100000 	 0.150000 	 1.434507e-02
 -0.100000 	 0.200000 	 9.294093e-03
 -0.100000 	 0.250000 	 5.801499e-03
 -0.100000 	 0.300000 	 3.480627e-03
 -0.100000 	 0.350000 	 2.016172e-03
 -0.100000 	 0.400000 	 1.138052e-03
 -0.100000 	 0.450000 	 6.324617e-04
 -0.100000 	 0.500000 	 3.489736e-04
 -0.100000 	 0.550000 	 1.924832e-04
 -0.100000 	 0.600000 	 1.066708e-04
 -0.100000 	 0.650000 	 5.963082e-05
 -0.100000 	 0.700000 	 3.369946e-05
 -0.100000 	 0.750000 	 1.928845e-05
 -0.100000 	 0.800000 	 1.119445e-05
 -0.100000 	 0.850000 	 6.588973e-06
 -0.100000 	 0.900000 	 3.936602e-06
 -0.100000 	 0.950000 	 2.385709e-06
 -0.100000 	 1.000000 	 1.466947e-06
 -0.050000 	 -1.000000 	 1.499182e-06
 -0.050000 	 -0.950000 	 2.445624e-06
 -0.050000 	 -0.900000 	 4.048873e-06
 -0.050000 	 -0.850000 	 6.802439e-06
 -0.050000 	 -0.800000 	 1.160361e-05
 -0.050000 	 -0.750000 	 2.008834e-05
 -0.050000 	 -0.700000 	 3.529585e-05
 -0.050000 	 -0.650000 	 6.283151e-05
 -0.050000 	 -0.600000 	 1.131830e-04
 -0.050000 	 -0.550000 	 2.058642e-04
 -0.050000 	 -0.500000 	 3.765461e-04
 -0.050000 	 -0.450000 	 6.893612e-04
 -0.050000 	 -0.400000 	 1.254168e-03
 -0.050000 	 -0.350000 	 2.249207e-03
 -0.050000 	 -0.300000 	 3.937998e-03
 -0.050000 	 -0.250000 	 6.682929e-03
 -0.050000 	 -0.200000 	 1.099912e-02
 -0.050000 	 -0.150000 	 1.784089e-02
 -0.050000 	 -0.100000 	 2.898643e-02
 -0.050000 	 -0.050000 	 4.482618e-02
 -0.050000 	 0.000000 	 5.475313e-02
 -0.050000 	 0.050000 	 4.481681e-02
 -0.050000 	 0.100000 	 2.899002e-02
 -0.050000 	 0.150000 	 1.784431e-02
 -0.050000 	 0.200000 	 1.099543e-02
 -0.050000 	 0.250000 	 6.682637e-03
 -0.050000 	 0.300000 	 3.939121e-03
 -0.050000 	 0.350000 	 2.249173e-03
 -0.050000 	 0.400000 	 1.254413e-03
 -0.050000 	 0.450000 	 6.893057e-04
 -0.050000 	 0.500000 	 3.764886e-04
 -0.050000 	 0.550000 	 2.058482e-04
 -0.050000 	 0.600000 	 1.131970e-04
 -0.050000 	 0.650000 	 6.283142e-05
 -0.050000 	 0.700000 	 3.529373e-05
 -0.050000 	 0.750000 	 2.009340e-05
 -0.050000 	 0.800000 	 1.160382e-05
 -0.050000 	 0.850000 	 6.802546e-06
 -0.050000 	 0.900000 	 4.048529e-06
 -0.050000 	 0.950000 	 2.445175e-06
 -0.050000 	 1.000000 	 1.498960e-06
 0.000000 	 -1.000000 	 1.493237e-06
 0.000000 	 -0.950000 	 2.437425e-06
 0.000000 	 -0.900000 	 4.038317e-06
 0.000000 	 -0.850000 	 6.793326e-06
 0.000000 	 -0.800000 	 1.160226e-05
 0.000000 	 -0.750000 	 2.011444e-05
 0.000000 	 -0.700000 	 3.538751e-05
 0.000000 	 -0.650000 	 6.311871e-05
 0.000000 	 -0.600000 	 1.139401e-04
 0.000000 	 -0.550000 	 2.077141e-04
 0.000000 	 -0.500000 	 3.809954e-04
 0.000000 	 -0.450000 	 6.996800e-04
 0.000000 	 -0.400000 	 1.277269e-03
 0.000000 	 -0.350000 	 2.299310e-03
 0.000000 	 -0.300000 	 4.045311e-03
 0.000000 	 -0.250000 	 6.904269e-03
 0.000000 	 -0.200000 	 1.147979e-02
 0.000000 	 -0.150000 	 1.902538e-02
 0.000000 	 -0.100000 	 3.226728e-02
 0.000000 	 -0.050000 	 5.360271e-02
 0.000000 	 0.000000 	 7.046748e-02
 0.000000 	 0.050000 	 5.360445e-02
 0.000000 	 0.100000 	 3.226857e-02
 0.000000 	 0.150000 	 1.902711e-02
 0.000000 	 0.200000 	 1.147944e-02
 0.000000 	 0.250000 	 6.904656e-03
 0.000000 	 0.300000 	 4.044476e-03
 0.000000 	 0.350000 	 2.299421e-03
 0.000000 	 0.400000 	 1.277434e-03
 0.000000 	 0.450000 	 6.994900e-04
 0.000000 	 0.500000 	 3.810627e-04
 0.000000 	 0.550000 	 2.077755e-04
 0.000000 	 0.600000 	 1.139672e-04
 0.000000 	 0.650000 	 6.311943e-05
 0.000000 	 0.700000 	 3.539256e-05
 0.000000 	 0.750000 	 2.011495e-05
 0.000000 	 0.800000 	 1.160186e-05
 0.000000 	 0.850000 	 6.793129e-06
 0.000000 	 0.900000 	 4.038231e-06
 0.000000 	 0.950000 	 2.437690e-06
 0.000000 	 1.000000 	 1.493221e-06
 0.050000 	 -1.000000 	 1.449250e-06
 0.050000 	 -0.950000 	 2.362613e-06
 0.050000 	 -0.900000 	 3.909498e-06
 0.050000 	 -0.850000 	 6.564258e-06
 0.050000 	 -0.800000 	 1.118999e-05
 0.050000 	 -0.750000 	 1.936197e-05
 0.050000 	 -0.700000 	 3.398424e-05
 0.050000 	 -0.650000 	 6.046728e-05
 0.050000 	 -0.600000 	 1.088632e-04
 0.050000 	 -0.550000 	 1.978060e-04
 0.050000 	 -0.500000 	 3.614907e-04
 0.050000 	 -0.450000 	 6.611213e-04
 0.050000 	 -0.400000 	 1.201596e-03
 0.050000 	 -0.350000 	 2.152670e-03
 0.050000 	 -0.300000 	 3.764342e-03
 0.050000 	 -0.250000 	 6.379679e-03
 0.050000 	 -0.200000 	 1.048618e-02
 0.050000 	 -0.150000 	 1.700351e-02
 0.050000 	 -0.100000 	 2.760585e-02
 0.050000 	 -0.050000 	 4.267294e-02
 0.050000 	 0.000000 	 5.210001e-02
 0.050000 	 0.050000 	 4.267287e-02
 0.050000 	 0.100000 	 2.760815e-02
 0.050000 	 0.150000 	 1.699499e-02
 0.050000 	 0.200000 	 1.049162e-02
 0.050000 	 0.250000 	 6.380394e-03
 0.050000 	 0.300000 	 3.765310e-03
 0.050000 	 0.350000 	 2.152958e-03
 0.050000 	 0.400000 	 1.201541e-03
 0.050000 	 0.450000 	 6.610685e-04
 0.050000 	 0.500000 	 3.615016e-04
 0.050000 	 0.550000 	 1.977870e-04
 0.050000 	 0.600000 	 1.088397e-04
 0.050000 	 0.650000 	 6.047000e-05
 0.050000 	 0.700000 	 3.398915e-05
 0.050000 	 0.750000 	 1.936344e-05
 0.050000 	 0.800000 	 1.118978e-05
 0.050000 	 0.850000 	 6.565391e-06
 0.050000 	 0.900000 	 3.908948e-06
 0.050000 	 0.950000 	 2.362595e-06
 0.050000 	 1.000000 	 1.449143e-06
 0.100000 	 -1.000000 	 1.371762e-06
 0.100000 	 -0.950000 	 2.228692e-06
 0.100000 	 -0.900000 	 3.673400e-06
 0.100000 	 -0.850000 	 6.141395e-06
 0.100000 	 -0.800000 	 1.042113e-05
 0.100000 	 -0.750000 	 1.793221e-05
 0.100000 	 -0.700000 	 3.128167e-05
 0.100000 	 -0.650000 	 5.529072e-05
 0.100000 	 -0.600000 	 9.876619e-05
 0.100000 	 -0.550000 	 1.778892e-04
 0.100000 	 -0.500000 	 3.221001e-04
 0.100000 	 -0.450000 	 5.827518e-04
 0.100000 	 -0.400000 	 1.046837e-03
 0.100000 	 -0.350000 	 1.850810e-03
 0.100000 	 -0.300000 	 3.188171e-03
 0.100000 	 -0.250000 	 5.306462e-03
 0.100000 	 -0.200000 	 8.486361e-03
 0.100000 	 -0.150000 	 1.308289e-02
 0.100000 	 -0.100000 	 1.942871e-02
 0.100000 	 -0.050000 	 2.659022e-02
 0.100000 	 0.000000 	 3.020357e-02
 0.100000 	 0.050000 	 2.658230e-02
 0.100000 	 0.100000 	 1.943226e-02
 0.100000 	 0.150000 	 1.308890e-02
 0.100000 	 0.200000 	 8.487001e-03
 0.100000 	 0.250000 	 5.307607e-03
 0.100000 	 0.300000 	 3.189280e-03
 0.100000 	 0.350000 	 1.850740e-03
 0.100000 	 0.400000 	 1.046988e-03
 0.100000 	 0.450000 	 5.827124e-04
 0.100000 	 0.500000 	 3.220848e-04
 0.100000 	 0.550000 	 1.779649e-04
 0.100000 	 0.600000 	 9.876651e-05
 0.100000 	 0.650000 	 5.528312e-05
 0.100000 	 0.700000 	 3.128435e-05
 0.100000 	 0.750000 	 1.793228e-05
 0.100000 	 0.800000 	 1.041800e-05
 0.100000 	 0.850000 	 6.141561e-06
 0.100000 	 0.900000 	 3.672822e-06
 0.100000 	 0.950000 	 2.228452e-06
 0.100000 	 1.000000 	 1.371675e-06
 0.150000 	 -1.000000 	 1.266806e-06
 0.150000 	 -0.950000 	 2.047248e-06
 0.150000 	 -0.900000 	 3.352550e-06
 0.150000 	 -0.850000 	 5.567154e-06
 0.150000 	 -0.800000 	 9.377337e-06
 0.150000 	 -0.750000 	 1.599820e-05
 0.150000 	 -0.700000 	 2.765296e-05
 0.150000 	 -0.650000 	 4.833915e-05
 0.150000 	 -0.600000 	 8.530662e-05
 0.150000 	 -0.550000 	 1.516380e-04
 0.150000 	 -0.500000 	 2.704592e-04
 0.150000 	 -0.450000 	 4.812485e-04
 0.150000 	 -0.400000 	 8.490774e-04
 0.150000 	 -0.350000 	 1.471225e-03
 0.150000 	 -0.300000 	 2.480021e-03
 0.150000 	 -0.250000 	 4.024158e-03
 0.150000 	 -0.200000 	 6.225978e-03
 0.150000 	 -0.150000 	 9.116773e-03
 0.150000 	 -0.100000 	 1.250978e-02
 0.150000 	 -0.050000 	 1.563930e-02
 0.150000 	 0.000000 	 1.698862e-02
 0.150000 	 0.050000 	 1.563747e-02
 0.150000 	 0.100000 	 1.251176e-02
 0.150000 	 0.150000 	 9.116802e-03
 0.150000 	 0.200000 	 6.224753e-03
 0.150000 	 0.250000 	 4.024506e-03
 0.150000 	 0.300000 	 2.480364e-03
 0.150000 	 0.350000 	 1.471324e-03
 0.150000 	 0.400000 	 8.489074e-04
 0.150000 	 0.450000 	 4.812784e-04
 0.150000 	 0.500000 	 2.704168e-04
 0.150000 	 0.550000 	 1.516544e-04
 0.150000 	 0.600000 	 8.532665e-05
 0.150000 	 0.650000 	 4.834410e-05
 0.150000 	 0.700000 	 2.765416e-05
 0.150000 	 0.750000 	 1.599875e-05
 0.150000 	 0.800000 	 9.376957e-06
 0.150000 	 0.850000 	 5.568533e-06
 0.150000 	 0.900000 	 3.353212e-06
 0.150000 	 0.950000 	 2.046501e-06
 0.150000 	 1.000000 	 1.266555e-06
 0.200000 	 -1.000000 	 1.142436e-06
 0.200000 	 -0.950000 	 1.832420e-06
 0.200000 	 -0.900000 	 2.977577e-06
 0.200000 	 -0.850000 	 4.901717e-06
 0.200000 	 -0.800000 	 8.168621e-06
 0.200000 	 -0.750000 	 1.378234e-05
 0.200000 	 -0.700000 	 2.352345e-05
 0.200000 	 -0.650000 	 4.054266e-05
 0.200000 	 -0.600000 	 7.043300e-05
 0.200000 	 -0.550000 	 1.230120e-04
 0.200000 	 -0.500000 	 2.151149e-04
 0.200000 	 -0.450000 	 3.748264e-04
 0.200000 	 -0.400000 	 6.457892e-04
 0.200000 	 -0.350000 	 1.091788e-03
 0.200000 	 -0.300000 	 1.792052e-03
 0.200000 	 -0.250000 	 2.825370e-03
 0.200000 	 -0.200000 	 4.228982e-03
 0.200000 	 -0.150000 	 5.942452e-03
 0.200000 	 -0.100000 	 7.747859e-03
 0.200000 	 -0.050000 	 9.206675e-03
 0.200000 	 0.000000 	 9.781070e-03
 0.200000 	 0.050000 	 9.206455e-03
 0.200000 	 0.100000 	 7.747057e-03
 0.200000 	 0.150000 	 5.943889e-03
 0.200000 	 0.200000 	 4.228922e-03
 0.200000 	 0.250000 	 2.825502e-03
 0.200000 	 0.300000 	 1.792505e-03
 0.200000 	 0.350000 	 1.091594e-03
 0.200000 	 0.400000 	 6.458330e-04
 0.200000 	 0.450000 	 3.747977e-04
 0.200000 	 0.500000 	 2.151771e-04
 0.200000 	 0.550000 	 1.230154e-04
 0.200000 	 0.600000 	 7.042809e-05
 0.200000 	 0.650000 	 4.054351e-05
 0.200000 	 0.700000 	 2.352170e-05
 0.200000 	 0.750000 	 1.378214e-05
 0.200000 	 0.800000 	 8.168532e-06
 0.200000 	 0.850000 	 4.901541e-06
 0.200000 	 0.900000 	 2.977700e-06
 0.200000 	 0.950000 	 1.832450e-06
 0.200000 	 1.000000 	 1.142122e-06
 0.250000 	 -1.000000 	 1.007258e-06
 0.250000 	 -0.950000 	 1.601559e-06
 0.250000 	 -0.900000 	 2.576494e-06
 0.250000 	 -0.850000 	 4.193987e-06
 0.250000 	 -0.800000 	 6.905890e-06
 0.250000 	 -0.750000 	 1.148922e-05
 0.250000 	 -0.700000 	 1.931452e-05
 0.250000 	 -0.650000 	 3.272401e-05
 0.250000 	 -0.600000 	 5.578981e-05
 0.250000 	 -0.550000 	 9.545042e-05
 0.250000 	 -0.500000 	 1.631343e-04
 0.250000 	 -0.450000 	 2.771215e-04
 0.250000 	 -0.400000 	 4.649155e-04
 0.250000 	 -0.350000 	 7.638737e-04
 0.250000 	 -0.300000 	 1.217912e-03
 0.250000 	 -0.250000 	 1.863024e-03
 0.250000 	 -0.200000 	 2.703036e-03
 0.250000 	 -0.150000 	 3.679252e-03
 0.250000 	 -0.100000 	 4.644693e-03
 0.250000 	 -0.050000 	 5.373966e-03
 0.250000 	 0.000000 	 5.649611e-03
 0.250000 	 0.050000 	 5.374369e-03
 0.250000 	 0.100000 	 4.642489e-03
 0.250000 	 0.150000 	 3.679904e-03
 0.250000 	 0.200000 	 2.703454e-03
 0.250000 	 0.250000 	 1.862565e-03
 0.250000 	 0.300000 	 1.217779e-03
 0.250000 	 0.350000 	 7.641122e-04
 0.250000 	 0.400000 	 4.648702e-04
 0.250000 	 0.450000 	 2.771203e-04
 0.250000 	 0.500000 	 1.631199e-04
 0.250000 	 0.550000 	 9.544185e-05
 0.250000 	 0.600000 	 5.579916e-05
 0.250000 	 0.650000 	 3.272700e-05
 0.250000 	 0.700000 	 1.931337e-05
 0.250000 	 0.750000 	 1.149201e-05
 0.250000 	 0.800000 	 6.905018e-06
 0.250000 	 0.850000 	 4.193972e-06
 0.250000 	 0.900000 	 2.576117e-06
 0.250000 	 0.950000 	 1.601493e-06
 0.250000 	 1.000000 	 1.007342e-06
 0.300000 	 -1.000000 	 8.697747e-07
 0.300000 	 -0.950000 	 1.368657e-06
 0.300000 	 -0.900000 	 2.176089e-06
 0.300000 	 -0.850000 	 3.496839e-06
 0.300000 	 -0.800000 	 5.676708e-06
 0.300000 	 -0.750000 	 9.300120e-06
 0.300000 	 -0.700000 	 1.535963e-05
 0.300000 	 -0.650000 	 2.553619e-05
 0.300000 	 -0.600000 	 4.262682e-05
 0.300000 	 -0.550000 	 7.119880e-05
 0.300000 	 -0.500000 	 1.186486e-04
 0.300000 	 -0.450000 	 1.961087e-04
 0.300000 	 -0.400000 	 3.196253e-04
 0.300000 	 -0.350000 	 5.096424e-04
 0.300000 	 -0.300000 	 7.874894e-04
 0.300000 	 -0.250000 	 1.168567e-03
 0.300000 	 -0.200000 	 1.646902e-03
 0.300000 	 -0.150000 	 2.181919e-03
 0.300000 	 -0.100000 	 2.690589e-03
 0.300000 	 -0.050000 	 3.063891e-03
 0.300000 	 0.000000 	 3.201928e-03
 0.300000 	 0.050000 	 3.064056e-03
 0.300000 	 0.100000 	 2.691106e-03
 0.300000 	 0.150000 	 2.181757e-03
 0.300000 	 0.200000 	 1.647212e-03
 0.300000 	 0.250000 	 1.168551e-03
 0.300000 	 0.300000 	 7.875541e-04
 0.300000 	 0.350000 	 5.095417e-04
 0.300000 	 0.400000 	 3.195985e-04
 0.300000 	 0.450000 	 1.961299e-04
 0.300000 	 0.500000 	 1.186596e-04
 0.300000 	 0.550000 	 7.121015e-05
 0.300000 	 0.600000 	 4.262349e-05
 0.300000 	 0.650000 	 2.552963e-05
 0.300000 	 0.700000 	 1.536145e-05
 0.300000 	 0.750000 	 9.299611e-06
 0.300000 	 0.800000 	 5.676851e-06
 0.300000 	 0.850000 	 3.496828e-06
 0.300000 	 0.900000 	 2.176360e-06
 0.300000 	 0.950000 	 1.368195e-06
 0.300000 	 1.000000 	 8.696840e-07
 0.350000 	 -1.000000 	 7.364024e-07
 0.350000 	 -0.950000 	 1.145059e-06
 0.350000 	 -0.900000 	 1.797869e-06
 0.350000 	 -0.850000 	 2.848357e-06
 0.350000 	 -0.800000 	 4.552416e-06
 0.350000 	 -0.750000 	 7.328944e-06
 0.350000 	 -0.700000 	 1.187730e-05
 0.350000 	 -0.650000 	 1.933418e-05
 0.350000 	 -0.600000 	 3.154072e-05
 0.350000 	 -0.550000 	 5.141179e-05
 0.350000 	 -0.500000 	 8.338636e-05
 0.350000 	 -0.450000 	 1.339073e-04
 0.350000 	 -0.400000 	 2.117663e-04
 0.350000 	 -0.350000 	 3.272536e-04
 0.350000 	 -0.300000 	 4.903969e-04
 0.350000 	 -0.250000 	 7.060509e-04
 0.350000 	 -0.200000 	 9.677365e-04
 0.350000 	 -0.150000 	 1.251293e-03
 0.350000 	 -0.100000 	 1.513307e-03
 0.350000 	 -0.050000 	 1.701834e-03
 0.350000 	 0.000000 	 1.770756e-03
 0.350000 	 0.050000 	 1.701975e-03
 0.350000 	 0.100000 	 1.513569e-03
 0.350000 	 0.150000 	 1.251153e-03
 0.350000 	 0.200000 	 9.677389e-04
 0.350000 	 0.250000 	 7.059839e-04
 0.350000 	 0.300000 	 4.903335e-04
 0.350000 	 0.350000 	 3.272966e-04
 0.350000 	 0.400000 	 2.117518e-04
 0.350000 	 0.450000 	 1.339189e-04
 0.350000 	 0.500000 	 8.338220e-05
 0.350000 	 0.550000 	 5.140035e-05
 0.350000 	 0.600000 	 3.153276e-05
 0.350000 	 0.650000 	 1.933352e-05
 0.350000 	 0.700000 	 1.187717e-05
 0.350000 	 0.750000 	 7.329543e-06
 0.350000 	 0.800000 	 4.552241e-06
 0.350000 	 0.850000 	 2.848402e-06
 0.350000 	 0.900000 	 1.797992e-06
 0.350000 	 0.950000 	 1.145128e-06
 0.350000 	 1.000000 	 7.363699e-07
 0.400000 	 -1.000000 	 6.124317e-07
 0.400000 	 -0.950000 	 9.402065e-07
 0.400000 	 -0.900000 	 1.455856e-06
 0.400000 	 -0.850000 	 2.271511e-06
 0.400000 	 -0.800000 	 3.569546e-06
 0.400000 	 -0.750000 	 5.643527e-06
 0.400000 	 -0.700000 	 8.960950e-06
 0.400000 	 -0.650000 	 1.427082e-05
 0.400000 	 -0.600000 	 2.273119e-05
 0.400000 	 -0.550000 	 3.610822e-05
 0.400000 	 -0.500000 	 5.697834e-05
 0.400000 	 -0.450000 	 8.887403e-05
 0.400000 	 -0.400000 	 1.363359e-04
 0.400000 	 -0.350000 	 2.043059e-04
 0.400000 	 -0.300000 	 2.969028e-04
 0.400000 	 -0.250000 	 4.152150e-04
 0.400000 	 -0.200000 	 5.542478e-04
 0.400000 	 -0.150000 	 7.004171e-04
 0.400000 	 -0.100000 	 8.328386e-04
 0.400000 	 -0.050000 	 9.262622e-04
 0.400000 	 0.000000 	 9.599619e-04
 0.400000 	 0.050000 	 9.262575e-04
 0.400000 	 0.100000 	 8.327395e-04
 0.400000 	 0.150000 	 7.005052e-04
 0.400000 	 0.200000 	 5.541840e-04
 0.400000 	 0.250000 	 4.151907e-04
 0.400000 	 0.300000 	 2.969004e-04
 0.400000 	 0.350000 	 2.043203e-04
 0.400000 	 0.400000 	 1.363351e-04
 0.400000 	 0.450000 	 8.886902e-05
 0.400000 	 0.500000 	 5.697163e-05
 0.400000 	 0.550000 	 3.610687e-05
 0.400000 	 0.600000 	 2.272846e-05
 0.400000 	 0.650000 	 1.427102e-05
 0.400000 	 0.700000 	 8.959421e-06
 0.400000 	 0.750000 	 5.642830e-06
 0.400000 	 0.800000 	 3.569244e-06
 0.400000 	 0.850000 	 2.271928e-06
 0.400000 	 0.900000 	 1.455716e-06
 0.400000 	 0.950000 	 9.401569e-07
 0.400000 	 1.000000 	 6.124306e-07
 0.450000 	 -1.000000 	 5.010735e-07
 0.450000 	 -0.950000 	 7.590419e-07
 0.450000 	 -0.900000 	 1.158042e-06
 0.450000 	 -0.850000 	 1.777925e-06
 0.450000 	 -0.800000 	 2.744587e-06
 0.450000 	 -0.750000 	 4.257338e-06
 0.450000 	 -0.700000 	 6.621496e-06
 0.450000 	 -0.650000 	 1.030951e-05
 0.450000 	 -0.600000 	 1.602569e-05
 0.450000 	 -0.550000 	 2.480539e-05
 0.450000 	 -0.500000 	 3.808218e-05
 0.450000 	 -0.450000 	 5.771309e-05
 0.450000 	 -0.400000 	 8.594543e-05
 0.450000 	 -0.350000 	 1.250073e-04
 0.450000 	 -0.300000 	 1.764276e-04
 0.450000 	 -0.250000 	 2.399876e-04
 0.450000 	 -0.200000 	 3.124042e-04
 0.450000 	 -0.150000 	 3.866375e-04
 0.450000 	 -0.100000 	 4.524659e-04
 0.450000 	 -0.050000 	 4.981315e-04
 0.450000 	 0.000000 	 5.144963e-04
 0.450000 	 0.050000 	 4.980938e-04
 0.450000 	 0.100000 	 4.524055e-04
 0.450000 	 0.150000 	 3.867015e-04
 0.450000 	 0.200000 	 3.124548e-04
 0.450000 	 0.250000 	 2.399773e-04
 0.450000 	 0.300000 	 1.764087e-04
 0.450000 	 0.350000 	 1.250012e-04
 0.450000 	 0.400000 	 8.594656e-05
 0.450000 	 0.450000 	 5.771311e-05
 0.450000 	 0.500000 	 3.807590e-05
 0.450000 	 0.550000 	 2.480096e-05
 0.450000 	 0.600000 	 1.602915e-05
 0.450000 	 0.650000 	 1.031080e-05
 0.450000 	 0.700000 	 6.620899e-06
 0.450000 	 0.750000 	 4.257529e-06
 0.450000 	 0.800000 	 2.745246e-06
 0.450000 	 0.850000 	 1.778000e-06
 0.450000 	 0.900000 	 1.157927e-06
 0.450000 	 0.950000 	 7.589453e-07
 0.450000 	 1.000000 	 5.009660e-07
 0.500000 	 -1.000000 	 4.039578e-07
 0.500000 	 -0.950000 	 6.033583e-07
 0.500000 	 -0.900000 	 9.066141e-07
 0.500000 	 -0.850000 	 1.369012e-06
 0.500000 	 -0.800000 	 2.076344e-06
 0.500000 	 -0.750000 	 3.158881e-06
 0.500000 	 -0.700000 	 4.810229e-06
 0.500000 	 -0.650000 	 7.319480e-06
 0.500000 	 -0.600000 	 1.110767e-05
 0.500000 	 -0.550000 	 1.675338e-05
 0.500000 	 -0.500000 	 2.503260e-05
 0.500000 	 -0.450000 	 3.689322e-05
 0.500000 	 -0.400000 	 5.338897e-05
 0.500000 	 -0.350000 	 7.548973e-05
 0.500000 	 -0.300000 	 1.036261e-04
 0.500000 	 -0.250000 	 1.373490e-04
 0.500000 	 -0.200000 	 1.747233e-04
 0.500000 	 -0.150000 	 2.121380e-04
 0.500000 	 -0.100000 	 2.446154e-04
 0.500000 	 -0.050000 	 2.668989e-04
 0.500000 	 0.000000 	 2.748451e-04
 0.500000 	 0.050000 	 2.669174e-04
 0.500000 	 0.100000 	 2.446414e-04
 0.500000 	 0.150000 	 2.121501e-04
 0.500000 	 0.200000 	 1.747425e-04
 0.500000 	 0.250000 	 1.373495e-04
 0.500000 	 0.300000 	 1.036175e-04
 0.500000 	 0.350000 	 7.549039e-05
 0.500000 	 0.400000 	 5.339149e-05
 0.500000 	 0.450000 	 3.689240e-05
 0.500000 	 0.500000 	 2.503011e-05
 0.500000 	 0.550000 	 1.675279e-05
 0.500000 	 0.600000 	 1.110789e-05
 0.500000 	 0.650000 	 7.319183e-06
 0.500000 	 0.700000 	 4.810077e-06
 0.500000 	 0.750000 	 3.157927e-06
 0.500000 	 0.800000 	 2.076373e-06
 0.500000 	 0.850000 	 1.369212e-06
 0.500000 	 0.900000 	 9.067887e-07
 0.500000 	 0.950000 	 6.034634e-07
 0.500000 	 1.000000 	 4.039305e-07
 0.550000 	 -1.000000 	 3.216034e-07
 0.550000 	 -0.950000 	 4.734761e-07
 0.550000 	 -0.900000 	 7.003343e-07
 0.550000 	 -0.850000 	 1.040095e-06
 0.550000 	 -0.800000 	 1.548797e-06
 0.550000 	 -0.750000 	 2.309433e-06
 0.550000 	 -0.700000 	 3.443850e-06
 0.550000 	 -0.650000 	 5.124185e-06
 0.550000 	 -0.600000 	 7.594362e-06
 0.550000 	 -0.550000 	 1.117130e-05
 0.550000 	 -0.500000 	 1.626139e-05
 0.550000 	 -0.450000 	 2.333336e-05
 0.550000 	 -0.400000 	 3.287130e-05
 0.550000 	 -0.350000 	 4.524298e-05
 0.550000 	 -0.300000 	 6.053550e-05
 0.550000 	 -0.250000 	 7.834084e-05
 0.550000 	 -0.200000 	 9.757911e-05
 0.550000 	 -0.150000 	 1.164011e-04
 0.550000 	 -0.100000 	 1.324482e-04
 0.550000 	 -0.050000 	 1.433271e-04
 0.550000 	 0.000000 	 1.471394e-04
 0.550000 	 0.050000 	 1.433009e-04
 0.550000 	 0.100000 	 1.324276e-04
 0.550000 	 0.150000 	 1.163796e-04
 0.550000 	 0.200000 	 9.755831e-05
 0.550000 	 0.250000 	 7.834812e-05
 0.550000 	 0.300000 	 6.052890e-05
 0.550000 	 0.350000 	 4.524035e-05
 0.550000 	 0.400000 	 3.287086e-05
 0.550000 	 0.450000 	 2.333713e-05
 0.550000 	 0.500000 	 1.626000e-05
 0.550000 	 0.550000 	 1.117154e-05
 0.550000 	 0.600000 	 7.593816e-06
 0.550000 	 0.650000 	 5.125248e-06
 0.550000 	 0.700000 	 3.443456e-06
 0.550000 	 0.750000 	 2.308965e-06
 0.550000 	 0.800000 	 1.548533e-06
 0.550000 	 0.850000 	 1.039954e-06
 0.550000 	 0.900000 	 7.003913e-07
 0.550000 	 0.950000 	 4.733801e-07
 0.550000 	 1.000000 	 3.215606e-07
 0.600000 	 -1.000000 	 2.531199e-07
 0.600000 	 -0.950000 	 3.671331e-07
 0.600000 	 -0.900000 	 5.347546e-07
 0.600000 	 -0.850000 	 7.806939e-07
 0.600000 	 -0.800000 	 1.141302e-06
 0.600000 	 -0.750000 	 1.669797e-06
 0.600000 	 -0.700000 	 2.438905e-06
 0.600000 	 -0.650000 	 3.550420e-06
 0.600000 	 -0.600000 	 5.141566e-06
 0.600000 	 -0.550000 	 7.380724e-06
 0.600000 	 -0.500000 	 1.048179e-05
 0.600000 	 -0.450000 	 1.466632e-05
 0.600000 	 -0.400000 	 2.014687e-05
 0.600000 	 -0.350000 	 2.704627e-05
 0.600000 	 -0.300000 	 3.534099e-05
 0.600000 	 -0.250000 	 4.475277e-05
 0.600000 	 -0.200000 	 5.465757e-05
 0.600000 	 -0.150000 	 6.417462e-05
 0.600000 	 -0.100000 	 7.216371e-05
 0.600000 	 -0.050000 	 7.750502e-05
 0.600000 	 0.000000 	 7.939022e-05
 0.600000 	 0.050000 	 7.750140e-05
 0.600000 	 0.100000 	 7.215187e-05
 0.600000 	 0.150000 	 6.416676e-05
 0.600000 	 0.200000 	 5.467655e-05
 0.600000 	 0.250000 	 4.474028e-05
 0.600000 	 0.300000 	 3.534357e-05
 0.600000 	 0.350000 	 2.704393e-05
 0.600000 	 0.400000 	 2.014399e-05
 0.600000 	 0.450000 	 1.466638e-05
 0.600000 	 0.500000 	 1.048183e-05
 0.600000 	 0.550000 	 7.382324e-06
 0.600000 	 0.600000 	 5.140473e-06
 0.600000 	 0.650000 	 3.550491e-06
 0.600000 	 0.700000 	 2.438316e-06
 0.600000 	 0.750000 	 1.669700e-06
 0.600000 	 0.800000 	 1.141546e-06
 0.600000 	 0.850000 	 7.805455e-07
 0.600000 	 0.900000 	 5.346771e-07
 0.600000 	 0.950000 	 3.672888e-07
 0.600000 	 1.000000 	 2.530414e-07
 0.650000 	 -1.000000 	 1.972616e-07
 0.650000 	 -0.950000 	 2.820281e-07
 0.650000 	 -0.900000 	 4.042484e-07
 0.650000 	 -0.850000 	 5.803738e-07
 0.650000 	 -0.800000 	 8.334358e-07
 0.650000 	 -0.750000 	 1.196546e-06
 0.650000 	 -0.700000 	 1.712663e-06
 0.650000 	 -0.650000 	 2.440986e-06
 0.650000 	 -0.600000 	 3.456715e-06
 0.650000 	 -0.550000 	 4.852061e-06
 0.650000 	 -0.500000 	 6.730363e-06
 0.650000 	 -0.450000 	 9.197342e-06
 0.650000 	 -0.400000 	 1.233376e-05
 0.650000 	 -0.350000 	 1.618807e-05
 0.650000 	 -0.300000 	 2.069540e-05
 0.650000 	 -0.250000 	 2.568262e-05
 0.650000 	 -0.200000 	 3.083885e-05
 0.650000 	 -0.150000 	 3.569143e-05
 0.650000 	 -0.100000 	 3.969901e-05
 0.650000 	 -0.050000 	 4.237353e-05
 0.650000 	 0.000000 	 4.329512e-05
 0.650000 	 0.050000 	 4.236974e-05
 0.650000 	 0.100000 	 3.970000e-05
 0.650000 	 0.150000 	 3.568638e-05
 0.650000 	 0.200000 	 3.083520e-05
 0.650000 	 0.250000 	 2.568878e-05
 0.650000 	 0.300000 	 2.069148e-05
 0.650000 	 0.350000 	 1.618612e-05
 0.650000 	 0.400000 	 1.233631e-05
 0.650000 	 0.450000 	 9.193864e-06
 0.650000 	 0.500000 	 6.729332e-06
 0.650000 	 0.550000 	 4.851331e-06
 0.650000 	 0.600000 	 3.456685e-06
 0.650000 	 0.650000 	 2.441252e-06
 0.650000 	 0.700000 	 1.712543e-06
 0.650000 	 0.750000 	 1.196249e-06
 0.650000 	 0.800000 	 8.337151e-07
 0.650000 	 0.850000 	 5.802858e-07
 0.650000 	 0.900000 	 4.043019e-07
 0.650000 	 0.950000 	 2.820611e-07
 0.650000 	 1.000000 	 1.972592e-07
 0.700000 	 -1.000000 	 1.524726e-07
 0.700000 	 -0.950000 	 2.148666e-07
 0.700000 	 -0.900000 	 3.032489e-07
 0.700000 	 -0.850000 	 4.280969e-07
 0.700000 	 -0.800000 	 6.043321e-07
 0.700000 	 -0.750000 	 8.512861e-07
 0.700000 	 -0.700000 	 1.195220e-06
 0.700000 	 -0.650000 	 1.669662e-06
 0.700000 	 -0.600000 	 2.314893e-06
 0.700000 	 -0.550000 	 3.180081e-06
 0.700000 	 -0.500000 	 4.315031e-06
 0.700000 	 -0.450000 	 5.765386e-06
 0.700000 	 -0.400000 	 7.567916e-06
 0.700000 	 -0.350000 	 9.724251e-06
 0.700000 	 -0.300000 	 1.219349e-05
 0.700000 	 -0.250000 	 1.486089e-05
 0.700000 	 -0.200000 	 1.756516e-05
 0.700000 	 -0.150000 	 2.006632e-05
 0.700000 	 -0.100000 	 2.211442e-05
 0.700000 	 -0.050000 	 2.345781e-05
 0.700000 	 0.000000 	 2.392594e-05
 0.700000 	 0.050000 	 2.345934e-05
 0.700000 	 0.100000 	 2.211495e-05
 0.700000 	 0.150000 	 2.006720e-05
 0.700000 	 0.200000 	 1.756184e-05
 0.700000 	 0.250000 	 1.486218e-05
 0.700000 	 0.300000 	 1.218917e-05
 0.700000 	 0.350000 	 9.723976e-06
 0.700000 	 0.400000 	 7.567638e-06
 0.700000 	 0.450000 	 5.766166e-06
 0.700000 	 0.500000 	 4.314033e-06
 0.700000 	 0.550000 	 3.179705e-06
 0.700000 	 0.600000 	 2.315418e-06
 0.700000 	 0.650000 	 1.669452e-06
 0.700000 	 0.700000 	 1.195136e-06
 0.700000 	 0.750000 	 8.513791e-07
 0.700000 	 0.800000 	 6.044698e-07
 0.700000 	 0.850000 	 4.281616e-07
 0.700000 	 0.900000 	 3.032213e-07
 0.700000 	 0.950000 	 2.148273e-07
 0.700000 	 1.000000 	 1.524494e-07
 0.750000 	 -1.000000 	 1.170285e-07
 0.750000 	 -0.950000 	 1.625373e-07
 0.750000 	 -0.900000 	 2.259624e-07
 0.750000 	 -0.850000 	 3.139685e-07
 0.750000 	 -0.800000 	 4.357219e-07
 0.750000 	 -0.750000 	 6.029700e-07
 0.750000 	 -0.700000 	 8.309466e-07
 0.750000 	 -0.650000 	 1.138314e-06
 0.750000 	 -0.600000 	 1.547565e-06
 0.750000 	 -0.550000 	 2.082483e-06
 0.750000 	 -0.500000 	 2.768134e-06
 0.750000 	 -0.450000 	 3.625517e-06
 0.750000 	 -0.400000 	 4.664416e-06
 0.750000 	 -0.350000 	 5.876931e-06
 0.750000 	 -0.300000 	 7.237373e-06
 0.750000 	 -0.250000 	 8.681726e-06
 0.750000 	 -0.200000 	 1.012004e-05
 0.750000 	 -0.150000 	 1.142644e-05
 0.750000 	 -0.100000 	 1.248413e-05
 0.750000 	 -0.050000 	 1.317252e-05
 0.750000 	 0.000000 	 1.341503e-05
 0.750000 	 0.050000 	 1.317332e-05
 0.750000 	 0.100000 	 1.248365e-05
 0.750000 	 0.150000 	 1.142748e-05
 0.750000 	 0.200000 	 1.011696e-05
 0.750000 	 0.250000 	 8.681146e-06
 0.750000 	 0.300000 	 7.238027e-06
 0.750000 	 0.350000 	 5.878822e-06
 0.750000 	 0.400000 	 4.664204e-06
 0.750000 	 0.450000 	 3.625223e-06
 0.750000 	 0.500000 	 2.768237e-06
 0.750000 	 0.550000 	 2.082387e-06
 0.750000 	 0.600000 	 1.547482e-06
 0.750000 	 0.650000 	 1.138498e-06
 0.750000 	 0.700000 	 8.310827e-07
 0.750000 	 0.750000 	 6.029780e-07
 0.750000 	 0.800000 	 4.357120e-07
 0.750000 	 0.850000 	 3.139600e-07
 0.750000 	 0.900000 	 2.259473e-07
 0.750000 	 0.950000 	 1.625933e-07
 0.750000 	 1.000000 	 1.170100e-07
 0.800000 	 -1.000000 	 8.935544e-08
 0.800000 	 -0.950000 	 1.223510e-07
 0.800000 	 -0.900000 	 1.675469e-07
 0.800000 	 -0.850000 	 2.292313e-07
 0.800000 	 -0.800000 	 3.130126e-07
 0.800000 	 -0.750000 	 4.257612e-07
 0.800000 	 -0.700000 	 5.763361e-07
 0.800000 	 -0.650000 	 7.753309e-07
 0.800000 	 -0.600000 	 1.034545e-06
 0.800000 	 -0.550000 	 1.365675e-06
 0.800000 	 -0.500000 	 1.780983e-06
 0.800000 	 -0.450000 	 2.288994e-06
 0.800000 	 -0.400000 	 2.891592e-06
 0.800000 	 -0.350000 	 3.580916e-06
 0.800000 	 -0.300000 	 4.337765e-06
 0.800000 	 -0.250000 	 5.127987e-06
 0.800000 	 -0.200000 	 5.900966e-06
 0.800000 	 -0.150000 	 6.597561e-06
 0.800000 	 -0.100000 	 7.151234e-06
 0.800000 	 -0.050000 	 7.511820e-06
 0.800000 	 0.000000 	 7.637294e-06
 0.800000 	 0.050000 	 7.512718e-06
 0.800000 	 0.100000 	 7.152520e-06
 0.800000 	 0.150000 	 6.597487e-06
 0.800000 	 0.200000 	 5.901496e-06
 0.800000 	 0.250000 	 5.128971e-06
 0.800000 	 0.300000 	 4.338450e-06
 0.800000 	 0.350000 	 3.580974e-06
 0.800000 	 0.400000 	 2.890672e-06
 0.800000 	 0.450000 	 2.288975e-06
 0.800000 	 0.500000 	 1.781038e-06
 0.800000 	 0.550000 	 1.365850e-06
 0.800000 	 0.600000 	 1.034424e-06
 0.800000 	 0.650000 	 7.753208e-07
 0.800000 	 0.700000 	 5.763082e-07
 0.800000 	 0.750000 	 4.257234e-07
 0.800000 	 0.800000 	 3.129692e-07
 0.800000 	 0.850000 	 2.292476e-07
 0.800000 	 0.900000 	 1.675777e-07
 0.800000 	 0.950000 	 1.223813e-07
 0.800000 	 1.000000 	 8.933554e-08
 0.850000 	 -1.000000 	 6.788332e-08
 0.850000 	 -0.950000 	 9.171981e-08
 0.850000 	 -0.900000 	 1.237900e-07
 0.850000 	 -0.850000 	 1.668395e-07
 0.850000 	 -0.800000 	 2.241907e-07
 0.850000 	 -0.750000 	 3.001217e-07
 0.850000 	 -0.700000 	 3.994115e-07
 0.850000 	 -0.650000 	 5.282700e-07
 0.850000 	 -0.600000 	 6.923376e-07
 0.850000 	 -0.550000 	 8.980212e-07
 0.850000 	 -0.500000 	 1.150859e-06
 0.850000 	 -0.450000 	 1.453659e-06
 0.850000 	 -0.400000 	 1.805455e-06
 0.850000 	 -0.350000 	 2.200938e-06
 0.850000 	 -0.300000 	 2.627553e-06
 0.850000 	 -0.250000 	 3.065420e-06
 0.850000 	 -0.200000 	 3.487171e-06
 0.850000 	 -0.150000 	 3.862706e-06
 0.850000 	 -0.100000 	 4.159541e-06
 0.850000 	 -0.050000 	 4.351777e-06
 0.850000 	 0.000000 	 4.417442e-06
 0.850000 	 0.050000 	 4.352323e-06
 0.850000 	 0.100000 	 4.160462e-06
 0.850000 	 0.150000 	 3.862693e-06
 0.850000 	 0.200000 	 3.487130e-06
 0.850000 	 0.250000 	 3.065387e-06
 0.850000 	 0.300000 	 2.627716e-06
 0.850000 	 0.350000 	 2.200666e-06
 0.850000 	 0.400000 	 1.805453e-06
 0.850000 	 0.450000 	 1.453257e-06
 0.850000 	 0.500000 	 1.150726e-06
 0.850000 	 0.550000 	 8.982422e-07
 0.850000 	 0.600000 	 6.924066e-07
 0.850000 	 0.650000 	 5.281587e-07
 0.850000 	 0.700000 	 3.995655e-07
 0.850000 	 0.750000 	 3.002113e-07
 0.850000 	 0.800000 	 2.241836e-07
 0.850000 	 0.850000 	 1.668259e-07
 0.850000 	 0.900000 	 1.238018e-07
 0.850000 	 0.950000 	 9.172691e-08
 0.850000 	 1.000000 	 6.787180e-08
 0.900000 	 -1.000000 	 5.140164e-08
 0.900000 	 -0.950000 	 6.853851e-08
 0.900000 	 -0.900000 	 9.124802e-08
 0.900000 	 -0.850000 	 1.211982e-07
 0.900000 	 -0.800000 	 1.604696e-07
 0.900000 	 -0.750000 	 2.114548e-07
 0.900000 	 -0.700000 	 2.770574e-07
 0.900000 	 -0.650000 	 3.604590e-07
 0.900000 	 -0.600000 	 4.648306e-07
 0.900000 	 -0.550000 	 5.930864e-07
 0.900000 	 -0.500000 	 7.477475e-07
 0.900000 	 -0.450000 	 9.293171e-07
 0.900000 	 -0.400000 	 1.136795e-06
 0.900000 	 -0.350000 	 1.365670e-06
 0.900000 	 -0.300000 	 1.608480e-06
 0.900000 	 -0.250000 	 1.854968e-06
 0.900000 	 -0.200000 	 2.088939e-06
 0.900000 	 -0.150000 	 2.294788e-06
 0.900000 	 -0.100000 	 2.457205e-06
 0.900000 	 -0.050000 	 2.560669e-06
 0.900000 	 0.000000 	 2.596001e-06
 0.900000 	 0.050000 	 2.560682e-06
 0.900000 	 0.100000 	 2.456960e-06
 0.900000 	 0.150000 	 2.295152e-06
 0.900000 	 0.200000 	 2.089023e-06
 0.900000 	 0.250000 	 1.854304e-06
 0.900000 	 0.300000 	 1.609111e-06
 0.900000 	 0.350000 	 1.365965e-06
 0.900000 	 0.400000 	 1.136657e-06
 0.900000 	 0.450000 	 9.294480e-07
 0.900000 	 0.500000 	 7.476091e-07
 0.900000 	 0.550000 	 5.930452e-07
 0.900000 	 0.600000 	 4.647234e-07
 0.900000 	 0.650000 	 3.604360e-07
 0.900000 	 0.700000 	 2.770648e-07
 0.900000 	 0.750000 	 2.114814e-07
 0.900000 	 0.800000 	 1.604644e-07
 0.900000 	 0.850000 	 1.212065e-07
 0.900000 	 0.900000 	 9.128036e-08
 0.900000 	 0.950000 	 6.854297e-08
 0.900000 	 1.000000 	 5.140115e-08
 0.950000 	 -1.000000 	 3.882920e-08
 0.950000 	 -0.950000 	 5.110751e-08
 0.950000 	 -0.900000 	 6.715138e-08
 0.950000 	 -0.850000 	 8.798704e-08
 0.950000 	 -0.800000 	 1.148026e-07
 0.950000 	 -0.750000 	 1.491328e-07
 0.950000 	 -0.700000 	 1.924930e-07
 0.950000 	 -0.650000 	 2.465998e-07
 0.950000 	 -0.600000 	 3.131561e-07
 0.950000 	 -0.550000 	 3.936027e-07
 0.950000 	 -0.500000 	 4.887149e-07
 0.950000 	 -0.450000 	 5.986663e-07
 0.950000 	 -0.400000 	 7.220769e-07
 0.950000 	 -0.350000 	 8.563105e-07
 0.950000 	 -0.300000 	 9.966873e-07
 0.950000 	 -0.250000 	 1.136621e-06
 0.950000 	 -0.200000 	 1.268921e-06
 0.950000 	 -0.150000 	 1.383633e-06
 0.950000 	 -0.100000 	 1.473280e-06
 0.950000 	 -0.050000 	 1.530163e-06
 0.950000 	 0.000000 	 1.549660e-06
 0.950000 	 0.050000 	 1.529854e-06
 0.950000 	 0.100000 	 1.472969e-06
 0.950000 	 0.150000 	 1.383518e-06
 0.950000 	 0.200000 	 1.268558e-06
 0.950000 	 0.250000 	 1.136851e-06
 0.950000 	 0.300000 	 9.966661e-07
 0.950000 	 0.350000 	 8.564194e-07
 0.950000 	 0.400000 	 7.222494e-07
 0.950000 	 0.450000 	 5.986694e-07
 0.950000 	 0.500000 	 4.886632e-07
 0.950000 	 0.550000 	 3.936251e-07
 0.950000 	 0.600000 	 3.131426e-07
 0.950000 	 0.650000 	 2.466079e-07
 0.950000 	 0.700000 	 1.924784e-07
 0.950000 	 0.750000 	 1.491072e-07
 0.950000 	 0.800000 	 1.148021e-07
 0.950000 	 0.850000 	 8.797654e-08
 0.950000 	 0.900000 	 6.715162e-08
 0.950000 	 0.950000 	 5.110161e-08
 0.950000 	 1.000000 	 3.882661e-08
 1.000000 	 -1.000000 	 2.928270e-08
 1.000000 	 -0.950000 	 3.806819e-08
 1.000000 	 -0.900000 	 4.939135e-08
 1.000000 	 -0.850000 	 6.386666e-08
 1.000000 	 -0.800000 	 8.222370e-08
 1.000000 	 -0.750000 	 1.053084e-07
 1.000000 	 -0.700000 	 1.340448e-07
 1.000000 	 -0.650000 	 1.692989e-07
 1.000000 	 -0.600000 	 2.120028e-07
 1.000000 	 -0.550000 	 2.626434e-07
 1.000000 	 -0.500000 	 3.216758e-07
 1.000000 	 -0.450000 	 3.887524e-07
 1.000000 	 -0.400000 	 4.630231e-07
 1.000000 	 -0.350000 	 5.425794e-07
 1.000000 	 -0.300000 	 6.246073e-07
 1.000000 	 -0.250000 	 7.055561e-07
 1.000000 	 -0.200000 	 7.810401e-07
 1.000000 	 -0.150000 	 8.461557e-07
 1.000000 	 -0.100000 	 8.967125e-07
 1.000000 	 -0.050000 	 9.287251e-07
 1.000000 	 0.000000 	 9.395766e-07
 1.000000 	 0.050000 	 9.286176e-07
 1.000000 	 0.100000 	 8.966506e-07
 1.000000 	 0.150000 	 8.462317e-07
 1.000000 	 0.200000 	 7.808639e-07
 1.000000 	 0.250000 	 7.054907e-07
 1.000000 	 0.300000 	 6.246532e-07
 1.000000 	 0.350000 	 5.426053e-07
 1.000000 	 0.400000 	 4.630406e-07
 1.000000 	 0.450000 	 3.887131e-07
 1.000000 	 0.500000 	 3.216875e-07
 1.000000 	 0.550000 	 2.626448e-07
 1.000000 	 0.600000 	 2.120026e-07
 1.000000 	 0.650000 	 1.693192e-07
 1.000000 	 0.700000 	 1.340323e-07
 1.000000 	 0.750000 	 1.053101e-07
 1.000000 	 0.800000 	 8.223371e-08
 1.000000 	 0.850000 	 6.386239e-08
 1.000000 	 0.900000 	 4.938904e-08
 1.000000 	 0.950000 	 3.806963e-08
 1.000000 	 1.000000 	 2.927828e-08
