 -1.000000 	 -1.000000 	 4.406754e-07
 -1.000000 	 -0.950000 	 5.626812e-07
 -1.000000 	 -0.900000 	 7.166947e-07
 -1.000000 	 -0.850000 	 9.104594e-07
 -1.000000 	 -0.800000 	 1.151318e-06
 -1.000000 	 -0.750000 	 1.449256e-06
 -1.000000 	 -0.700000 	 1.813494e-06
 -1.000000 	 -0.650000 	 2.252387e-06
 -1.000000 	 -0.600000 	 2.774973e-06
 -1.000000 	 -0.550000 	 3.385612e-06
 -1.000000 	 -0.500000 	 4.086672e-06
 -1.000000 	 -0.450000 	 4.871528e-06
 -1.000000 	 -0.400000 	 5.729094e-06
 -1.000000 	 -0.350000 	 6.635945e-06
 -1.000000 	 -0.300000 	 7.562475e-06
 -1.000000 	 -0.250000 	 8.468487e-06
 -1.000000 	 -0.200000 	 9.303066e-06
 -1.000000 	 -0.150000 	 1.002285e-05
 -1.000000 	 -0.100000 	 1.057553e-05
 -1.000000 	 -0.050000 	 1.092372e-05
 -1.000000 	 0.000000 	 1.104417e-05
 -1.000000 	 0.050000 	 1.092297e-05
 -1.000000 	 0.100000 	 1.057424e-05
 -1.000000 	 0.150000 	 1.002142e-05
 -1.000000 	 0.200000 	 9.304301e-06
 -1.000000 	 0.250000 	 8.468338e-06
 -1.000000 	 0.300000 	 7.562645e-06
 -1.000000 	 0.350000 	 6.636630e-06
 -1.000000 	 0.400000 	 5.730410e-06
 -1.000000 	 0.450000 	 4.872048e-06
 -1.000000 	 0.500000 	 4.086918e-06
 -1.000000 	 0.550000 	 3.386087e-06
 -1.000000 	 0.600000 	 2.775165e-06
 -1.000000 	 0.650000 	 2.252156e-06
 -1.000000 	 0.700000 	 1.813269e-06
 -1.000000 	 0.750000 	 1.449415e-06
 -1.000000 	 0.800000 	 1.151484e-06
 -1.000000 	 0.850000 	 9.102051e-07
 -1.000000 	 0.900000 	 7.167851e-07
 -1.000000 	 0.950000 	 5.627637e-07
 -1.000000 	 1.000000 	 4.406759e-07
 -0.950000 	 -1.000000 	 5.656673e-07
 -0.950000 	 -0.950000 	 7.310926e-07
 -0.950000 	 -0.900000 	 9.430614e-07
 -0.950000 	 -0.850000 	 1.213166e-06
 -0.950000 	 -0.800000 	 1.554900e-06
 -0.950000 	 -0.750000 	 1.983491e-06
 -0.950000 	 -0.700000 	 2.516633e-06
 -0.950000 	 -0.650000 	 3.170000e-06
 -0.950000 	 -0.600000 	 3.959885e-06
 -0.950000 	 -0.550000 	 4.899425e-06
 -0.950000 	 -0.500000 	 5.994158e-06
 -0.950000 	 -0.450000 	 7.238821e-06
 -0.950000 	 -0.400000 	 8.618829e-06
 -0.950000 	 -0.350000 	 1.010320e-05
 -0.950000 	 -0.300000 	 1.163602e-05
 -0.950000 	 -0.250000 	 1.315241e-05
 -0.950000 	 -0.200000 	 1.456774e-05
 -0.950000 	 -0.150000 	 1.579279e-05
 -0.950000 	 -0.100000 	 1.674642e-05
 -0.950000 	 -0.050000 	 1.734723e-05
 -0.950000 	 0.000000 	 1.755111e-05
 -0.950000 	 0.050000 	 1.734358e-05
 -0.950000 	 0.100000 	 1.674265e-05
 -0.950000 	 0.150000 	 1.579404e-05
 -0.950000 	 0.200000 	 1.456651e-05
 -0.950000 	 0.250000 	 1.314848e-05
 -0.950000 	 0.300000 	 1.163800e-05
 -0.950000 	 0.350000 	 1.010240e-05
 -0.950000 	 0.400000 	 8.620077e-06
 -0.950000 	 0.450000 	 7.239853e-06
 -0.950000 	 0.500000 	 5.993387e-06
 -0.950000 	 0.550000 	 4.898743e-06
 -0.950000 	 0.600000 	 3.959902e-06
 -0.950000 	 0.650000 	 3.169421e-06
 -0.950000 	 0.700000 	 2.516806e-06
 -0.950000 	 0.750000 	 1.983718e-06
 -0.950000 	 0.800000 	 1.554793e-06
 -0.950000 	 0.850000 	 1.213025e-06
 -0.950000 	 0.900000 	 9.429654e-07
 -0.950000 	 0.950000 	 7.311481e-07
 -0.950000 	 1.000000 	 5.657159e-07
 -0.900000 	 -1.000000 	 7.241274e-07
 -0.900000 	 -0.950000 	 9.474300e-07
 -0.900000 	 -0.900000 	 1.238218e-06
 -0.900000 	 -0.850000 	 1.614491e-06
 -0.900000 	 -0.800000 	 2.098357e-06
 -0.900000 	 -0.750000 	 2.716838e-06
 -0.900000 	 -0.700000 	 3.496926e-06
 -0.900000 	 -0.650000 	 4.470258e-06
 -0.900000 	 -0.600000 	 5.670213e-06
 -0.900000 	 -0.550000 	 7.121011e-06
 -0.900000 	 -0.500000 	 8.842783e-06
 -0.900000 	 -0.450000 	 1.083502e-05
 -0.900000 	 -0.400000 	 1.307845e-05
 -0.900000 	 -0.350000 	 1.553035e-05
 -0.900000 	 -0.300000 	 1.809805e-05
 -0.900000 	 -0.250000 	 2.067131e-05
 -0.900000 	 -0.200000 	 2.310144e-05
 -0.900000 	 -0.150000 	 2.522766e-05
 -0.900000 	 -0.100000 	 2.688931e-05
 -0.900000 	 -0.050000 	 2.794405e-05
 -0.900000 	 0.000000 	 2.830925e-05
 -0.900000 	 0.050000 	 2.794374e-05
 -0.900000 	 0.100000 	 2.689060e-05
 -0.900000 	 0.150000 	 2.522936e-05
 -0.900000 	 0.200000 	 2.310166e-05
 -0.900000 	 0.250000 	 2.067211e-05
 -0.900000 	 0.300000 	 1.810038e-05
 -0.900000 	 0.350000 	 1.552691e-05
 -0.900000 	 0.400000 	 1.308028e-05
 -0.900000 	 0.450000 	 1.083331e-05
 -0.900000 	 0.500000 	 8.841530e-06
 -0.900000 	 0.550000 	 7.121841e-06
 -0.900000 	 0.600000 	 5.670441e-06
 -0.900000 	 0.650000 	 4.470792e-06
 -0.900000 	 0.700000 	 3.496860e-06
 -0.900000 	 0.750000 	 2.716438e-06
 -0.900000 	 0.800000 	 2.099068e-06
 -0.900000 	 0.850000 	 1.614417e-06
 -0.900000 	 0.900000 	 1.238384e-06
 -0.900000 	 0.950000 	 9.475478e-07
 -0.900000 	 1.000000 	 7.241979e-07
 -0.850000 	 -1.000000 	 9.233878e-07
 -0.850000 	 -0.950000 	 1.224081e-06
 -0.850000 	 -0.900000 	 1.621559e-06
 -0.850000 	 -0.850000 	 2.144616e-06
 -0.850000 	 -0.800000 	 2.829379e-06
 -0.850000 	 -0.750000 	 3.717863e-06
 -0.850000 	 -0.700000 	 4.861800e-06
 -0.850000 	 -0.650000 	 6.316227e-06
 -0.850000 	 -0.600000 	 8.140263e-06
 -0.850000 	 -0.550000 	 1.039026e-05
 -0.850000 	 -0.500000 	 1.311130e-05
 -0.850000 	 -0.450000 	 1.631974e-05
 -0.850000 	 -0.400000 	 2.000743e-05
 -0.850000 	 -0.350000 	 2.409203e-05
 -0.850000 	 -0.300000 	 2.845458e-05
 -0.850000 	 -0.250000 	 3.288417e-05
 -0.850000 	 -0.200000 	 3.712370e-05
 -0.850000 	 -0.150000 	 4.087359e-05
 -0.850000 	 -0.100000 	 4.382015e-05
 -0.850000 	 -0.050000 	 4.571301e-05
 -0.850000 	 0.000000 	 4.636852e-05
 -0.850000 	 0.050000 	 4.571817e-05
 -0.850000 	 0.100000 	 4.382887e-05
 -0.850000 	 0.150000 	 4.086717e-05
 -0.850000 	 0.200000 	 3.711728e-05
 -0.850000 	 0.250000 	 3.288382e-05
 -0.850000 	 0.300000 	 2.844839e-05
 -0.850000 	 0.350000 	 2.409354e-05
 -0.850000 	 0.400000 	 2.000428e-05
 -0.850000 	 0.450000 	 1.631922e-05
 -0.850000 	 0.500000 	 1.311176e-05
 -0.850000 	 0.550000 	 1.039223e-05
 -0.850000 	 0.600000 	 8.141150e-06
 -0.850000 	 0.650000 	 6.316990e-06
 -0.850000 	 0.700000 	 4.861047e-06
 -0.850000 	 0.750000 	 3.717768e-06
 -0.850000 	 0.800000 	 2.829072e-06
 -0.850000 	 0.850000 	 2.144498e-06
 -0.850000 	 0.900000 	 1.621767e-06
 -0.850000 	 0.950000 	 1.224023e-06
 -0.850000 	 1.000000 	 9.234454e-07
 -0.800000 	 -1.000000 	 1.171878e-06
 -0.800000 	 -0.950000 	 1.574414e-06
 -0.800000 	 -0.900000 	 2.115202e-06
 -0.800000 	 -0.850000 	 2.839901e-06
 -0.800000 	 -0.800000 	 3.803918e-06
 -0.800000 	 -0.750000 	 5.080337e-06
 -0.800000 	 -0.700000 	 6.753671e-06
 -0.800000 	 -0.650000 	 8.924102e-06
 -0.800000 	 -0.600000 	 1.170480e-05
 -0.800000 	 -0.550000 	 1.520198e-05
 -0.800000 	 -0.500000 	 1.952535e-05
 -0.800000 	 -0.450000 	 2.473035e-05
 -0.800000 	 -0.400000 	 3.081860e-05
 -0.800000 	 -0.350000 	 3.771663e-05
 -0.800000 	 -0.300000 	 4.520194e-05
 -0.800000 	 -0.250000 	 5.292395e-05
 -0.800000 	 -0.200000 	 6.042776e-05
 -0.800000 	 -0.150000 	 6.714969e-05
 -0.800000 	 -0.100000 	 7.248780e-05
 -0.800000 	 -0.050000 	 7.593222e-05
 -0.800000 	 0.000000 	 7.711908e-05
 -0.800000 	 0.050000 	 7.593205e-05
 -0.800000 	 0.100000 	 7.248561e-05
 -0.800000 	 0.150000 	 6.714181e-05
 -0.800000 	 0.200000 	 6.043219e-05
 -0.800000 	 0.250000 	 5.292634e-05
 -0.800000 	 0.300000 	 4.518490e-05
 -0.800000 	 0.350000 	 3.770952e-05
 -0.800000 	 0.400000 	 3.081771e-05
 -0.800000 	 0.450000 	 2.472246e-05
 -0.800000 	 0.500000 	 1.952274e-05
 -0.800000 	 0.550000 	 1.520285e-05
 -0.800000 	 0.600000 	 1.170423e-05
 -0.800000 	 0.650000 	 8.926520e-06
 -0.800000 	 0.700000 	 6.753866e-06
 -0.800000 	 0.750000 	 5.080526e-06
 -0.800000 	 0.800000 	 3.804234e-06
 -0.800000 	 0.850000 	 2.839327e-06
 -0.800000 	 0.900000 	 2.115661e-06
 -0.800000 	 0.950000 	 1.574509e-06
 -0.800000 	 1.000000 	 1.171922e-06
 -0.750000 	 -1.000000 	 1.478704e-06
 -0.750000 	 -0.950000 	 2.014347e-06
 -0.750000 	 -0.900000 	 2.745953e-06
 -0.750000 	 -0.850000 	 3.742775e-06
 -0.750000 	 -0.800000 	 5.094475e-06
 -0.750000 	 -0.750000 	 6.920150e-06
 -0.750000 	 -0.700000 	 9.362237e-06
 -0.750000 	 -0.650000 	 1.260050e-05
 -0.750000 	 -0.600000 	 1.683593e-05
 -0.750000 	 -0.550000 	 2.228153e-05
 -0.750000 	 -0.500000 	 2.916687e-05
 -0.750000 	 -0.450000 	 3.763466e-05
 -0.750000 	 -0.400000 	 4.777878e-05
 -0.750000 	 -0.350000 	 5.950265e-05
 -0.750000 	 -0.300000 	 7.248883e-05
 -0.750000 	 -0.250000 	 8.615232e-05
 -0.750000 	 -0.200000 	 9.964648e-05
 -0.750000 	 -0.150000 	 1.118761e-04
 -0.750000 	 -0.100000 	 1.216872e-04
 -0.750000 	 -0.050000 	 1.280971e-04
 -0.750000 	 0.000000 	 1.302829e-04
 -0.750000 	 0.050000 	 1.280995e-04
 -0.750000 	 0.100000 	 1.217118e-04
 -0.750000 	 0.150000 	 1.118651e-04
 -0.750000 	 0.200000 	 9.962242e-05
 -0.750000 	 0.250000 	 8.615883e-05
 -0.750000 	 0.300000 	 7.250434e-05
 -0.750000 	 0.350000 	 5.950653e-05
 -0.750000 	 0.400000 	 4.778540e-05
 -0.750000 	 0.450000 	 3.764277e-05
 -0.750000 	 0.500000 	 2.916504e-05
 -0.750000 	 0.550000 	 2.228448e-05
 -0.750000 	 0.600000 	 1.683315e-05
 -0.750000 	 0.650000 	 1.260162e-05
 -0.750000 	 0.700000 	 9.361621e-06
 -0.750000 	 0.750000 	 6.918819e-06
 -0.750000 	 0.800000 	 5.094513e-06
 -0.750000 	 0.850000 	 3.741834e-06
 -0.750000 	 0.900000 	 2.745067e-06
 -0.750000 	 0.950000 	 2.013837e-06
 -0.750000 	 1.000000 	 1.478706e-06
 -0.700000 	 -1.000000 	 1.852517e-06
 -0.700000 	 -0.950000 	 2.559603e-06
 -0.700000 	 -0.900000 	 3.540418e-06
 -0.700000 	 -0.850000 	 4.903945e-06
 -0.700000 	 -0.800000 	 6.788699e-06
 -0.700000 	 -0.750000 	 9.383931e-06
 -0.700000 	 -0.700000 	 1.293201e-05
 -0.700000 	 -0.650000 	 1.773971e-05
 -0.700000 	 -0.600000 	 2.417758e-05
 -0.700000 	 -0.550000 	 3.265618e-05
 -0.700000 	 -0.500000 	 4.362321e-05
 -0.700000 	 -0.450000 	 5.748272e-05
 -0.700000 	 -0.400000 	 7.445086e-05
 -0.700000 	 -0.350000 	 9.453391e-05
 -0.700000 	 -0.300000 	 1.173103e-04
 -0.700000 	 -0.250000 	 1.417454e-04
 -0.700000 	 -0.200000 	 1.663280e-04
 -0.700000 	 -0.150000 	 1.889388e-04
 -0.700000 	 -0.100000 	 2.073411e-04
 -0.700000 	 -0.050000 	 2.194341e-04
 -0.700000 	 0.000000 	 2.236639e-04
 -0.700000 	 0.050000 	 2.193921e-04
 -0.700000 	 0.100000 	 2.073406e-04
 -0.700000 	 0.150000 	 1.889593e-04
 -0.700000 	 0.200000 	 1.663190e-04
 -0.700000 	 0.250000 	 1.417221e-04
 -0.700000 	 0.300000 	 1.173077e-04
 -0.700000 	 0.350000 	 9.454000e-05
 -0.700000 	 0.400000 	 7.445482e-05
 -0.700000 	 0.450000 	 5.748405e-05
 -0.700000 	 0.500000 	 4.362800e-05
 -0.700000 	 0.550000 	 3.265752e-05
 -0.700000 	 0.600000 	 2.418040e-05
 -0.700000 	 0.650000 	 1.774048e-05
 -0.700000 	 0.700000 	 1.293001e-05
 -0.700000 	 0.750000 	 9.383264e-06
 -0.700000 	 0.800000 	 6.787444e-06
 -0.700000 	 0.850000 	 4.903087e-06
 -0.700000 	 0.900000 	 3.540598e-06
 -0.700000 	 0.950000 	 2.559269e-06
 -0.700000 	 1.000000 	 1.852490e-06
 -0.650000 	 -1.000000 	 2.301716e-06
 -0.650000 	 -0.950000 	 3.225888e-06
 -0.650000 	 -0.900000 	 4.531264e-06
 -0.650000 	 -0.850000 	 6.376667e-06
 -0.650000 	 -0.800000 	 8.982115e-06
 -0.650000 	 -0.750000 	 1.264145e-05
 -0.650000 	 -0.700000 	 1.776287e-05
 -0.650000 	 -0.650000 	 2.486295e-05
 -0.650000 	 -0.600000 	 3.460214e-05
 -0.650000 	 -0.550000 	 4.776795e-05
 -0.650000 	 -0.500000 	 6.525438e-05
 -0.650000 	 -0.450000 	 8.790461e-05
 -0.650000 	 -0.400000 	 1.164069e-04
 -0.650000 	 -0.350000 	 1.510201e-04
 -0.650000 	 -0.300000 	 1.911974e-04
 -0.650000 	 -0.250000 	 2.354191e-04
 -0.650000 	 -0.200000 	 2.807636e-04
 -0.650000 	 -0.150000 	 3.232658e-04
 -0.650000 	 -0.100000 	 3.583028e-04
 -0.650000 	 -0.050000 	 3.815002e-04
 -0.650000 	 0.000000 	 3.896700e-04
 -0.650000 	 0.050000 	 3.815260e-04
 -0.650000 	 0.100000 	 3.584136e-04
 -0.650000 	 0.150000 	 3.232381e-04
 -0.650000 	 0.200000 	 2.806876e-04
 -0.650000 	 0.250000 	 2.353738e-04
 -0.650000 	 0.300000 	 1.911859e-04
 -0.650000 	 0.350000 	 1.509976e-04
 -0.650000 	 0.400000 	 1.164180e-04
 -0.650000 	 0.450000 	 8.790425e-05
 -0.650000 	 0.500000 	 6.525182e-05
 -0.650000 	 0.550000 	 4.777354e-05
 -0.650000 	 0.600000 	 3.460278e-05
 -0.650000 	 0.650000 	 2.486626e-05
 -0.650000 	 0.700000 	 1.776367e-05
 -0.650000 	 0.750000 	 1.264254e-05
 -0.650000 	 0.800000 	 8.981300e-06
 -0.650000 	 0.850000 	 6.376731e-06
 -0.650000 	 0.900000 	 4.530810e-06
 -0.650000 	 0.950000 	 3.225222e-06
 -0.650000 	 1.000000 	 2.302394e-06
 -0.600000 	 -1.000000 	 2.833740e-06
 -0.600000 	 -0.950000 	 4.026831e-06
 -0.600000 	 -0.900000 	 5.744814e-06
 -0.600000 	 -0.850000 	 8.217136e-06
 -0.600000 	 -0.800000 	 1.177768e-05
 -0.600000 	 -0.750000 	 1.689391e-05
 -0.600000 	 -0.700000 	 2.421224e-05
 -0.600000 	 -0.650000 	 3.461007e-05
 -0.600000 	 -0.600000 	 4.925597e-05
 -0.600000 	 -0.550000 	 6.958127e-05
 -0.600000 	 -0.500000 	 9.731768e-05
 -0.600000 	 -0.450000 	 1.343257e-04
 -0.600000 	 -0.400000 	 1.822293e-04
 -0.600000 	 -0.350000 	 2.420183e-04
 -0.600000 	 -0.300000 	 3.134558e-04
 -0.600000 	 -0.250000 	 3.940369e-04
 -0.600000 	 -0.200000 	 4.786439e-04
 -0.600000 	 -0.150000 	 5.596157e-04
 -0.600000 	 -0.100000 	 6.275179e-04
 -0.600000 	 -0.050000 	 6.728363e-04
 -0.600000 	 0.000000 	 6.887319e-04
 -0.600000 	 0.050000 	 6.728030e-04
 -0.600000 	 0.100000 	 6.274981e-04
 -0.600000 	 0.150000 	 5.596655e-04
 -0.600000 	 0.200000 	 4.785826e-04
 -0.600000 	 0.250000 	 3.940377e-04
 -0.600000 	 0.300000 	 3.134813e-04
 -0.600000 	 0.350000 	 2.420350e-04
 -0.600000 	 0.400000 	 1.822146e-04
 -0.600000 	 0.450000 	 1.342811e-04
 -0.600000 	 0.500000 	 9.731817e-05
 -0.600000 	 0.550000 	 6.958135e-05
 -0.600000 	 0.600000 	 4.927011e-05
 -0.600000 	 0.650000 	 3.462049e-05
 -0.600000 	 0.700000 	 2.421571e-05
 -0.600000 	 0.750000 	 1.688945e-05
 -0.600000 	 0.800000 	 1.177690e-05
 -0.600000 	 0.850000 	 8.216234e-06
 -0.600000 	 0.900000 	 5.744875e-06
 -0.600000 	 0.950000 	 4.027545e-06
 -0.600000 	 1.000000 	 2.834156e-06
 -0.550000 	 -1.000000 	 3.450372e-06
 -0.550000 	 -0.950000 	 4.972199e-06
 -0.550000 	 -0.900000 	 7.201671e-06
 -0.550000 	 -0.850000 	 1.047371e-05
 -0.550000 	 -0.800000 	 1.528071e-05
 -0.550000 	 -0.750000 	 2.234337e-05
 -0.550000 	 -0.700000 	 3.268499e-05
 -0.550000 	 -0.650000 	 4.774919e-05
 -0.550000 	 -0.600000 	 6.952878e-05
 -0.550000 	 -0.550000 	 1.006298e-04
 -0.550000 	 -0.500000 	 1.443592e-04
 -0.550000 	 -0.450000 	 2.043901e-04
 -0.550000 	 -0.400000 	 2.847236e-04
 -0.550000 	 -0.350000 	 3.880234e-04
 -0.550000 	 -0.300000 	 5.153319e-04
 -0.550000 	 -0.250000 	 6.628553e-04
 -0.550000 	 -0.200000 	 8.224695e-04
 -0.550000 	 -0.150000 	 9.782026e-04
 -0.550000 	 -0.100000 	 1.111104e-03
 -0.550000 	 -0.050000 	 1.201313e-03
 -0.550000 	 0.000000 	 1.233326e-03
 -0.550000 	 0.050000 	 1.201349e-03
 -0.550000 	 0.100000 	 1.111246e-03
 -0.550000 	 0.150000 	 9.782844e-04
 -0.550000 	 0.200000 	 8.225395e-04
 -0.550000 	 0.250000 	 6.630162e-04
 -0.550000 	 0.300000 	 5.153955e-04
 -0.550000 	 0.350000 	 3.881316e-04
 -0.550000 	 0.400000 	 2.846898e-04
 -0.550000 	 0.450000 	 2.043887e-04
 -0.550000 	 0.500000 	 1.443562e-04
 -0.550000 	 0.550000 	 1.006317e-04
 -0.550000 	 0.600000 	 6.952248e-05
 -0.550000 	 0.650000 	 4.774890e-05
 -0.550000 	 0.700000 	 3.268525e-05
 -0.550000 	 0.750000 	 2.234322e-05
 -0.550000 	 0.800000 	 1.528277e-05
 -0.550000 	 0.850000 	 1.047489e-05
 -0.550000 	 0.900000 	 7.202025e-06
 -0.550000 	 0.950000 	 4.972840e-06
 -0.550000 	 1.000000 	 3.450258e-06
 -0.500000 	 -1.000000 	 4.148908e-06
 -0.500000 	 -0.950000 	 6.063499e-06
 -0.500000 	 -0.900000 	 8.914464e-06
 -0.500000 	 -0.850000 	 1.317824e-05
 -0.500000 	 -0.800000 	 1.957409e-05
 -0.500000 	 -0.750000 	 2.916939e-05
 -0.500000 	 -0.700000 	 4.356730e-05
 -0.500000 	 -0.650000 	 6.507458e-05
 -0.500000 	 -0.600000 	 9.705009e-05
 -0.500000 	 -0.550000 	 1.440522e-04
 -0.500000 	 -0.500000 	 2.121916e-04
 -0.500000 	 -0.450000 	 3.089451e-04
 -0.500000 	 -0.400000 	 4.424056e-04
 -0.500000 	 -0.350000 	 6.205012e-04
 -0.500000 	 -0.300000 	 8.469050e-04
 -0.500000 	 -0.250000 	 1.118315e-03
 -0.500000 	 -0.200000 	 1.419273e-03
 -0.500000 	 -0.150000 	 1.722018e-03
 -0.500000 	 -0.100000 	 1.985866e-03
 -0.500000 	 -0.050000 	 2.166657e-03
 -0.500000 	 0.000000 	 2.231405e-03
 -0.500000 	 0.050000 	 2.166979e-03
 -0.500000 	 0.100000 	 1.985750e-03
 -0.500000 	 0.150000 	 1.722076e-03
 -0.500000 	 0.200000 	 1.419261e-03
 -0.500000 	 0.250000 	 1.118200e-03
 -0.500000 	 0.300000 	 8.468332e-04
 -0.500000 	 0.350000 	 6.204840e-04
 -0.500000 	 0.400000 	 4.424607e-04
 -0.500000 	 0.450000 	 3.088817e-04
 -0.500000 	 0.500000 	 2.122126e-04
 -0.500000 	 0.550000 	 1.440586e-04
 -0.500000 	 0.600000 	 9.705403e-05
 -0.500000 	 0.650000 	 6.508294e-05
 -0.500000 	 0.700000 	 4.355877e-05
 -0.500000 	 0.750000 	 2.917034e-05
 -0.500000 	 0.800000 	 1.957612e-05
 -0.500000 	 0.850000 	 1.317806e-05
 -0.500000 	 0.900000 	 8.914323e-06
 -0.500000 	 0.950000 	 6.063603e-06
 -0.500000 	 1.000000 	 4.148331e-06
 -0.450000 	 -1.000000 	 4.920463e-06
 -0.450000 	 -0.950000 	 7.287346e-06
 -0.450000 	 -0.900000 	 1.087423e-05
 -0.450000 	 -0.850000 	 1.633420e-05
 -0.450000 	 -0.800000 	 2.468488e-05
 -0.450000 	 -0.750000 	 3.749752e-05
 -0.450000 	 -0.700000 	 5.718447e-05
 -0.450000 	 -0.650000 	 8.735507e-05
 -0.450000 	 -0.600000 	 1.334825e-04
 -0.450000 	 -0.550000 	 2.033672e-04
 -0.450000 	 -0.500000 	 3.078010e-04
 -0.450000 	 -0.450000 	 4.614178e-04
 -0.450000 	 -0.400000 	 6.808730e-04
 -0.450000 	 -0.350000 	 9.843379e-04
 -0.450000 	 -0.300000 	 1.384177e-03
 -0.450000 	 -0.250000 	 1.881133e-03
 -0.450000 	 -0.200000 	 2.450684e-03
 -0.450000 	 -0.150000 	 3.040342e-03
 -0.450000 	 -0.100000 	 3.566006e-03
 -0.450000 	 -0.050000 	 3.933700e-03
 -0.450000 	 0.000000 	 4.065278e-03
 -0.450000 	 0.050000 	 3.933417e-03
 -0.450000 	 0.100000 	 3.566868e-03
 -0.450000 	 0.150000 	 3.040354e-03
 -0.450000 	 0.200000 	 2.451276e-03
 -0.450000 	 0.250000 	 1.880841e-03
 -0.450000 	 0.300000 	 1.384050e-03
 -0.450000 	 0.350000 	 9.842869e-04
 -0.450000 	 0.400000 	 6.809358e-04
 -0.450000 	 0.450000 	 4.613330e-04
 -0.450000 	 0.500000 	 3.078533e-04
 -0.450000 	 0.550000 	 2.033576e-04
 -0.450000 	 0.600000 	 1.334710e-04
 -0.450000 	 0.650000 	 8.734564e-05
 -0.450000 	 0.700000 	 5.717903e-05
 -0.450000 	 0.750000 	 3.750292e-05
 -0.450000 	 0.800000 	 2.468867e-05
 -0.450000 	 0.850000 	 1.633223e-05
 -0.450000 	 0.900000 	 1.087369e-05
 -0.450000 	 0.950000 	 7.287480e-06
 -0.450000 	 1.000000 	 4.920912e-06
 -0.400000 	 -1.000000 	 5.747232e-06
 -0.400000 	 -0.950000 	 8.621873e-06
 -0.400000 	 -0.900000 	 1.304606e-05
 -0.400000 	 -0.850000 	 1.989941e-05
 -0.400000 	 -0.800000 	 3.059201e-05
 -0.400000 	 -0.750000 	 4.733658e-05
 -0.400000 	 -0.700000 	 7.367747e-05
 -0.400000 	 -0.650000 	 1.150972e-04
 -0.400000 	 -0.600000 	 1.801420e-04
 -0.400000 	 -0.550000 	 2.818511e-04
 -0.400000 	 -0.500000 	 4.387736e-04
 -0.400000 	 -0.450000 	 6.777056e-04
 -0.400000 	 -0.400000 	 1.032278e-03
 -0.400000 	 -0.350000 	 1.540951e-03
 -0.400000 	 -0.300000 	 2.238177e-03
 -0.400000 	 -0.250000 	 3.138422e-03
 -0.400000 	 -0.200000 	 4.209359e-03
 -0.400000 	 -0.150000 	 5.353044e-03
 -0.400000 	 -0.100000 	 6.402092e-03
 -0.400000 	 -0.050000 	 7.150196e-03
 -0.400000 	 0.000000 	 7.421063e-03
 -0.400000 	 0.050000 	 7.151025e-03
 -0.400000 	 0.100000 	 6.401797e-03
 -0.400000 	 0.150000 	 5.352934e-03
 -0.400000 	 0.200000 	 4.208615e-03
 -0.400000 	 0.250000 	 3.138112e-03
 -0.400000 	 0.300000 	 2.237963e-03
 -0.400000 	 0.350000 	 1.540761e-03
 -0.400000 	 0.400000 	 1.032107e-03
 -0.400000 	 0.450000 	 6.776852e-04
 -0.400000 	 0.500000 	 4.388293e-04
 -0.400000 	 0.550000 	 2.817860e-04
 -0.400000 	 0.600000 	 1.801532e-04
 -0.400000 	 0.650000 	 1.150928e-04
 -0.400000 	 0.700000 	 7.367956e-05
 -0.400000 	 0.750000 	 4.734171e-05
 -0.400000 	 0.800000 	 3.059121e-05
 -0.400000 	 0.850000 	 1.990336e-05
 -0.400000 	 0.900000 	 1.304591e-05
 -0.400000 	 0.950000 	 8.622491e-06
 -0.400000 	 1.000000 	 5.748045e-06
 -0.350000 	 -1.000000 	 6.604149e-06
 -0.350000 	 -0.950000 	 1.002439e-05
 -0.350000 	 -0.900000 	 1.537074e-05
 -0.350000 	 -0.850000 	 2.378557e-05
 -0.350000 	 -0.800000 	 3.715535e-05
 -0.350000 	 -0.750000 	 5.851826e-05
 -0.350000 	 -0.700000 	 9.286980e-05
 -0.350000 	 -0.650000 	 1.482951e-04
 -0.350000 	 -0.600000 	 2.376682e-04
 -0.350000 	 -0.550000 	 3.815122e-04
 -0.350000 	 -0.500000 	 6.112113e-04
 -0.350000 	 -0.450000 	 9.729228e-04
 -0.350000 	 -0.400000 	 1.530517e-03
 -0.350000 	 -0.350000 	 2.363040e-03
 -0.350000 	 -0.300000 	 3.553205e-03
 -0.350000 	 -0.250000 	 5.154019e-03
 -0.350000 	 -0.200000 	 7.134746e-03
 -0.350000 	 -0.150000 	 9.327772e-03
 -0.350000 	 -0.100000 	 1.140394e-02
 -0.350000 	 -0.050000 	 1.291484e-02
 -0.350000 	 0.000000 	 1.347202e-02
 -0.350000 	 0.050000 	 1.291502e-02
 -0.350000 	 0.100000 	 1.140432e-02
 -0.350000 	 0.150000 	 9.329958e-03
 -0.350000 	 0.200000 	 7.133455e-03
 -0.350000 	 0.250000 	 5.152377e-03
 -0.350000 	 0.300000 	 3.553309e-03
 -0.350000 	 0.350000 	 2.363337e-03
 -0.350000 	 0.400000 	 1.530501e-03
 -0.350000 	 0.450000 	 9.730976e-04
 -0.350000 	 0.500000 	 6.112416e-04
 -0.350000 	 0.550000 	 3.814829e-04
 -0.350000 	 0.600000 	 2.376826e-04
 -0.350000 	 0.650000 	 1.482693e-04
 -0.350000 	 0.700000 	 9.288584e-05
 -0.350000 	 0.750000 	 5.852887e-05
 -0.350000 	 0.800000 	 3.715663e-05
 -0.350000 	 0.850000 	 2.378529e-05
 -0.350000 	 0.900000 	 1.536773e-05
 -0.350000 	 0.950000 	 1.002499e-05
 -0.350000 	 1.000000 	 6.602676e-06
 -0.300000 	 -1.000000 	 7.450435e-06
 -0.300000 	 -0.950000 	 1.143338e-05
 -0.300000 	 -0.900000 	 1.773818e-05
 -0.300000 	 -0.850000 	 2.782766e-05
 -0.300000 	 -0.800000 	 4.411368e-05
 -0.300000 	 -0.750000 	 7.064188e-05
 -0.300000 	 -0.700000 	 1.141897e-04
 -0.300000 	 -0.650000 	 1.860974e-04
 -0.300000 	 -0.600000 	 3.051093e-04
 -0.300000 	 -0.550000 	 5.022047e-04
 -0.300000 	 -0.500000 	 8.269484e-04
 -0.300000 	 -0.450000 	 1.356552e-03
 -0.300000 	 -0.400000 	 2.204292e-03
 -0.300000 	 -0.350000 	 3.521725e-03
 -0.300000 	 -0.300000 	 5.487545e-03
 -0.300000 	 -0.250000 	 8.248143e-03
 -0.300000 	 -0.200000 	 1.181625e-02
 -0.300000 	 -0.150000 	 1.593158e-02
 -0.300000 	 -0.100000 	 1.994626e-02
 -0.300000 	 -0.050000 	 2.295155e-02
 -0.300000 	 0.000000 	 2.407132e-02
 -0.300000 	 0.050000 	 2.295055e-02
 -0.300000 	 0.100000 	 1.994692e-02
 -0.300000 	 0.150000 	 1.592936e-02
 -0.300000 	 0.200000 	 1.181455e-02
 -0.300000 	 0.250000 	 8.246441e-03
 -0.300000 	 0.300000 	 5.487841e-03
 -0.300000 	 0.350000 	 3.522430e-03
 -0.300000 	 0.400000 	 2.204391e-03
 -0.300000 	 0.450000 	 1.356602e-03
 -0.300000 	 0.500000 	 8.269829e-04
 -0.300000 	 0.550000 	 5.022982e-04
 -0.300000 	 0.600000 	 3.052034e-04
 -0.300000 	 0.650000 	 1.861033e-04
 -0.300000 	 0.700000 	 1.141905e-04
 -0.300000 	 0.750000 	 7.064341e-05
 -0.300000 	 0.800000 	 4.411832e-05
 -0.300000 	 0.850000 	 2.782795e-05
 -0.300000 	 0.900000 	 1.773919e-05
 -0.300000 	 0.950000 	 1.143320e-05
 -0.300000 	 1.000000 	 7.450818e-06
 -0.250000 	 -1.000000 	 8.245239e-06
 -0.250000 	 -0.950000 	 1.277437e-05
 -0.250000 	 -0.900000 	 2.003253e-05
 -0.250000 	 -0.850000 	 3.179390e-05
 -0.250000 	 -0.800000 	 5.109117e-05
 -0.250000 	 -0.750000 	 8.303633e-05
 -0.250000 	 -0.700000 	 1.364973e-04
 -0.250000 	 -0.650000 	 2.265844e-04
 -0.250000 	 -0.600000 	 3.793991e-04
 -0.250000 	 -0.550000 	 6.393082e-04
 -0.250000 	 -0.500000 	 1.080075e-03
 -0.250000 	 -0.450000 	 1.823327e-03
 -0.250000 	 -0.400000 	 3.056553e-03
 -0.250000 	 -0.350000 	 5.052342e-03
 -0.250000 	 -0.300000 	 8.155597e-03
 -0.250000 	 -0.250000 	 1.271383e-02
 -0.250000 	 -0.200000 	 1.887830e-02
 -0.250000 	 -0.150000 	 2.629117e-02
 -0.250000 	 -0.100000 	 3.381409e-02
 -0.250000 	 -0.050000 	 3.959109e-02
 -0.250000 	 0.000000 	 4.178020e-02
 -0.250000 	 0.050000 	 3.958750e-02
 -0.250000 	 0.100000 	 3.380997e-02
 -0.250000 	 0.150000 	 2.629232e-02
 -0.250000 	 0.200000 	 1.887806e-02
 -0.250000 	 0.250000 	 1.271420e-02
 -0.250000 	 0.300000 	 8.157297e-03
 -0.250000 	 0.350000 	 5.051688e-03
 -0.250000 	 0.400000 	 3.056998e-03
 -0.250000 	 0.450000 	 1.823221e-03
 -0.250000 	 0.500000 	 1.080293e-03
 -0.250000 	 0.550000 	 6.390893e-04
 -0.250000 	 0.600000 	 3.793562e-04
 -0.250000 	 0.650000 	 2.266159e-04
 -0.250000 	 0.700000 	 1.364833e-04
 -0.250000 	 0.750000 	 8.303259e-05
 -0.250000 	 0.800000 	 5.109055e-05
 -0.250000 	 0.850000 	 3.179995e-05
 -0.250000 	 0.900000 	 2.003451e-05
 -0.250000 	 0.950000 	 1.277490e-05
 -0.250000 	 1.000000 	 8.245600e-06
 -0.200000 	 -1.000000 	 8.941330e-06
 -0.200000 	 -0.950000 	 1.396619e-05
 -0.200000 	 -0.900000 	 2.210101e-05
 -0.200000 	 -0.850000 	 3.543424e-05
 -0.200000 	 -0.800000 	 5.757426e-05
 -0.200000 	 -0.750000 	 9.478275e-05
 -0.200000 	 -0.700000 	 1.580796e-04
 -0.200000 	 -0.650000 	 2.667452e-04
 -0.200000 	 -0.600000 	 4.548217e-04
 -0.200000 	 -0.550000 	 7.822865e-04
 -0.200000 	 -0.500000 	 1.353341e-03
 -0.200000 	 -0.450000 	 2.344441e-03
 -0.200000 	 -0.400000 	 4.046086e-03
 -0.200000 	 -0.350000 	 6.902331e-03
 -0.200000 	 -0.300000 	 1.152882e-02
 -0.200000 	 -0.250000 	 1.862831e-02
 -0.200000 	 -0.200000 	 2.865324e-02
 -0.200000 	 -0.150000 	 4.126344e-02
 -0.200000 	 -0.100000 	 5.455395e-02
 -0.200000 	 -0.050000 	 6.507394e-02
 -0.200000 	 0.000000 	 6.913797e-02
 -0.200000 	 0.050000 	 6.507208e-02
 -0.200000 	 0.100000 	 5.455849e-02
 -0.200000 	 0.150000 	 4.125642e-02
 -0.200000 	 0.200000 	 2.865445e-02
 -0.200000 	 0.250000 	 1.862237e-02
 -0.200000 	 0.300000 	 1.152934e-02
 -0.200000 	 0.350000 	 6.902219e-03
 -0.200000 	 0.400000 	 4.045420e-03
 -0.200000 	 0.450000 	 2.344262e-03
 -0.200000 	 0.500000 	 1.353339e-03
 -0.200000 	 0.550000 	 7.824560e-04
 -0.200000 	 0.600000 	 4.548667e-04
 -0.200000 	 0.650000 	 2.666927e-04
 -0.200000 	 0.700000 	 1.580500e-04
 -0.200000 	 0.750000 	 9.480406e-05
 -0.200000 	 0.800000 	 5.756860e-05
 -0.200000 	 0.850000 	 3.543830e-05
 -0.200000 	 0.900000 	 2.209760e-05
 -0.200000 	 0.950000 	 1.396461e-05
 -0.200000 	 1.000000 	 8.940954e-06
 -0.150000 	 -1.000000 	 9.490109e-06
 -0.150000 	 -0.950000 	 1.491754e-05
 -0.150000 	 -0.900000 	 2.377521e-05
 -0.150000 	 -0.850000 	 3.843073e-05
 -0.150000 	 -0.800000 	 6.301701e-05
 -0.150000 	 -0.750000 	 1.048501e-04
 -0.150000 	 -0.700000 	 1.768619e-04
 -0.150000 	 -0.650000 	 3.024807e-04
 -0.150000 	 -0.600000 	 5.237051e-04
 -0.150000 	 -0.550000 	 9.163943e-04
 -0.150000 	 -0.500000 	 1.616744e-03
 -0.150000 	 -0.450000 	 2.862494e-03
 -0.150000 	 -0.400000 	 5.064769e-03
 -0.150000 	 -0.350000 	 8.880299e-03
 -0.150000 	 -0.300000 	 1.529289e-02
 -0.150000 	 -0.250000 	 2.551585e-02
 -0.150000 	 -0.200000 	 4.059478e-02
 -0.150000 	 -0.150000 	 6.033639e-02
 -0.150000 	 -0.100000 	 8.198910e-02
 -0.150000 	 -0.050000 	 9.966963e-02
 -0.150000 	 0.000000 	 1.065883e-01
 -0.150000 	 0.050000 	 9.965347e-02
 -0.150000 	 0.100000 	 8.199323e-02
 -0.150000 	 0.150000 	 6.035200e-02
 -0.150000 	 0.200000 	 4.058832e-02
 -0.150000 	 0.250000 	 2.551593e-02
 -0.150000 	 0.300000 	 1.529075e-02
 -0.150000 	 0.350000 	 8.880680e-03
 -0.150000 	 0.400000 	 5.063694e-03
 -0.150000 	 0.450000 	 2.862981e-03
 -0.150000 	 0.500000 	 1.616254e-03
 -0.150000 	 0.550000 	 9.165337e-04
 -0.150000 	 0.600000 	 5.236851e-04
 -0.150000 	 0.650000 	 3.025147e-04
 -0.150000 	 0.700000 	 1.768835e-04
 -0.150000 	 0.750000 	 1.048424e-04
 -0.150000 	 0.800000 	 6.303035e-05
 -0.150000 	 0.850000 	 3.843776e-05
 -0.150000 	 0.900000 	 2.377423e-05
 -0.150000 	 0.950000 	 1.491837e-05
 -0.150000 	 1.000000 	 9.491043e-06
 -0.100000 	 -1.000000 	 9.854583e-06
 -0.100000 	 -0.950000 	 1.556219e-05
 -0.100000 	 -0.900000 	 2.492853e-05
 -0.100000 	 -0.850000 	 4.052816e-05
 -0.100000 	 -0.800000 	 6.691400e-05
 -0.100000 	 -0.750000 	 1.121389e-04
 -0.100000 	 -0.700000 	 1.908427e-04
 -0.100000 	 -0.650000 	 3.295968e-04
 -0.100000 	 -0.600000 	 5.771178e-04
 -0.100000 	 -0.550000 	 1.022926e-03
 -0.100000 	 -0.500000 	 1.830816e-03
 -0.100000 	 -0.450000 	 3.298056e-03
 -0.100000 	 -0.400000 	 5.945832e-03
 -0.100000 	 -0.350000 	 1.065619e-02
 -0.100000 	 -0.300000 	 1.879334e-02
 -0.100000 	 -0.250000 	 3.219293e-02
 -0.100000 	 -0.200000 	 5.264185e-02
 -0.100000 	 -0.150000 	 8.042048e-02
 -0.100000 	 -0.100000 	 1.119176e-01
 -0.100000 	 -0.050000 	 1.383292e-01
 -0.100000 	 0.000000 	 1.488359e-01
 -0.100000 	 0.050000 	 1.383502e-01
 -0.100000 	 0.100000 	 1.119140e-01
 -0.100000 	 0.150000 	 8.042273e-02
 -0.100000 	 0.200000 	 5.264159e-02
 -0.100000 	 0.250000 	 3.219057e-02
 -0.100000 	 0.300000 	 1.879385e-02
 -0.100000 	 0.350000 	 1.065831e-02
 -0.100000 	 0.400000 	 5.945741e-03
 -0.100000 	 0.450000 	 3.297541e-03
 -0.100000 	 0.500000 	 1.830906e-03
 -0.100000 	 0.550000 	 1.022822e-03
 -0.100000 	 0.600000 	 5.770573e-04
 -0.100000 	 0.650000 	 3.296088e-04
 -0.100000 	 0.700000 	 1.908469e-04
 -0.100000 	 0.750000 	 1.121471e-04
 -0.100000 	 0.800000 	 6.690408e-05
 -0.100000 	 0.850000 	 4.052805e-05
 -0.100000 	 0.900000 	 2.492663e-05
 -0.100000 	 0.950000 	 1.556012e-05
 -0.100000 	 1.000000 	 9.854662e-06
 -0.050000 	 -1.000000 	 1.000342e-05
 -0.050000 	 -0.950000 	 1.583732e-05
 -0.050000 	 -0.900000 	 2.545095e-05
 -0.050000 	 -0.850000 	 4.151660e-05
 -0.050000 	 -0.800000 	 6.881843e-05
 -0.050000 	 -0.750000 	 1.158450e-04
 -0.050000 	 -0.700000 	 1.982065e-04
 -0.050000 	 -0.650000 	 3.443279e-04
 -0.050000 	 -0.600000 	 6.068816e-04
 -0.050000 	 -0.550000 	 1.084278e-03
 -0.050000 	 -0.500000 	 1.958227e-03
 -0.050000 	 -0.450000 	 3.564123e-03
 -0.050000 	 -0.400000 	 6.503190e-03
 -0.050000 	 -0.350000 	 1.181681e-02
 -0.050000 	 -0.300000 	 2.116109e-02
 -0.050000 	 -0.250000 	 3.687701e-02
 -0.050000 	 -0.200000 	 6.142338e-02
 -0.050000 	 -0.150000 	 9.560413e-02
 -0.050000 	 -0.100000 	 1.352997e-01
 -0.050000 	 -0.050000 	 1.692457e-01
 -0.050000 	 0.000000 	 1.829295e-01
 -0.050000 	 0.050000 	 1.692490e-01
 -0.050000 	 0.100000 	 1.353143e-01
 -0.050000 	 0.150000 	 9.561244e-02
 -0.050000 	 0.200000 	 6.141979e-02
 -0.050000 	 0.250000 	 3.688073e-02
 -0.050000 	 0.300000 	 2.116575e-02
 -0.050000 	 0.350000 	 1.181511e-02
 -0.050000 	 0.400000 	 6.505372e-03
 -0.050000 	 0.450000 	 3.564104e-03
 -0.050000 	 0.500000 	 1.958221e-03
 -0.050000 	 0.550000 	 1.084286e-03
 -0.050000 	 0.600000 	 6.068932e-04
 -0.050000 	 0.650000 	 3.442447e-04
 -0.050000 	 0.700000 	 1.981986e-04
 -0.050000 	 0.750000 	 1.158671e-04
 -0.050000 	 0.800000 	 6.880805e-05
 -0.050000 	 0.850000 	 4.152618e-05
 -0.050000 	 0.900000 	 2.544884e-05
 -0.050000 	 0.950000 	 1.583602e-05
 -0.050000 	 1.000000 	 1.000151e-05
 0.000000 	 -1.000000 	 9.924221e-06
 0.000000 	 -0.950000 	 1.572262e-05
 0.000000 	 -0.900000 	 2.528114e-05
 0.000000 	 -0.850000 	 4.129437e-05
 0.000000 	 -0.800000 	 6.850898e-05
 0.000000 	 -0.750000 	 1.154966e-04
 0.000000 	 -0.700000 	 1.978339e-04
 0.000000 	 -0.650000 	 3.443139e-04
 0.000000 	 -0.600000 	 6.081924e-04
 0.000000 	 -0.550000 	 1.088992e-03
 0.000000 	 -0.500000 	 1.972663e-03
 0.000000 	 -0.450000 	 3.602686e-03
 0.000000 	 -0.400000 	 6.599116e-03
 0.000000 	 -0.350000 	 1.204089e-02
 0.000000 	 -0.300000 	 2.167973e-02
 0.000000 	 -0.250000 	 3.799828e-02
 0.000000 	 -0.200000 	 6.367614e-02
 0.000000 	 -0.150000 	 9.974920e-02
 0.000000 	 -0.100000 	 1.420020e-01
 0.000000 	 -0.050000 	 1.784264e-01
 0.000000 	 0.000000 	 1.931080e-01
 0.000000 	 0.050000 	 1.784082e-01
 0.000000 	 0.100000 	 1.420280e-01
 0.000000 	 0.150000 	 9.974764e-02
 0.000000 	 0.200000 	 6.367651e-02
 0.000000 	 0.250000 	 3.799533e-02
 0.000000 	 0.300000 	 2.167563e-02
 0.000000 	 0.350000 	 1.204072e-02
 0.000000 	 0.400000 	 6.599174e-03
 0.000000 	 0.450000 	 3.601472e-03
 0.000000 	 0.500000 	 1.972738e-03
 0.000000 	 0.550000 	 1.089408e-03
 0.000000 	 0.600000 	 6.082469e-04
 0.000000 	 0.650000 	 3.443147e-04
 0.000000 	 0.700000 	 1.978547e-04
 0.000000 	 0.750000 	 1.154975e-04
 0.000000 	 0.800000 	 6.850289e-05
 0.000000 	 0.850000 	 4.129624e-05
 0.000000 	 0.900000 	 2.528225e-05
 0.000000 	 0.950000 	 1.572432e-05
 0.000000 	 1.000000 	 9.924042e-06
 0.050000 	 -1.000000 	 9.623017e-06
 0.050000 	 -0.950000 	 1.522499e-05
 0.050000 	 -0.900000 	 2.445116e-05
 0.050000 	 -0.850000 	 3.986617e-05
 0.050000 	 -0.800000 	 6.602573e-05
 0.050000 	 -0.750000 	 1.110980e-04
 0.050000 	 -0.700000 	 1.898957e-04
 0.050000 	 -0.650000 	 3.296399e-04
 0.050000 	 -0.600000 	 5.807733e-04
 0.050000 	 -0.550000 	 1.036655e-03
 0.050000 	 -0.500000 	 1.871014e-03
 0.050000 	 -0.450000 	 3.401581e-03
 0.050000 	 -0.400000 	 6.202592e-03
 0.050000 	 -0.350000 	 1.126093e-02
 0.050000 	 -0.300000 	 2.014944e-02
 0.050000 	 -0.250000 	 3.508887e-02
 0.050000 	 -0.200000 	 5.839485e-02
 0.050000 	 -0.150000 	 9.085077e-02
 0.050000 	 -0.100000 	 1.285183e-01
 0.050000 	 -0.050000 	 1.607455e-01
 0.050000 	 0.000000 	 1.737220e-01
 0.050000 	 0.050000 	 1.607292e-01
 0.050000 	 0.100000 	 1.285158e-01
 0.050000 	 0.150000 	 9.084003e-02
 0.050000 	 0.200000 	 5.840959e-02
 0.050000 	 0.250000 	 3.508993e-02
 0.050000 	 0.300000 	 2.015315e-02
 0.050000 	 0.350000 	 1.126149e-02
 0.050000 	 0.400000 	 6.201839e-03
 0.050000 	 0.450000 	 3.402098e-03
 0.050000 	 0.500000 	 1.870906e-03
 0.050000 	 0.550000 	 1.036580e-03
 0.050000 	 0.600000 	 5.806936e-04
 0.050000 	 0.650000 	 3.296771e-04
 0.050000 	 0.700000 	 1.899122e-04
 0.050000 	 0.750000 	 1.111141e-04
 0.050000 	 0.800000 	 6.602539e-05
 0.050000 	 0.850000 	 3.986997e-05
 0.050000 	 0.900000 	 2.445187e-05
 0.050000 	 0.950000 	 1.522581e-05
 0.050000 	 1.000000 	 9.622732e-06
 0.100000 	 -1.000000 	 9.124341e-06
 0.100000 	 -0.950000 	 1.439191e-05
 0.100000 	 -0.900000 	 2.302776e-05
 0.100000 	 -0.850000 	 3.738843e-05
 0.100000 	 -0.800000 	 6.165240e-05
 0.100000 	 -0.750000 	 1.031886e-04
 0.100000 	 -0.700000 	 1.753152e-04
 0.100000 	 -0.650000 	 3.024182e-04
 0.100000 	 -0.600000 	 5.286575e-04
 0.100000 	 -0.550000 	 9.354804e-04
 0.100000 	 -0.500000 	 1.672217e-03
 0.100000 	 -0.450000 	 3.007485e-03
 0.100000 	 -0.400000 	 5.414751e-03
 0.100000 	 -0.350000 	 9.688813e-03
 0.100000 	 -0.300000 	 1.705809e-02
 0.100000 	 -0.250000 	 2.918429e-02
 0.100000 	 -0.200000 	 4.766358e-02
 0.100000 	 -0.150000 	 7.273515e-02
 0.100000 	 -0.100000 	 1.011635e-01
 0.100000 	 -0.050000 	 1.249925e-01
 0.100000 	 0.000000 	 1.344987e-01
 0.100000 	 0.050000 	 1.249723e-01
 0.100000 	 0.100000 	 1.011613e-01
 0.100000 	 0.150000 	 7.274223e-02
 0.100000 	 0.200000 	 4.766362e-02
 0.100000 	 0.250000 	 2.918629e-02
 0.100000 	 0.300000 	 1.706207e-02
 0.100000 	 0.350000 	 9.687419e-03
 0.100000 	 0.400000 	 5.414608e-03
 0.100000 	 0.450000 	 3.007043e-03
 0.100000 	 0.500000 	 1.672179e-03
 0.100000 	 0.550000 	 9.358623e-04
 0.100000 	 0.600000 	 5.287547e-04
 0.100000 	 0.650000 	 3.023837e-04
 0.100000 	 0.700000 	 1.753420e-04
 0.100000 	 0.750000 	 1.031931e-04
 0.100000 	 0.800000 	 6.163589e-05
 0.100000 	 0.850000 	 3.738756e-05
 0.100000 	 0.900000 	 2.302401e-05
 0.100000 	 0.950000 	 1.438957e-05
 0.100000 	 1.000000 	 9.125124e-06
 0.150000 	 -1.000000 	 8.463495e-06
 0.150000 	 -0.950000 	 1.328052e-05
 0.150000 	 -0.900000 	 2.112293e-05
 0.150000 	 -0.850000 	 3.408254e-05
 0.150000 	 -0.800000 	 5.579538e-05
 0.150000 	 -0.750000 	 9.263559e-05
 0.150000 	 -0.700000 	 1.560152e-04
 0.150000 	 -0.650000 	 2.662336e-04
 0.150000 	 -0.600000 	 4.599039e-04
 0.150000 	 -0.550000 	 8.030071e-04
 0.150000 	 -0.500000 	 1.413611e-03
 0.150000 	 -0.450000 	 2.498586e-03
 0.150000 	 -0.400000 	 4.410750e-03
 0.150000 	 -0.350000 	 7.717782e-03
 0.150000 	 -0.300000 	 1.326352e-02
 0.150000 	 -0.250000 	 2.209262e-02
 0.150000 	 -0.200000 	 3.508364e-02
 0.150000 	 -0.150000 	 5.209452e-02
 0.150000 	 -0.100000 	 7.072701e-02
 0.150000 	 -0.050000 	 8.591661e-02
 0.150000 	 0.000000 	 9.185153e-02
 0.150000 	 0.050000 	 8.591860e-02
 0.150000 	 0.100000 	 7.072217e-02
 0.150000 	 0.150000 	 5.208858e-02
 0.150000 	 0.200000 	 3.508204e-02
 0.150000 	 0.250000 	 2.208998e-02
 0.150000 	 0.300000 	 1.326439e-02
 0.150000 	 0.350000 	 7.717612e-03
 0.150000 	 0.400000 	 4.409916e-03
 0.150000 	 0.450000 	 2.498556e-03
 0.150000 	 0.500000 	 1.413675e-03
 0.150000 	 0.550000 	 8.032075e-04
 0.150000 	 0.600000 	 4.600011e-04
 0.150000 	 0.650000 	 2.662457e-04
 0.150000 	 0.700000 	 1.560069e-04
 0.150000 	 0.750000 	 9.264642e-05
 0.150000 	 0.800000 	 5.579710e-05
 0.150000 	 0.850000 	 3.408991e-05
 0.150000 	 0.900000 	 2.112822e-05
 0.150000 	 0.950000 	 1.327750e-05
 0.150000 	 1.000000 	 8.461926e-06
 0.200000 	 -1.000000 	 7.684766e-06
 0.200000 	 -0.950000 	 1.197540e-05
 0.200000 	 -0.900000 	 1.890801e-05
 0.200000 	 -0.850000 	 3.025343e-05
 0.200000 	 -0.800000 	 4.903722e-05
 0.200000 	 -0.750000 	 8.054506e-05
 0.200000 	 -0.700000 	 1.339922e-04
 0.200000 	 -0.650000 	 2.255396e-04
 0.200000 	 -0.600000 	 3.836301e-04
 0.200000 	 -0.550000 	 6.582235e-04
 0.200000 	 -0.500000 	 1.135594e-03
 0.200000 	 -0.450000 	 1.962716e-03
 0.200000 	 -0.400000 	 3.378285e-03
 0.200000 	 -0.350000 	 5.749743e-03
 0.200000 	 -0.300000 	 9.582146e-03
 0.200000 	 -0.250000 	 1.544749e-02
 0.200000 	 -0.200000 	 2.372948e-02
 0.200000 	 -0.150000 	 3.411825e-02
 0.200000 	 -0.100000 	 4.507449e-02
 0.200000 	 -0.050000 	 5.374692e-02
 0.200000 	 0.000000 	 5.706779e-02
 0.200000 	 0.050000 	 5.374086e-02
 0.200000 	 0.100000 	 4.507593e-02
 0.200000 	 0.150000 	 3.412605e-02
 0.200000 	 0.200000 	 2.372973e-02
 0.200000 	 0.250000 	 1.544925e-02
 0.200000 	 0.300000 	 9.583472e-03
 0.200000 	 0.350000 	 5.749426e-03
 0.200000 	 0.400000 	 3.378367e-03
 0.200000 	 0.450000 	 1.962637e-03
 0.200000 	 0.500000 	 1.135899e-03
 0.200000 	 0.550000 	 6.581395e-04
 0.200000 	 0.600000 	 3.836058e-04
 0.200000 	 0.650000 	 2.255401e-04
 0.200000 	 0.700000 	 1.340016e-04
 0.200000 	 0.750000 	 8.054685e-05
 0.200000 	 0.800000 	 4.903662e-05
 0.200000 	 0.850000 	 3.025221e-05
 0.200000 	 0.900000 	 1.890843e-05
 0.200000 	 0.950000 	 1.197634e-05
 0.200000 	 1.000000 	 7.683803e-06
 0.250000 	 -1.000000 	 6.838216e-06
 0.250000 	 -0.950000 	 1.056862e-05
 0.250000 	 -0.900000 	 1.653045e-05
 0.250000 	 -0.850000 	 2.616985e-05
 0.250000 	 -0.800000 	 4.193777e-05
 0.250000 	 -0.750000 	 6.795772e-05
 0.250000 	 -0.700000 	 1.114233e-04
 0.250000 	 -0.650000 	 1.844446e-04
 0.250000 	 -0.600000 	 3.079666e-04
 0.250000 	 -0.550000 	 5.175454e-04
 0.250000 	 -0.500000 	 8.721085e-04
 0.250000 	 -0.450000 	 1.468293e-03
 0.250000 	 -0.400000 	 2.454740e-03
 0.250000 	 -0.350000 	 4.048178e-03
 0.250000 	 -0.300000 	 6.521921e-03
 0.250000 	 -0.250000 	 1.014689e-02
 0.250000 	 -0.200000 	 1.503844e-02
 0.250000 	 -0.150000 	 2.091650e-02
 0.250000 	 -0.100000 	 2.688043e-02
 0.250000 	 -0.050000 	 3.145123e-02
 0.250000 	 0.000000 	 3.318143e-02
 0.250000 	 0.050000 	 3.145049e-02
 0.250000 	 0.100000 	 2.687100e-02
 0.250000 	 0.150000 	 2.092195e-02
 0.250000 	 0.200000 	 1.503972e-02
 0.250000 	 0.250000 	 1.014465e-02
 0.250000 	 0.300000 	 6.521214e-03
 0.250000 	 0.350000 	 4.049248e-03
 0.250000 	 0.400000 	 2.455083e-03
 0.250000 	 0.450000 	 1.468168e-03
 0.250000 	 0.500000 	 8.720766e-04
 0.250000 	 0.550000 	 5.174715e-04
 0.250000 	 0.600000 	 3.079895e-04
 0.250000 	 0.650000 	 1.844358e-04
 0.250000 	 0.700000 	 1.114073e-04
 0.250000 	 0.750000 	 6.797250e-05
 0.250000 	 0.800000 	 4.193680e-05
 0.250000 	 0.850000 	 2.616820e-05
 0.250000 	 0.900000 	 1.652944e-05
 0.250000 	 0.950000 	 1.056758e-05
 0.250000 	 1.000000 	 6.838778e-06
 0.300000 	 -1.000000 	 5.972661e-06
 0.300000 	 -0.950000 	 9.140363e-06
 0.300000 	 -0.900000 	 1.413791e-05
 0.300000 	 -0.850000 	 2.211226e-05
 0.300000 	 -0.800000 	 3.495841e-05
 0.300000 	 -0.750000 	 5.582527e-05
 0.300000 	 -0.700000 	 8.996275e-05
 0.300000 	 -0.650000 	 1.461927e-04
 0.300000 	 -0.600000 	 2.390698e-04
 0.300000 	 -0.550000 	 3.922514e-04
 0.300000 	 -0.500000 	 6.442906e-04
 0.300000 	 -0.450000 	 1.054018e-03
 0.300000 	 -0.400000 	 1.708851e-03
 0.300000 	 -0.350000 	 2.724627e-03
 0.300000 	 -0.300000 	 4.235248e-03
 0.300000 	 -0.250000 	 6.355873e-03
 0.300000 	 -0.200000 	 9.091991e-03
 0.300000 	 -0.150000 	 1.224471e-02
 0.300000 	 -0.100000 	 1.532495e-02
 0.300000 	 -0.050000 	 1.762194e-02
 0.300000 	 0.000000 	 1.848091e-02
 0.300000 	 0.050000 	 1.762364e-02
 0.300000 	 0.100000 	 1.532470e-02
 0.300000 	 0.150000 	 1.224459e-02
 0.300000 	 0.200000 	 9.093748e-03
 0.300000 	 0.250000 	 6.356057e-03
 0.300000 	 0.300000 	 4.235261e-03
 0.300000 	 0.350000 	 2.724512e-03
 0.300000 	 0.400000 	 1.708409e-03
 0.300000 	 0.450000 	 1.054076e-03
 0.300000 	 0.500000 	 6.443075e-04
 0.300000 	 0.550000 	 3.923181e-04
 0.300000 	 0.600000 	 2.390391e-04
 0.300000 	 0.650000 	 1.461871e-04
 0.300000 	 0.700000 	 8.997599e-05
 0.300000 	 0.750000 	 5.582167e-05
 0.300000 	 0.800000 	 3.496057e-05
 0.300000 	 0.850000 	 2.211283e-05
 0.300000 	 0.900000 	 1.414003e-05
 0.300000 	 0.950000 	 9.136084e-06
 0.300000 	 1.000000 	 5.970741e-06
 0.350000 	 -1.000000 	 5.123659e-06
 0.350000 	 -0.950000 	 7.754127e-06
 0.350000 	 -0.900000 	 1.185259e-05
 0.350000 	 -0.850000 	 1.829130e-05
 0.350000 	 -0.800000 	 2.849054e-05
 0.350000 	 -0.750000 	 4.473621e-05
 0.350000 	 -0.700000 	 7.079957e-05
 0.350000 	 -0.650000 	 1.127137e-04
 0.350000 	 -0.600000 	 1.801842e-04
 0.350000 	 -0.550000 	 2.884984e-04
 0.350000 	 -0.500000 	 4.610171e-04
 0.350000 	 -0.450000 	 7.320044e-04
 0.350000 	 -0.400000 	 1.149100e-03
 0.350000 	 -0.350000 	 1.771027e-03
 0.350000 	 -0.300000 	 2.658456e-03
 0.350000 	 -0.250000 	 3.851148e-03
 0.350000 	 -0.200000 	 5.327082e-03
 0.350000 	 -0.150000 	 6.959509e-03
 0.350000 	 -0.100000 	 8.502883e-03
 0.350000 	 -0.050000 	 9.628893e-03
 0.350000 	 0.000000 	 1.004191e-02
 0.350000 	 0.050000 	 9.628788e-03
 0.350000 	 0.100000 	 8.503454e-03
 0.350000 	 0.150000 	 6.960318e-03
 0.350000 	 0.200000 	 5.327227e-03
 0.350000 	 0.250000 	 3.850957e-03
 0.350000 	 0.300000 	 2.658687e-03
 0.350000 	 0.350000 	 1.771368e-03
 0.350000 	 0.400000 	 1.149275e-03
 0.350000 	 0.450000 	 7.320111e-04
 0.350000 	 0.500000 	 4.609481e-04
 0.350000 	 0.550000 	 2.884273e-04
 0.350000 	 0.600000 	 1.801390e-04
 0.350000 	 0.650000 	 1.127110e-04
 0.350000 	 0.700000 	 7.079950e-05
 0.350000 	 0.750000 	 4.473540e-05
 0.350000 	 0.800000 	 2.848932e-05
 0.350000 	 0.850000 	 1.829132e-05
 0.350000 	 0.900000 	 1.185460e-05
 0.350000 	 0.950000 	 7.755218e-06
 0.350000 	 1.000000 	 5.122585e-06
 0.400000 	 -1.000000 	 4.324926e-06
 0.400000 	 -0.950000 	 6.468030e-06
 0.400000 	 -0.900000 	 9.758733e-06
 0.400000 	 -0.850000 	 1.484262e-05
 0.400000 	 -0.800000 	 2.274662e-05
 0.400000 	 -0.750000 	 3.510631e-05
 0.400000 	 -0.700000 	 5.447100e-05
 0.400000 	 -0.650000 	 8.488437e-05
 0.400000 	 -0.600000 	 1.325390e-04
 0.400000 	 -0.550000 	 2.068277e-04
 0.400000 	 -0.500000 	 3.214558e-04
 0.400000 	 -0.450000 	 4.953381e-04
 0.400000 	 -0.400000 	 7.531014e-04
 0.400000 	 -0.350000 	 1.122946e-03
 0.400000 	 -0.300000 	 1.629517e-03
 0.400000 	 -0.250000 	 2.282760e-03
 0.400000 	 -0.200000 	 3.061076e-03
 0.400000 	 -0.150000 	 3.890301e-03
 0.400000 	 -0.100000 	 4.652103e-03
 0.400000 	 -0.050000 	 5.194102e-03
 0.400000 	 0.000000 	 5.391969e-03
 0.400000 	 0.050000 	 5.195395e-03
 0.400000 	 0.100000 	 4.651376e-03
 0.400000 	 0.150000 	 3.890617e-03
 0.400000 	 0.200000 	 3.059479e-03
 0.400000 	 0.250000 	 2.282909e-03
 0.400000 	 0.300000 	 1.629300e-03
 0.400000 	 0.350000 	 1.122955e-03
 0.400000 	 0.400000 	 7.532168e-04
 0.400000 	 0.450000 	 4.952750e-04
 0.400000 	 0.500000 	 3.214312e-04
 0.400000 	 0.550000 	 2.068391e-04
 0.400000 	 0.600000 	 1.325268e-04
 0.400000 	 0.650000 	 8.488671e-05
 0.400000 	 0.700000 	 5.446143e-05
 0.400000 	 0.750000 	 3.510049e-05
 0.400000 	 0.800000 	 2.274542e-05
 0.400000 	 0.850000 	 1.484456e-05
 0.400000 	 0.900000 	 9.758065e-06
 0.400000 	 0.950000 	 6.468426e-06
 0.400000 	 1.000000 	 4.325093e-06
 0.450000 	 -1.000000 	 3.597635e-06
 0.450000 	 -0.950000 	 5.313055e-06
 0.450000 	 -0.900000 	 7.905104e-06
 0.450000 	 -0.850000 	 1.184033e-05
 0.450000 	 -0.800000 	 1.784168e-05
 0.450000 	 -0.750000 	 2.703587e-05
 0.450000 	 -0.700000 	 4.112532e-05
 0.450000 	 -0.650000 	 6.268362e-05
 0.450000 	 -0.600000 	 9.556212e-05
 0.450000 	 -0.550000 	 1.453359e-04
 0.450000 	 -0.500000 	 2.196991e-04
 0.450000 	 -0.450000 	 3.287844e-04
 0.450000 	 -0.400000 	 4.847118e-04
 0.450000 	 -0.350000 	 7.001068e-04
 0.450000 	 -0.300000 	 9.841577e-04
 0.450000 	 -0.250000 	 1.336914e-03
 0.450000 	 -0.200000 	 1.741890e-03
 0.450000 	 -0.150000 	 2.160311e-03
 0.450000 	 -0.100000 	 2.534318e-03
 0.450000 	 -0.050000 	 2.795865e-03
 0.450000 	 0.000000 	 2.890137e-03
 0.450000 	 0.050000 	 2.795638e-03
 0.450000 	 0.100000 	 2.534238e-03
 0.450000 	 0.150000 	 2.160340e-03
 0.450000 	 0.200000 	 1.741878e-03
 0.450000 	 0.250000 	 1.336684e-03
 0.450000 	 0.300000 	 9.840531e-04
 0.450000 	 0.350000 	 7.000400e-04
 0.450000 	 0.400000 	 4.846859e-04
 0.450000 	 0.450000 	 3.287348e-04
 0.450000 	 0.500000 	 2.196801e-04
 0.450000 	 0.550000 	 1.452970e-04
 0.450000 	 0.600000 	 9.558105e-05
 0.450000 	 0.650000 	 6.268739e-05
 0.450000 	 0.700000 	 4.111573e-05
 0.450000 	 0.750000 	 2.703568e-05
 0.450000 	 0.800000 	 1.784435e-05
 0.450000 	 0.850000 	 1.183911e-05
 0.450000 	 0.900000 	 7.903737e-06
 0.450000 	 0.950000 	 5.312775e-06
 0.450000 	 1.000000 	 3.596691e-06
 0.500000 	 -1.000000 	 2.953040e-06
 0.500000 	 -0.950000 	 4.303433e-06
 0.500000 	 -0.900000 	 6.311248e-06
 0.500000 	 -0.850000 	 9.305060e-06
 0.500000 	 -0.800000 	 1.378714e-05
 0.500000 	 -0.750000 	 2.050672e-05
 0.500000 	 -0.700000 	 3.055931e-05
 0.500000 	 -0.650000 	 4.556414e-05
 0.500000 	 -0.600000 	 6.783899e-05
 0.500000 	 -0.550000 	 1.005664e-04
 0.500000 	 -0.500000 	 1.479852e-04
 0.500000 	 -0.450000 	 2.152328e-04
 0.500000 	 -0.400000 	 3.081173e-04
 0.500000 	 -0.350000 	 4.320335e-04
 0.500000 	 -0.300000 	 5.896109e-04
 0.500000 	 -0.250000 	 7.787826e-04
 0.500000 	 -0.200000 	 9.889486e-04
 0.500000 	 -0.150000 	 1.200164e-03
 0.500000 	 -0.100000 	 1.384701e-03
 0.500000 	 -0.050000 	 1.511237e-03
 0.500000 	 0.000000 	 1.556652e-03
 0.500000 	 0.050000 	 1.511460e-03
 0.500000 	 0.100000 	 1.384628e-03
 0.500000 	 0.150000 	 1.200274e-03
 0.500000 	 0.200000 	 9.890532e-04
 0.500000 	 0.250000 	 7.787660e-04
 0.500000 	 0.300000 	 5.895812e-04
 0.500000 	 0.350000 	 4.320480e-04
 0.500000 	 0.400000 	 3.081399e-04
 0.500000 	 0.450000 	 2.152435e-04
 0.500000 	 0.500000 	 1.479616e-04
 0.500000 	 0.550000 	 1.005552e-04
 0.500000 	 0.600000 	 6.784062e-05
 0.500000 	 0.650000 	 4.555944e-05
 0.500000 	 0.700000 	 3.055603e-05
 0.500000 	 0.750000 	 2.050237e-05
 0.500000 	 0.800000 	 1.378773e-05
 0.500000 	 0.850000 	 9.305608e-06
 0.500000 	 0.900000 	 6.312363e-06
 0.500000 	 0.950000 	 4.304061e-06
 0.500000 	 1.000000 	 2.953282e-06
 0.550000 	 -1.000000 	 2.396114e-06
 0.550000 	 -0.950000 	 3.445160e-06
 0.550000 	 -0.900000 	 4.977651e-06
 0.550000 	 -0.850000 	 7.224211e-06
 0.550000 	 -0.800000 	 1.051879e-05
 0.550000 	 -0.750000 	 1.534849e-05
 0.550000 	 -0.700000 	 2.241286e-05
 0.550000 	 -0.650000 	 3.269911e-05
 0.550000 	 -0.600000 	 4.757287e-05
 0.550000 	 -0.550000 	 6.881309e-05
 0.550000 	 -0.500000 	 9.864885e-05
 0.550000 	 -0.450000 	 1.396683e-04
 0.550000 	 -0.400000 	 1.945393e-04
 0.550000 	 -0.350000 	 2.653327e-04
 0.550000 	 -0.300000 	 3.525431e-04
 0.550000 	 -0.250000 	 4.538415e-04
 0.550000 	 -0.200000 	 5.633741e-04
 0.550000 	 -0.150000 	 6.706321e-04
 0.550000 	 -0.100000 	 7.622644e-04
 0.550000 	 -0.050000 	 8.245364e-04
 0.550000 	 0.000000 	 8.464199e-04
 0.550000 	 0.050000 	 8.244316e-04
 0.550000 	 0.100000 	 7.622323e-04
 0.550000 	 0.150000 	 6.705622e-04
 0.550000 	 0.200000 	 5.631972e-04
 0.550000 	 0.250000 	 4.538758e-04
 0.550000 	 0.300000 	 3.524727e-04
 0.550000 	 0.350000 	 2.652806e-04
 0.550000 	 0.400000 	 1.945516e-04
 0.550000 	 0.450000 	 1.396923e-04
 0.550000 	 0.500000 	 9.863758e-05
 0.550000 	 0.550000 	 6.880347e-05
 0.550000 	 0.600000 	 4.757444e-05
 0.550000 	 0.650000 	 3.270462e-05
 0.550000 	 0.700000 	 2.241263e-05
 0.550000 	 0.750000 	 1.534582e-05
 0.550000 	 0.800000 	 1.051685e-05
 0.550000 	 0.850000 	 7.223322e-06
 0.550000 	 0.900000 	 4.977778e-06
 0.550000 	 0.950000 	 3.444606e-06
 0.550000 	 1.000000 	 2.396008e-06
 0.600000 	 -1.000000 	 1.924345e-06
 0.600000 	 -0.950000 	 2.728355e-06
 0.600000 	 -0.900000 	 3.885029e-06
 0.600000 	 -0.850000 	 5.548124e-06
 0.600000 	 -0.800000 	 7.937226e-06
 0.600000 	 -0.750000 	 1.137123e-05
 0.600000 	 -0.700000 	 1.627883e-05
 0.600000 	 -0.650000 	 2.325079e-05
 0.600000 	 -0.600000 	 3.307408e-05
 0.600000 	 -0.550000 	 4.671102e-05
 0.600000 	 -0.500000 	 6.533851e-05
 0.600000 	 -0.450000 	 9.020834e-05
 0.600000 	 -0.400000 	 1.224935e-04
 0.600000 	 -0.350000 	 1.628620e-04
 0.600000 	 -0.300000 	 2.111189e-04
 0.600000 	 -0.250000 	 2.657564e-04
 0.600000 	 -0.200000 	 3.230697e-04
 0.600000 	 -0.150000 	 3.781788e-04
 0.600000 	 -0.100000 	 4.244068e-04
 0.600000 	 -0.050000 	 4.553084e-04
 0.600000 	 0.000000 	 4.661581e-04
 0.600000 	 0.050000 	 4.552492e-04
 0.600000 	 0.100000 	 4.243474e-04
 0.600000 	 0.150000 	 3.781044e-04
 0.600000 	 0.200000 	 3.231692e-04
 0.600000 	 0.250000 	 2.657095e-04
 0.600000 	 0.300000 	 2.111559e-04
 0.600000 	 0.350000 	 1.628618e-04
 0.600000 	 0.400000 	 1.224873e-04
 0.600000 	 0.450000 	 9.020917e-05
 0.600000 	 0.500000 	 6.534112e-05
 0.600000 	 0.550000 	 4.671164e-05
 0.600000 	 0.600000 	 3.307048e-05
 0.600000 	 0.650000 	 2.325204e-05
 0.600000 	 0.700000 	 1.627737e-05
 0.600000 	 0.750000 	 1.137234e-05
 0.600000 	 0.800000 	 7.938305e-06
 0.600000 	 0.850000 	 5.546835e-06
 0.600000 	 0.900000 	 3.884638e-06
 0.600000 	 0.950000 	 2.729409e-06
 0.600000 	 1.000000 	 1.924073e-06
 0.650000 	 -1.000000 	 1.531727e-06
 0.650000 	 -0.950000 	 2.142448e-06
 0.650000 	 -0.900000 	 3.004586e-06
 0.650000 	 -0.850000 	 4.223064e-06
 0.650000 	 -0.800000 	 5.939842e-06
 0.650000 	 -0.750000 	 8.357862e-06
 0.650000 	 -0.700000 	 1.173380e-05
 0.650000 	 -0.650000 	 1.642035e-05
 0.650000 	 -0.600000 	 2.285731e-05
 0.650000 	 -0.550000 	 3.157301e-05
 0.650000 	 -0.500000 	 4.315633e-05
 0.650000 	 -0.450000 	 5.820443e-05
 0.650000 	 -0.400000 	 7.714993e-05
 0.650000 	 -0.350000 	 1.002619e-04
 0.650000 	 -0.300000 	 1.271198e-04
 0.650000 	 -0.250000 	 1.567167e-04
 0.650000 	 -0.200000 	 1.872132e-04
 0.650000 	 -0.150000 	 2.158189e-04
 0.650000 	 -0.100000 	 2.394884e-04
 0.650000 	 -0.050000 	 2.552090e-04
 0.650000 	 0.000000 	 2.606090e-04
 0.650000 	 0.050000 	 2.551438e-04
 0.650000 	 0.100000 	 2.394357e-04
 0.650000 	 0.150000 	 2.158211e-04
 0.650000 	 0.200000 	 1.871843e-04
 0.650000 	 0.250000 	 1.567496e-04
 0.650000 	 0.300000 	 1.271057e-04
 0.650000 	 0.350000 	 1.002534e-04
 0.650000 	 0.400000 	 7.716884e-05
 0.650000 	 0.450000 	 5.818548e-05
 0.650000 	 0.500000 	 4.315251e-05
 0.650000 	 0.550000 	 3.156738e-05
 0.650000 	 0.600000 	 2.285793e-05
 0.650000 	 0.650000 	 1.642462e-05
 0.650000 	 0.700000 	 1.173498e-05
 0.650000 	 0.750000 	 8.356851e-06
 0.650000 	 0.800000 	 5.941781e-06
 0.650000 	 0.850000 	 4.222556e-06
 0.650000 	 0.900000 	 3.005020e-06
 0.650000 	 0.950000 	 2.142448e-06
 0.650000 	 1.000000 	 1.531842e-06
 0.700000 	 -1.000000 	 1.210202e-06
 0.700000 	 -0.950000 	 1.669680e-06
 0.700000 	 -0.900000 	 2.307754e-06
 0.700000 	 -0.850000 	 3.192358e-06
 0.700000 	 -0.800000 	 4.417524e-06
 0.700000 	 -0.750000 	 6.103223e-06
 0.700000 	 -0.700000 	 8.412768e-06
 0.700000 	 -0.650000 	 1.154574e-05
 0.700000 	 -0.600000 	 1.574573e-05
 0.700000 	 -0.550000 	 2.129880e-05
 0.700000 	 -0.500000 	 2.848774e-05
 0.700000 	 -0.450000 	 3.758007e-05
 0.700000 	 -0.400000 	 4.876043e-05
 0.700000 	 -0.350000 	 6.204012e-05
 0.700000 	 -0.300000 	 7.712759e-05
 0.700000 	 -0.250000 	 9.336148e-05
 0.700000 	 -0.200000 	 1.097256e-04
 0.700000 	 -0.150000 	 1.248318e-04
 0.700000 	 -0.100000 	 1.371830e-04
 0.700000 	 -0.050000 	 1.452587e-04
 0.700000 	 0.000000 	 1.480751e-04
 0.700000 	 0.050000 	 1.452747e-04
 0.700000 	 0.100000 	 1.371651e-04
 0.700000 	 0.150000 	 1.248353e-04
 0.700000 	 0.200000 	 1.097199e-04
 0.700000 	 0.250000 	 9.337000e-05
 0.700000 	 0.300000 	 7.710725e-05
 0.700000 	 0.350000 	 6.203979e-05
 0.700000 	 0.400000 	 4.876517e-05
 0.700000 	 0.450000 	 3.757995e-05
 0.700000 	 0.500000 	 2.848406e-05
 0.700000 	 0.550000 	 2.129674e-05
 0.700000 	 0.600000 	 1.574799e-05
 0.700000 	 0.650000 	 1.154501e-05
 0.700000 	 0.700000 	 8.412769e-06
 0.700000 	 0.750000 	 6.104432e-06
 0.700000 	 0.800000 	 4.418104e-06
 0.700000 	 0.850000 	 3.192383e-06
 0.700000 	 0.900000 	 2.307643e-06
 0.700000 	 0.950000 	 1.669503e-06
 0.700000 	 1.000000 	 1.210066e-06
 0.750000 	 -1.000000 	 9.500964e-07
 0.750000 	 -0.950000 	 1.292963e-06
 0.750000 	 -0.900000 	 1.761829e-06
 0.750000 	 -0.850000 	 2.400472e-06
 0.750000 	 -0.800000 	 3.268469e-06
 0.750000 	 -0.750000 	 4.440497e-06
 0.750000 	 -0.700000 	 6.011377e-06
 0.750000 	 -0.650000 	 8.097539e-06
 0.750000 	 -0.600000 	 1.083263e-05
 0.750000 	 -0.550000 	 1.436330e-05
 0.750000 	 -0.500000 	 1.883048e-05
 0.750000 	 -0.450000 	 2.435635e-05
 0.750000 	 -0.400000 	 3.098351e-05
 0.750000 	 -0.350000 	 3.865845e-05
 0.750000 	 -0.300000 	 4.720461e-05
 0.750000 	 -0.250000 	 5.623025e-05
 0.750000 	 -0.200000 	 6.516705e-05
 0.750000 	 -0.150000 	 7.326296e-05
 0.750000 	 -0.100000 	 7.979483e-05
 0.750000 	 -0.050000 	 8.404594e-05
 0.750000 	 0.000000 	 8.554500e-05
 0.750000 	 0.050000 	 8.405407e-05
 0.750000 	 0.100000 	 7.980029e-05
 0.750000 	 0.150000 	 7.327157e-05
 0.750000 	 0.200000 	 6.514988e-05
 0.750000 	 0.250000 	 5.621806e-05
 0.750000 	 0.300000 	 4.720517e-05
 0.750000 	 0.350000 	 3.867064e-05
 0.750000 	 0.400000 	 3.098105e-05
 0.750000 	 0.450000 	 2.435449e-05
 0.750000 	 0.500000 	 1.883231e-05
 0.750000 	 0.550000 	 1.436336e-05
 0.750000 	 0.600000 	 1.083250e-05
 0.750000 	 0.650000 	 8.097770e-06
 0.750000 	 0.700000 	 6.012203e-06
 0.750000 	 0.750000 	 4.440342e-06
 0.750000 	 0.800000 	 3.268340e-06
 0.750000 	 0.850000 	 2.400637e-06
 0.750000 	 0.900000 	 1.761764e-06
 0.750000 	 0.950000 	 1.293331e-06
 0.750000 	 1.000000 	 9.500560e-07
 0.800000 	 -1.000000 	 7.423516e-07
 0.800000 	 -0.950000 	 9.968172e-07
 0.800000 	 -0.900000 	 1.339105e-06
 0.800000 	 -0.850000 	 1.798074e-06
 0.800000 	 -0.800000 	 2.410306e-06
 0.800000 	 -0.750000 	 3.221326e-06
 0.800000 	 -0.700000 	 4.287250e-06
 0.800000 	 -0.650000 	 5.674858e-06
 0.800000 	 -0.600000 	 7.456645e-06
 0.800000 	 -0.550000 	 9.704323e-06
 0.800000 	 -0.500000 	 1.248634e-05
 0.800000 	 -0.450000 	 1.585728e-05
 0.800000 	 -0.400000 	 1.981497e-05
 0.800000 	 -0.350000 	 2.430477e-05
 0.800000 	 -0.300000 	 2.919854e-05
 0.800000 	 -0.250000 	 3.427337e-05
 0.800000 	 -0.200000 	 3.921332e-05
 0.800000 	 -0.150000 	 4.365178e-05
 0.800000 	 -0.100000 	 4.716917e-05
 0.800000 	 -0.050000 	 4.945333e-05
 0.800000 	 0.000000 	 5.024643e-05
 0.800000 	 0.050000 	 4.945829e-05
 0.800000 	 0.100000 	 4.717298e-05
 0.800000 	 0.150000 	 4.365253e-05
 0.800000 	 0.200000 	 3.921716e-05
 0.800000 	 0.250000 	 3.427665e-05
 0.800000 	 0.300000 	 2.920188e-05
 0.800000 	 0.350000 	 2.430250e-05
 0.800000 	 0.400000 	 1.981059e-05
 0.800000 	 0.450000 	 1.585753e-05
 0.800000 	 0.500000 	 1.248855e-05
 0.800000 	 0.550000 	 9.705428e-06
 0.800000 	 0.600000 	 7.456410e-06
 0.800000 	 0.650000 	 5.675469e-06
 0.800000 	 0.700000 	 4.287185e-06
 0.800000 	 0.750000 	 3.221058e-06
 0.800000 	 0.800000 	 2.410169e-06
 0.800000 	 0.850000 	 1.798095e-06
 0.800000 	 0.900000 	 1.339340e-06
 0.800000 	 0.950000 	 9.970033e-07
 0.800000 	 1.000000 	 7.422435e-07
 0.850000 	 -1.000000 	 5.773994e-07
 0.850000 	 -0.950000 	 7.656219e-07
 0.850000 	 -0.900000 	 1.014547e-06
 0.850000 	 -0.850000 	 1.342887e-06
 0.850000 	 -0.800000 	 1.773434e-06
 0.850000 	 -0.750000 	 2.334137e-06
 0.850000 	 -0.700000 	 3.056424e-06
 0.850000 	 -0.650000 	 3.979869e-06
 0.850000 	 -0.600000 	 5.140774e-06
 0.850000 	 -0.550000 	 6.576400e-06
 0.850000 	 -0.500000 	 8.322669e-06
 0.850000 	 -0.450000 	 1.038820e-05
 0.850000 	 -0.400000 	 1.276767e-05
 0.850000 	 -0.350000 	 1.541900e-05
 0.850000 	 -0.300000 	 1.826033e-05
 0.850000 	 -0.250000 	 2.115683e-05
 0.850000 	 -0.200000 	 2.393340e-05
 0.850000 	 -0.150000 	 2.639576e-05
 0.850000 	 -0.100000 	 2.833636e-05
 0.850000 	 -0.050000 	 2.958843e-05
 0.850000 	 0.000000 	 3.001583e-05
 0.850000 	 0.050000 	 2.959201e-05
 0.850000 	 0.100000 	 2.834127e-05
 0.850000 	 0.150000 	 2.639709e-05
 0.850000 	 0.200000 	 2.393178e-05
 0.850000 	 0.250000 	 2.115548e-05
 0.850000 	 0.300000 	 1.826067e-05
 0.850000 	 0.350000 	 1.541894e-05
 0.850000 	 0.400000 	 1.276888e-05
 0.850000 	 0.450000 	 1.038631e-05
 0.850000 	 0.500000 	 8.319968e-06
 0.850000 	 0.550000 	 6.577589e-06
 0.850000 	 0.600000 	 5.140730e-06
 0.850000 	 0.650000 	 3.979147e-06
 0.850000 	 0.700000 	 3.057650e-06
 0.850000 	 0.750000 	 2.334350e-06
 0.850000 	 0.800000 	 1.773237e-06
 0.850000 	 0.850000 	 1.342938e-06
 0.850000 	 0.900000 	 1.014582e-06
 0.850000 	 0.950000 	 7.657201e-07
 0.850000 	 1.000000 	 5.773342e-07
 0.900000 	 -1.000000 	 4.478105e-07
 0.900000 	 -0.950000 	 5.864055e-07
 0.900000 	 -0.900000 	 7.671074e-07
 0.900000 	 -0.850000 	 1.001478e-06
 0.900000 	 -0.800000 	 1.303930e-06
 0.900000 	 -0.750000 	 1.690603e-06
 0.900000 	 -0.700000 	 2.181128e-06
 0.900000 	 -0.650000 	 2.795874e-06
 0.900000 	 -0.600000 	 3.555100e-06
 0.900000 	 -0.550000 	 4.476907e-06
 0.900000 	 -0.500000 	 5.575838e-06
 0.900000 	 -0.450000 	 6.852144e-06
 0.900000 	 -0.400000 	 8.298458e-06
 0.900000 	 -0.350000 	 9.879833e-06
 0.900000 	 -0.300000 	 1.154662e-05
 0.900000 	 -0.250000 	 1.322618e-05
 0.900000 	 -0.200000 	 1.481266e-05
 0.900000 	 -0.150000 	 1.620387e-05
 0.900000 	 -0.100000 	 1.729758e-05
 0.900000 	 -0.050000 	 1.799233e-05
 0.900000 	 0.000000 	 1.823027e-05
 0.900000 	 0.050000 	 1.799264e-05
 0.900000 	 0.100000 	 1.729404e-05
 0.900000 	 0.150000 	 1.620601e-05
 0.900000 	 0.200000 	 1.481243e-05
 0.900000 	 0.250000 	 1.322228e-05
 0.900000 	 0.300000 	 1.154853e-05
 0.900000 	 0.350000 	 9.881801e-06
 0.900000 	 0.400000 	 8.298004e-06
 0.900000 	 0.450000 	 6.853136e-06
 0.900000 	 0.500000 	 5.574751e-06
 0.900000 	 0.550000 	 4.476785e-06
 0.900000 	 0.600000 	 3.554466e-06
 0.900000 	 0.650000 	 2.795630e-06
 0.900000 	 0.700000 	 2.181328e-06
 0.900000 	 0.750000 	 1.690814e-06
 0.900000 	 0.800000 	 1.303888e-06
 0.900000 	 0.850000 	 1.001516e-06
 0.900000 	 0.900000 	 7.673458e-07
 0.900000 	 0.950000 	 5.864954e-07
 0.900000 	 1.000000 	 4.478045e-07
 0.950000 	 -1.000000 	 3.465543e-07
 0.950000 	 -0.950000 	 4.483057e-07
 0.950000 	 -0.900000 	 5.791705e-07
 0.950000 	 -0.850000 	 7.465022e-07
 0.950000 	 -0.800000 	 9.584653e-07
 0.950000 	 -0.750000 	 1.226003e-06
 0.950000 	 -0.700000 	 1.558937e-06
 0.950000 	 -0.650000 	 1.969391e-06
 0.950000 	 -0.600000 	 2.467681e-06
 0.950000 	 -0.550000 	 3.062618e-06
 0.950000 	 -0.500000 	 3.758824e-06
 0.950000 	 -0.450000 	 4.555424e-06
 0.950000 	 -0.400000 	 5.441374e-06
 0.950000 	 -0.350000 	 6.397715e-06
 0.950000 	 -0.300000 	 7.389681e-06
 0.950000 	 -0.250000 	 8.372975e-06
 0.950000 	 -0.200000 	 9.298151e-06
 0.950000 	 -0.150000 	 1.009801e-05
 0.950000 	 -0.100000 	 1.072051e-05
 0.950000 	 -0.050000 	 1.111424e-05
 0.950000 	 0.000000 	 1.125027e-05
 0.950000 	 0.050000 	 1.111298e-05
 0.950000 	 0.100000 	 1.071826e-05
 0.950000 	 0.150000 	 1.009711e-05
 0.950000 	 0.200000 	 9.295375e-06
 0.950000 	 0.250000 	 8.374324e-06
 0.950000 	 0.300000 	 7.389986e-06
 0.950000 	 0.350000 	 6.397818e-06
 0.950000 	 0.400000 	 5.442231e-06
 0.950000 	 0.450000 	 4.555060e-06
 0.950000 	 0.500000 	 3.758118e-06
 0.950000 	 0.550000 	 3.062938e-06
 0.950000 	 0.600000 	 2.467321e-06
 0.950000 	 0.650000 	 1.969496e-06
 0.950000 	 0.700000 	 1.558970e-06
 0.950000 	 0.750000 	 1.225805e-06
 0.950000 	 0.800000 	 9.584981e-07
 0.950000 	 0.850000 	 7.463749e-07
 0.950000 	 0.900000 	 5.791762e-07
 0.950000 	 0.950000 	 4.482350e-07
 0.950000 	 1.000000 	 3.465313e-07
 1.000000 	 -1.000000 	 2.677880e-07
 1.000000 	 -0.950000 	 3.424114e-07
 1.000000 	 -0.900000 	 4.371222e-07
 1.000000 	 -0.850000 	 5.563521e-07
 1.000000 	 -0.800000 	 7.053749e-07
 1.000000 	 -0.750000 	 8.901802e-07
 1.000000 	 -0.700000 	 1.117110e-06
 1.000000 	 -0.650000 	 1.392143e-06
 1.000000 	 -0.600000 	 1.721019e-06
 1.000000 	 -0.550000 	 2.106672e-06
 1.000000 	 -0.500000 	 2.551564e-06
 1.000000 	 -0.450000 	 3.052378e-06
 1.000000 	 -0.400000 	 3.601654e-06
 1.000000 	 -0.350000 	 4.185959e-06
 1.000000 	 -0.300000 	 4.784226e-06
 1.000000 	 -0.250000 	 5.370800e-06
 1.000000 	 -0.200000 	 5.914902e-06
 1.000000 	 -0.150000 	 6.383356e-06
 1.000000 	 -0.100000 	 6.744875e-06
 1.000000 	 -0.050000 	 6.973485e-06
 1.000000 	 0.000000 	 7.050725e-06
 1.000000 	 0.050000 	 6.972153e-06
 1.000000 	 0.100000 	 6.744465e-06
 1.000000 	 0.150000 	 6.382652e-06
 1.000000 	 0.200000 	 5.913645e-06
 1.000000 	 0.250000 	 5.370461e-06
 1.000000 	 0.300000 	 4.784153e-06
 1.000000 	 0.350000 	 4.186156e-06
 1.000000 	 0.400000 	 3.602101e-06
 1.000000 	 0.450000 	 3.052209e-06
 1.000000 	 0.500000 	 2.551662e-06
 1.000000 	 0.550000 	 2.106729e-06
 1.000000 	 0.600000 	 1.720843e-06
 1.000000 	 0.650000 	 1.392122e-06
 1.000000 	 0.700000 	 1.117093e-06
 1.000000 	 0.750000 	 8.902046e-07
 1.000000 	 0.800000 	 7.054915e-07
 1.000000 	 0.850000 	 5.563061e-07
 1.000000 	 0.900000 	 4.371062e-07
 1.000000 	 0.950000 	 3.424430e-07
 1.000000 	 1.000000 	 2.677405e-07
