 -1.000000 	 -1.000000 	 1.001396e-05
 -1.000000 	 -0.950000 	 1.248000e-05
 -1.000000 	 -0.900000 	 1.551677e-05
 -1.000000 	 -0.850000 	 1.924451e-05
 -1.000000 	 -0.800000 	 2.376631e-05
 -1.000000 	 -0.750000 	 2.922615e-05
 -1.000000 	 -0.700000 	 3.574528e-05
 -1.000000 	 -0.650000 	 4.341920e-05
 -1.000000 	 -0.600000 	 5.235358e-05
 -1.000000 	 -0.550000 	 6.256820e-05
 -1.000000 	 -0.500000 	 7.405549e-05
 -1.000000 	 -0.450000 	 8.666365e-05
 -1.000000 	 -0.400000 	 1.001926e-04
 -1.000000 	 -0.350000 	 1.142549e-04
 -1.000000 	 -0.300000 	 1.284088e-04
 -1.000000 	 -0.250000 	 1.420616e-04
 -1.000000 	 -0.200000 	 1.544936e-04
 -1.000000 	 -0.150000 	 1.651201e-04
 -1.000000 	 -0.100000 	 1.732238e-04
 -1.000000 	 -0.050000 	 1.782933e-04
 -1.000000 	 0.000000 	 1.800464e-04
 -1.000000 	 0.050000 	 1.782807e-04
 -1.000000 	 0.100000 	 1.731983e-04
 -1.000000 	 0.150000 	 1.650971e-04
 -1.000000 	 0.200000 	 1.545128e-04
 -1.000000 	 0.250000 	 1.420613e-04
 -1.000000 	 0.300000 	 1.284118e-04
 -1.000000 	 0.350000 	 1.142666e-04
 -1.000000 	 0.400000 	 1.002157e-04
 -1.000000 	 0.450000 	 8.667334e-05
 -1.000000 	 0.500000 	 7.406035e-05
 -1.000000 	 0.550000 	 6.257758e-05
 -1.000000 	 0.600000 	 5.235728e-05
 -1.000000 	 0.650000 	 4.341500e-05
 -1.000000 	 0.700000 	 3.574124e-05
 -1.000000 	 0.750000 	 2.922968e-05
 -1.000000 	 0.800000 	 2.376934e-05
 -1.000000 	 0.850000 	 1.923956e-05
 -1.000000 	 0.900000 	 1.551860e-05
 -1.000000 	 0.950000 	 1.248187e-05
 -1.000000 	 1.000000 	 1.001421e-05
 -0.950000 	 -1.000000 	 1.254290e-05
 -0.950000 	 -0.950000 	 1.580277e-05
 -0.950000 	 -0.900000 	 1.987210e-05
 -0.950000 	 -0.850000 	 2.492461e-05
 -0.950000 	 -0.800000 	 3.115411e-05
 -0.950000 	 -0.750000 	 3.876821e-05
 -0.950000 	 -0.700000 	 4.800566e-05
 -0.950000 	 -0.650000 	 5.904803e-05
 -0.950000 	 -0.600000 	 7.207801e-05
 -0.950000 	 -0.550000 	 8.722028e-05
 -0.950000 	 -0.500000 	 1.044732e-04
 -0.950000 	 -0.450000 	 1.236752e-04
 -0.950000 	 -0.400000 	 1.445432e-04
 -0.950000 	 -0.350000 	 1.665848e-04
 -0.950000 	 -0.300000 	 1.889682e-04
 -0.950000 	 -0.250000 	 2.107898e-04
 -0.950000 	 -0.200000 	 2.309017e-04
 -0.950000 	 -0.150000 	 2.481233e-04
 -0.950000 	 -0.100000 	 2.614383e-04
 -0.950000 	 -0.050000 	 2.697738e-04
 -0.950000 	 0.000000 	 2.725899e-04
 -0.950000 	 0.050000 	 2.697167e-04
 -0.950000 	 0.100000 	 2.613790e-04
 -0.950000 	 0.150000 	 2.481466e-04
 -0.950000 	 0.200000 	 2.308772e-04
 -0.950000 	 0.250000 	 2.107273e-04
 -0.950000 	 0.300000 	 1.890021e-04
 -0.950000 	 0.350000 	 1.665740e-04
 -0.950000 	 0.400000 	 1.445649e-04
 -0.950000 	 0.450000 	 1.236914e-04
 -0.950000 	 0.500000 	 1.044586e-04
 -0.950000 	 0.550000 	 8.720796e-05
 -0.950000 	 0.600000 	 7.207850e-05
 -0.950000 	 0.650000 	 5.903566e-05
 -0.950000 	 0.700000 	 4.800883e-05
 -0.950000 	 0.750000 	 3.877323e-05
 -0.950000 	 0.800000 	 3.115136e-05
 -0.950000 	 0.850000 	 2.492179e-05
 -0.950000 	 0.900000 	 1.987030e-05
 -0.950000 	 0.950000 	 1.580387e-05
 -0.950000 	 1.000000 	 1.254384e-05
 -0.900000 	 -1.000000 	 1.566857e-05
 -0.900000 	 -0.950000 	 1.995840e-05
 -0.900000 	 -0.900000 	 2.539397e-05
 -0.900000 	 -0.850000 	 3.223723e-05
 -0.900000 	 -0.800000 	 4.079898e-05
 -0.900000 	 -0.750000 	 5.145039e-05
 -0.900000 	 -0.700000 	 6.452646e-05
 -0.900000 	 -0.650000 	 8.041629e-05
 -0.900000 	 -0.600000 	 9.950655e-05
 -0.900000 	 -0.550000 	 1.220152e-04
 -0.900000 	 -0.500000 	 1.480876e-04
 -0.900000 	 -0.450000 	 1.775673e-04
 -0.900000 	 -0.400000 	 2.100528e-04
 -0.900000 	 -0.350000 	 2.448570e-04
 -0.900000 	 -0.300000 	 2.806392e-04
 -0.900000 	 -0.250000 	 3.159221e-04
 -0.900000 	 -0.200000 	 3.487863e-04
 -0.900000 	 -0.150000 	 3.772100e-04
 -0.900000 	 -0.100000 	 3.992433e-04
 -0.900000 	 -0.050000 	 4.131346e-04
 -0.900000 	 0.000000 	 4.179463e-04
 -0.900000 	 0.050000 	 4.131327e-04
 -0.900000 	 0.100000 	 3.992586e-04
 -0.900000 	 0.150000 	 3.772408e-04
 -0.900000 	 0.200000 	 3.487901e-04
 -0.900000 	 0.250000 	 3.159354e-04
 -0.900000 	 0.300000 	 2.806718e-04
 -0.900000 	 0.350000 	 2.448045e-04
 -0.900000 	 0.400000 	 2.100771e-04
 -0.900000 	 0.450000 	 1.775408e-04
 -0.900000 	 0.500000 	 1.480664e-04
 -0.900000 	 0.550000 	 1.220272e-04
 -0.900000 	 0.600000 	 9.951061e-05
 -0.900000 	 0.650000 	 8.042485e-05
 -0.900000 	 0.700000 	 6.452508e-05
 -0.900000 	 0.750000 	 5.144283e-05
 -0.900000 	 0.800000 	 4.081244e-05
 -0.900000 	 0.850000 	 3.223531e-05
 -0.900000 	 0.900000 	 2.539734e-05
 -0.900000 	 0.950000 	 1.996115e-05
 -0.900000 	 1.000000 	 1.567010e-05
 -0.850000 	 -1.000000 	 1.950137e-05
 -0.850000 	 -0.950000 	 2.513430e-05
 -0.850000 	 -0.900000 	 3.236887e-05
 -0.850000 	 -0.850000 	 4.161593e-05
 -0.850000 	 -0.800000 	 5.337879e-05
 -0.850000 	 -0.750000 	 6.820262e-05
 -0.850000 	 -0.700000 	 8.675341e-05
 -0.850000 	 -0.650000 	 1.096782e-04
 -0.850000 	 -0.600000 	 1.376401e-04
 -0.850000 	 -0.550000 	 1.712126e-04
 -0.850000 	 -0.500000 	 2.107658e-04
 -0.850000 	 -0.450000 	 2.562488e-04
 -0.850000 	 -0.400000 	 3.073154e-04
 -0.850000 	 -0.350000 	 3.626358e-04
 -0.850000 	 -0.300000 	 4.205554e-04
 -0.850000 	 -0.250000 	 4.783210e-04
 -0.850000 	 -0.200000 	 5.327676e-04
 -0.850000 	 -0.150000 	 5.803324e-04
 -0.850000 	 -0.100000 	 6.173346e-04
 -0.850000 	 -0.050000 	 6.409453e-04
 -0.850000 	 0.000000 	 6.491121e-04
 -0.850000 	 0.050000 	 6.410215e-04
 -0.850000 	 0.100000 	 6.174487e-04
 -0.850000 	 0.150000 	 5.802492e-04
 -0.850000 	 0.200000 	 5.326798e-04
 -0.850000 	 0.250000 	 4.783201e-04
 -0.850000 	 0.300000 	 4.204719e-04
 -0.850000 	 0.350000 	 3.626563e-04
 -0.850000 	 0.400000 	 3.072620e-04
 -0.850000 	 0.450000 	 2.562422e-04
 -0.850000 	 0.500000 	 2.107735e-04
 -0.850000 	 0.550000 	 1.712448e-04
 -0.850000 	 0.600000 	 1.376555e-04
 -0.850000 	 0.650000 	 1.096908e-04
 -0.850000 	 0.700000 	 8.673984e-05
 -0.850000 	 0.750000 	 6.820072e-05
 -0.850000 	 0.800000 	 5.337252e-05
 -0.850000 	 0.850000 	 4.161419e-05
 -0.850000 	 0.900000 	 3.237251e-05
 -0.850000 	 0.950000 	 2.513320e-05
 -0.850000 	 1.000000 	 1.950251e-05
 -0.800000 	 -1.000000 	 2.416235e-05
 -0.800000 	 -0.950000 	 3.151661e-05
 -0.800000 	 -0.900000 	 4.110185e-05
 -0.800000 	 -0.850000 	 5.356017e-05
 -0.800000 	 -0.800000 	 6.963096e-05
 -0.800000 	 -0.750000 	 9.026723e-05
 -0.800000 	 -0.700000 	 1.165057e-04
 -0.800000 	 -0.650000 	 1.495234e-04
 -0.800000 	 -0.600000 	 1.905815e-04
 -0.800000 	 -0.550000 	 2.407297e-04
 -0.800000 	 -0.500000 	 3.010025e-04
 -0.800000 	 -0.450000 	 3.716031e-04
 -0.800000 	 -0.400000 	 4.520904e-04
 -0.800000 	 -0.350000 	 5.411089e-04
 -0.800000 	 -0.300000 	 6.356047e-04
 -0.800000 	 -0.250000 	 7.311675e-04
 -0.800000 	 -0.200000 	 8.224736e-04
 -0.800000 	 -0.150000 	 9.031217e-04
 -0.800000 	 -0.100000 	 9.664679e-04
 -0.800000 	 -0.050000 	 1.007048e-03
 -0.800000 	 0.000000 	 1.020985e-03
 -0.800000 	 0.050000 	 1.007044e-03
 -0.800000 	 0.100000 	 9.664472e-04
 -0.800000 	 0.150000 	 9.030277e-04
 -0.800000 	 0.200000 	 8.225347e-04
 -0.800000 	 0.250000 	 7.311948e-04
 -0.800000 	 0.300000 	 6.353737e-04
 -0.800000 	 0.350000 	 5.410128e-04
 -0.800000 	 0.400000 	 4.520714e-04
 -0.800000 	 0.450000 	 3.714947e-04
 -0.800000 	 0.500000 	 3.009662e-04
 -0.800000 	 0.550000 	 2.407398e-04
 -0.800000 	 0.600000 	 1.905765e-04
 -0.800000 	 0.650000 	 1.495616e-04
 -0.800000 	 0.700000 	 1.165092e-04
 -0.800000 	 0.750000 	 9.027019e-05
 -0.800000 	 0.800000 	 6.963688e-05
 -0.800000 	 0.850000 	 5.354992e-05
 -0.800000 	 0.900000 	 4.111036e-05
 -0.800000 	 0.950000 	 3.151871e-05
 -0.800000 	 1.000000 	 2.416319e-05
 -0.750000 	 -1.000000 	 2.977674e-05
 -0.750000 	 -0.950000 	 3.932439e-05
 -0.750000 	 -0.900000 	 5.195509e-05
 -0.750000 	 -0.850000 	 6.861752e-05
 -0.750000 	 -0.800000 	 9.048965e-05
 -0.750000 	 -0.750000 	 1.190888e-04
 -0.750000 	 -0.700000 	 1.561135e-04
 -0.750000 	 -0.650000 	 2.036461e-04
 -0.750000 	 -0.600000 	 2.638504e-04
 -0.750000 	 -0.550000 	 3.388438e-04
 -0.750000 	 -0.500000 	 4.308105e-04
 -0.750000 	 -0.450000 	 5.405835e-04
 -0.750000 	 -0.400000 	 6.684382e-04
 -0.750000 	 -0.350000 	 8.123346e-04
 -0.750000 	 -0.300000 	 9.678938e-04
 -0.750000 	 -0.250000 	 1.128008e-03
 -0.750000 	 -0.200000 	 1.283169e-03
 -0.750000 	 -0.150000 	 1.421598e-03
 -0.750000 	 -0.100000 	 1.531256e-03
 -0.750000 	 -0.050000 	 1.602386e-03
 -0.750000 	 0.000000 	 1.626485e-03
 -0.750000 	 0.050000 	 1.602416e-03
 -0.750000 	 0.100000 	 1.531577e-03
 -0.750000 	 0.150000 	 1.421449e-03
 -0.750000 	 0.200000 	 1.282857e-03
 -0.750000 	 0.250000 	 1.128081e-03
 -0.750000 	 0.300000 	 9.680905e-04
 -0.750000 	 0.350000 	 8.123837e-04
 -0.750000 	 0.400000 	 6.685235e-04
 -0.750000 	 0.450000 	 5.407005e-04
 -0.750000 	 0.500000 	 4.307860e-04
 -0.750000 	 0.550000 	 3.388846e-04
 -0.750000 	 0.600000 	 2.638065e-04
 -0.750000 	 0.650000 	 2.036591e-04
 -0.750000 	 0.700000 	 1.561026e-04
 -0.750000 	 0.750000 	 1.190651e-04
 -0.750000 	 0.800000 	 9.049178e-05
 -0.750000 	 0.850000 	 6.860099e-05
 -0.750000 	 0.900000 	 5.193820e-05
 -0.750000 	 0.950000 	 3.931463e-05
 -0.750000 	 1.000000 	 2.977690e-05
 -0.700000 	 -1.000000 	 3.645051e-05
 -0.700000 	 -0.950000 	 4.875170e-05
 -0.700000 	 -0.900000 	 6.525074e-05
 -0.700000 	 -0.850000 	 8.742385e-05
 -0.700000 	 -0.800000 	 1.170359e-04
 -0.700000 	 -0.750000 	 1.564273e-04
 -0.700000 	 -0.700000 	 2.084383e-04
 -0.700000 	 -0.650000 	 2.765099e-04
 -0.700000 	 -0.600000 	 3.645692e-04
 -0.700000 	 -0.550000 	 4.766543e-04
 -0.700000 	 -0.500000 	 6.168688e-04
 -0.700000 	 -0.450000 	 7.884318e-04
 -0.700000 	 -0.400000 	 9.920337e-04
 -0.700000 	 -0.350000 	 1.226088e-03
 -0.700000 	 -0.300000 	 1.484391e-03
 -0.700000 	 -0.250000 	 1.754844e-03
 -0.700000 	 -0.200000 	 2.021237e-03
 -0.700000 	 -0.150000 	 2.261870e-03
 -0.700000 	 -0.100000 	 2.455109e-03
 -0.700000 	 -0.050000 	 2.580955e-03
 -0.700000 	 0.000000 	 2.624759e-03
 -0.700000 	 0.050000 	 2.580471e-03
 -0.700000 	 0.100000 	 2.455103e-03
 -0.700000 	 0.150000 	 2.262130e-03
 -0.700000 	 0.200000 	 2.021132e-03
 -0.700000 	 0.250000 	 1.754541e-03
 -0.700000 	 0.300000 	 1.484389e-03
 -0.700000 	 0.350000 	 1.226129e-03
 -0.700000 	 0.400000 	 9.920846e-04
 -0.700000 	 0.450000 	 7.884634e-04
 -0.700000 	 0.500000 	 6.169318e-04
 -0.700000 	 0.550000 	 4.766692e-04
 -0.700000 	 0.600000 	 3.646116e-04
 -0.700000 	 0.650000 	 2.765188e-04
 -0.700000 	 0.700000 	 2.084068e-04
 -0.700000 	 0.750000 	 1.564125e-04
 -0.700000 	 0.800000 	 1.170171e-04
 -0.700000 	 0.850000 	 8.740832e-05
 -0.700000 	 0.900000 	 6.525436e-05
 -0.700000 	 0.950000 	 4.874570e-05
 -0.700000 	 1.000000 	 3.645036e-05
 -0.650000 	 -1.000000 	 4.427959e-05
 -0.650000 	 -0.950000 	 5.998051e-05
 -0.650000 	 -0.900000 	 8.138914e-05
 -0.650000 	 -0.850000 	 1.105912e-04
 -0.650000 	 -0.800000 	 1.503512e-04
 -0.650000 	 -0.750000 	 2.041788e-04
 -0.650000 	 -0.700000 	 2.767831e-04
 -0.650000 	 -0.650000 	 3.737547e-04
 -0.650000 	 -0.600000 	 5.019201e-04
 -0.650000 	 -0.550000 	 6.689166e-04
 -0.650000 	 -0.500000 	 8.828111e-04
 -0.650000 	 -0.450000 	 1.150196e-03
 -0.650000 	 -0.400000 	 1.475358e-03
 -0.650000 	 -0.350000 	 1.857665e-03
 -0.650000 	 -0.300000 	 2.288215e-03
 -0.650000 	 -0.250000 	 2.749358e-03
 -0.650000 	 -0.200000 	 3.211014e-03
 -0.650000 	 -0.150000 	 3.635130e-03
 -0.650000 	 -0.100000 	 3.979303e-03
 -0.650000 	 -0.050000 	 4.204763e-03
 -0.650000 	 0.000000 	 4.283887e-03
 -0.650000 	 0.050000 	 4.205063e-03
 -0.650000 	 0.100000 	 3.980503e-03
 -0.650000 	 0.150000 	 3.634740e-03
 -0.650000 	 0.200000 	 3.210175e-03
 -0.650000 	 0.250000 	 2.748895e-03
 -0.650000 	 0.300000 	 2.288085e-03
 -0.650000 	 0.350000 	 1.857384e-03
 -0.650000 	 0.400000 	 1.475504e-03
 -0.650000 	 0.450000 	 1.150209e-03
 -0.650000 	 0.500000 	 8.827898e-04
 -0.650000 	 0.550000 	 6.689908e-04
 -0.650000 	 0.600000 	 5.019279e-04
 -0.650000 	 0.650000 	 3.738053e-04
 -0.650000 	 0.700000 	 2.767912e-04
 -0.650000 	 0.750000 	 2.042001e-04
 -0.650000 	 0.800000 	 1.503371e-04
 -0.650000 	 0.850000 	 1.105926e-04
 -0.650000 	 0.900000 	 8.138119e-05
 -0.650000 	 0.950000 	 5.996829e-05
 -0.650000 	 1.000000 	 4.429187e-05
 -0.600000 	 -1.000000 	 5.333775e-05
 -0.600000 	 -0.950000 	 7.314387e-05
 -0.600000 	 -0.900000 	 1.006315e-04
 -0.600000 	 -0.850000 	 1.387270e-04
 -0.600000 	 -0.800000 	 1.915276e-04
 -0.600000 	 -0.750000 	 2.645062e-04
 -0.600000 	 -0.700000 	 3.648609e-04
 -0.600000 	 -0.650000 	 5.018864e-04
 -0.600000 	 -0.600000 	 6.873313e-04
 -0.600000 	 -0.550000 	 9.346264e-04
 -0.600000 	 -0.500000 	 1.258999e-03
 -0.600000 	 -0.450000 	 1.675342e-03
 -0.600000 	 -0.400000 	 2.194318e-03
 -0.600000 	 -0.350000 	 2.819098e-03
 -0.600000 	 -0.300000 	 3.540950e-03
 -0.600000 	 -0.250000 	 4.330505e-03
 -0.600000 	 -0.200000 	 5.137214e-03
 -0.600000 	 -0.150000 	 5.891969e-03
 -0.600000 	 -0.100000 	 6.513810e-03
 -0.600000 	 -0.050000 	 6.923559e-03
 -0.600000 	 0.000000 	 7.066347e-03
 -0.600000 	 0.050000 	 6.923275e-03
 -0.600000 	 0.100000 	 6.513528e-03
 -0.600000 	 0.150000 	 5.892573e-03
 -0.600000 	 0.200000 	 5.136529e-03
 -0.600000 	 0.250000 	 4.330489e-03
 -0.600000 	 0.300000 	 3.541262e-03
 -0.600000 	 0.350000 	 2.819254e-03
 -0.600000 	 0.400000 	 2.194166e-03
 -0.600000 	 0.450000 	 1.674816e-03
 -0.600000 	 0.500000 	 1.259001e-03
 -0.600000 	 0.550000 	 9.346121e-04
 -0.600000 	 0.600000 	 6.875276e-04
 -0.600000 	 0.650000 	 5.020268e-04
 -0.600000 	 0.700000 	 3.649129e-04
 -0.600000 	 0.750000 	 2.644378e-04
 -0.600000 	 0.800000 	 1.915155e-04
 -0.600000 	 0.850000 	 1.387113e-04
 -0.600000 	 0.900000 	 1.006338e-04
 -0.600000 	 0.950000 	 7.315603e-05
 -0.600000 	 1.000000 	 5.334521e-05
 -0.550000 	 -1.000000 	 6.359803e-05
 -0.550000 	 -0.950000 	 8.830728e-05
 -0.550000 	 -0.900000 	 1.231349e-04
 -0.550000 	 -0.850000 	 1.722687e-04
 -0.550000 	 -0.800000 	 2.415973e-04
 -0.550000 	 -0.750000 	 3.393488e-04
 -0.550000 	 -0.700000 	 4.766105e-04
 -0.550000 	 -0.650000 	 6.682149e-04
 -0.550000 	 -0.600000 	 9.336137e-04
 -0.550000 	 -0.550000 	 1.296571e-03
 -0.550000 	 -0.500000 	 1.785444e-03
 -0.550000 	 -0.450000 	 2.428580e-03
 -0.550000 	 -0.400000 	 3.254212e-03
 -0.550000 	 -0.350000 	 4.273982e-03
 -0.550000 	 -0.300000 	 5.484548e-03
 -0.550000 	 -0.250000 	 6.838897e-03
 -0.550000 	 -0.200000 	 8.260085e-03
 -0.550000 	 -0.150000 	 9.610556e-03
 -0.550000 	 -0.100000 	 1.073973e-02
 -0.550000 	 -0.050000 	 1.149552e-02
 -0.550000 	 0.000000 	 1.176194e-02
 -0.550000 	 0.050000 	 1.149582e-02
 -0.550000 	 0.100000 	 1.074112e-02
 -0.550000 	 0.150000 	 9.611364e-03
 -0.550000 	 0.200000 	 8.260825e-03
 -0.550000 	 0.250000 	 6.840313e-03
 -0.550000 	 0.300000 	 5.485166e-03
 -0.550000 	 0.350000 	 4.275199e-03
 -0.550000 	 0.400000 	 3.253800e-03
 -0.550000 	 0.450000 	 2.428509e-03
 -0.550000 	 0.500000 	 1.785418e-03
 -0.550000 	 0.550000 	 1.296602e-03
 -0.550000 	 0.600000 	 9.335402e-04
 -0.550000 	 0.650000 	 6.682091e-04
 -0.550000 	 0.700000 	 4.766127e-04
 -0.550000 	 0.750000 	 3.393450e-04
 -0.550000 	 0.800000 	 2.416307e-04
 -0.550000 	 0.850000 	 1.722879e-04
 -0.550000 	 0.900000 	 1.231412e-04
 -0.550000 	 0.950000 	 8.831901e-05
 -0.550000 	 1.000000 	 6.359662e-05
 -0.500000 	 -1.000000 	 7.496741e-05
 -0.500000 	 -0.950000 	 1.054025e-04
 -0.500000 	 -0.900000 	 1.489295e-04
 -0.500000 	 -0.850000 	 2.113908e-04
 -0.500000 	 -0.800000 	 3.011880e-04
 -0.500000 	 -0.750000 	 4.301639e-04
 -0.500000 	 -0.700000 	 6.152749e-04
 -0.500000 	 -0.650000 	 8.795206e-04
 -0.500000 	 -0.600000 	 1.254705e-03
 -0.500000 	 -0.550000 	 1.781079e-03
 -0.500000 	 -0.500000 	 2.509258e-03
 -0.500000 	 -0.450000 	 3.496133e-03
 -0.500000 	 -0.400000 	 4.796086e-03
 -0.500000 	 -0.350000 	 6.455320e-03
 -0.500000 	 -0.300000 	 8.476709e-03
 -0.500000 	 -0.250000 	 1.080597e-02
 -0.500000 	 -0.200000 	 1.329884e-02
 -0.500000 	 -0.150000 	 1.573231e-02
 -0.500000 	 -0.100000 	 1.780320e-02
 -0.500000 	 -0.050000 	 1.919841e-02
 -0.500000 	 0.000000 	 1.969397e-02
 -0.500000 	 0.050000 	 1.920110e-02
 -0.500000 	 0.100000 	 1.780210e-02
 -0.500000 	 0.150000 	 1.573275e-02
 -0.500000 	 0.200000 	 1.329862e-02
 -0.500000 	 0.250000 	 1.080482e-02
 -0.500000 	 0.300000 	 8.475990e-03
 -0.500000 	 0.350000 	 6.455161e-03
 -0.500000 	 0.400000 	 4.796778e-03
 -0.500000 	 0.450000 	 3.495466e-03
 -0.500000 	 0.500000 	 2.509502e-03
 -0.500000 	 0.550000 	 1.781165e-03
 -0.500000 	 0.600000 	 1.254752e-03
 -0.500000 	 0.650000 	 8.796400e-04
 -0.500000 	 0.700000 	 6.151649e-04
 -0.500000 	 0.750000 	 4.301767e-04
 -0.500000 	 0.800000 	 3.012225e-04
 -0.500000 	 0.850000 	 2.113856e-04
 -0.500000 	 0.900000 	 1.489258e-04
 -0.500000 	 0.950000 	 1.054044e-04
 -0.500000 	 1.000000 	 7.495657e-05
 -0.450000 	 -1.000000 	 8.726022e-05
 -0.450000 	 -0.950000 	 1.241412e-04
 -0.450000 	 -0.900000 	 1.777326e-04
 -0.450000 	 -0.850000 	 2.558557e-04
 -0.450000 	 -0.800000 	 3.701239e-04
 -0.450000 	 -0.750000 	 5.376018e-04
 -0.450000 	 -0.700000 	 7.830924e-04
 -0.450000 	 -0.650000 	 1.141518e-03
 -0.450000 	 -0.600000 	 1.663172e-03
 -0.450000 	 -0.550000 	 2.414776e-03
 -0.450000 	 -0.500000 	 3.482020e-03
 -0.450000 	 -0.450000 	 4.974075e-03
 -0.450000 	 -0.400000 	 6.999536e-03
 -0.450000 	 -0.350000 	 9.664496e-03
 -0.450000 	 -0.300000 	 1.301134e-02
 -0.450000 	 -0.250000 	 1.698843e-02
 -0.450000 	 -0.200000 	 2.136353e-02
 -0.450000 	 -0.150000 	 2.573822e-02
 -0.450000 	 -0.100000 	 2.952998e-02
 -0.450000 	 -0.050000 	 3.213120e-02
 -0.450000 	 0.000000 	 3.305232e-02
 -0.450000 	 0.050000 	 3.212942e-02
 -0.450000 	 0.100000 	 2.953700e-02
 -0.450000 	 0.150000 	 2.573849e-02
 -0.450000 	 0.200000 	 2.136894e-02
 -0.450000 	 0.250000 	 1.698571e-02
 -0.450000 	 0.300000 	 1.301007e-02
 -0.450000 	 0.350000 	 9.664150e-03
 -0.450000 	 0.400000 	 7.000335e-03
 -0.450000 	 0.450000 	 4.973199e-03
 -0.450000 	 0.500000 	 3.482658e-03
 -0.450000 	 0.550000 	 2.414642e-03
 -0.450000 	 0.600000 	 1.663045e-03
 -0.450000 	 0.650000 	 1.141388e-03
 -0.450000 	 0.700000 	 7.830173e-04
 -0.450000 	 0.750000 	 5.376734e-04
 -0.450000 	 0.800000 	 3.701785e-04
 -0.450000 	 0.850000 	 2.558246e-04
 -0.450000 	 0.900000 	 1.777245e-04
 -0.450000 	 0.950000 	 1.241425e-04
 -0.450000 	 1.000000 	 8.726942e-05
 -0.400000 	 -1.000000 	 1.001716e-04
 -0.400000 	 -0.950000 	 1.441388e-04
 -0.400000 	 -0.900000 	 2.089202e-04
 -0.400000 	 -0.850000 	 3.048338e-04
 -0.400000 	 -0.800000 	 4.476686e-04
 -0.400000 	 -0.750000 	 6.608156e-04
 -0.400000 	 -0.700000 	 9.798572e-04
 -0.400000 	 -0.650000 	 1.456441e-03
 -0.400000 	 -0.600000 	 2.166354e-03
 -0.400000 	 -0.550000 	 3.218140e-03
 -0.400000 	 -0.500000 	 4.753597e-03
 -0.400000 	 -0.450000 	 6.964498e-03
 -0.400000 	 -0.400000 	 1.006668e-02
 -0.400000 	 -0.350000 	 1.427629e-02
 -0.400000 	 -0.300000 	 1.974143e-02
 -0.400000 	 -0.250000 	 2.644484e-02
 -0.400000 	 -0.200000 	 3.405282e-02
 -0.400000 	 -0.150000 	 4.185158e-02
 -0.400000 	 -0.100000 	 4.877209e-02
 -0.400000 	 -0.050000 	 5.359504e-02
 -0.400000 	 0.000000 	 5.531878e-02
 -0.400000 	 0.050000 	 5.360059e-02
 -0.400000 	 0.100000 	 4.876925e-02
 -0.400000 	 0.150000 	 4.184970e-02
 -0.400000 	 0.200000 	 3.404689e-02
 -0.400000 	 0.250000 	 2.644277e-02
 -0.400000 	 0.300000 	 1.973938e-02
 -0.400000 	 0.350000 	 1.427425e-02
 -0.400000 	 0.400000 	 1.006502e-02
 -0.400000 	 0.450000 	 6.964368e-03
 -0.400000 	 0.500000 	 4.754156e-03
 -0.400000 	 0.550000 	 3.217411e-03
 -0.400000 	 0.600000 	 2.166497e-03
 -0.400000 	 0.650000 	 1.456370e-03
 -0.400000 	 0.700000 	 9.798765e-04
 -0.400000 	 0.750000 	 6.608851e-04
 -0.400000 	 0.800000 	 4.476587e-04
 -0.400000 	 0.850000 	 3.048925e-04
 -0.400000 	 0.900000 	 2.089173e-04
 -0.400000 	 0.950000 	 1.441479e-04
 -0.400000 	 1.000000 	 1.001849e-04
 -0.350000 	 -1.000000 	 1.133034e-04
 -0.350000 	 -0.950000 	 1.647312e-04
 -0.350000 	 -0.900000 	 2.415716e-04
 -0.350000 	 -0.850000 	 3.569679e-04
 -0.350000 	 -0.800000 	 5.316209e-04
 -0.350000 	 -0.750000 	 7.969428e-04
 -0.350000 	 -0.700000 	 1.201841e-03
 -0.350000 	 -0.650000 	 1.820671e-03
 -0.350000 	 -0.600000 	 2.763966e-03
 -0.350000 	 -0.550000 	 4.196826e-03
 -0.350000 	 -0.500000 	 6.352427e-03
 -0.350000 	 -0.450000 	 9.546125e-03
 -0.350000 	 -0.400000 	 1.417464e-02
 -0.350000 	 -0.350000 	 2.066971e-02
 -0.350000 	 -0.300000 	 2.940510e-02
 -0.350000 	 -0.250000 	 4.048430e-02
 -0.350000 	 -0.200000 	 5.346221e-02
 -0.350000 	 -0.150000 	 6.715540e-02
 -0.350000 	 -0.100000 	 7.962141e-02
 -0.350000 	 -0.050000 	 8.844443e-02
 -0.350000 	 0.000000 	 9.165197e-02
 -0.350000 	 0.050000 	 8.844529e-02
 -0.350000 	 0.100000 	 7.962306e-02
 -0.350000 	 0.150000 	 6.717069e-02
 -0.350000 	 0.200000 	 5.345294e-02
 -0.350000 	 0.250000 	 4.047177e-02
 -0.350000 	 0.300000 	 2.940591e-02
 -0.350000 	 0.350000 	 2.067200e-02
 -0.350000 	 0.400000 	 1.417440e-02
 -0.350000 	 0.450000 	 9.547833e-03
 -0.350000 	 0.500000 	 6.352670e-03
 -0.350000 	 0.550000 	 4.196502e-03
 -0.350000 	 0.600000 	 2.764155e-03
 -0.350000 	 0.650000 	 1.820370e-03
 -0.350000 	 0.700000 	 1.202049e-03
 -0.350000 	 0.750000 	 7.970840e-04
 -0.350000 	 0.800000 	 5.316364e-04
 -0.350000 	 0.850000 	 3.569665e-04
 -0.350000 	 0.900000 	 2.415284e-04
 -0.350000 	 0.950000 	 1.647367e-04
 -0.350000 	 1.000000 	 1.132771e-04
 -0.300000 	 -1.000000 	 1.260310e-04
 -0.300000 	 -0.950000 	 1.850159e-04
 -0.300000 	 -0.900000 	 2.741300e-04
 -0.300000 	 -0.850000 	 4.099887e-04
 -0.300000 	 -0.800000 	 6.184765e-04
 -0.300000 	 -0.750000 	 9.406811e-04
 -0.300000 	 -0.700000 	 1.441389e-03
 -0.300000 	 -0.650000 	 2.222320e-03
 -0.300000 	 -0.600000 	 3.440117e-03
 -0.300000 	 -0.550000 	 5.336113e-03
 -0.300000 	 -0.500000 	 8.266111e-03
 -0.300000 	 -0.450000 	 1.273907e-02
 -0.300000 	 -0.400000 	 1.942905e-02
 -0.300000 	 -0.350000 	 2.913520e-02
 -0.300000 	 -0.300000 	 4.265681e-02
 -0.300000 	 -0.250000 	 6.041234e-02
 -0.300000 	 -0.200000 	 8.195024e-02
 -0.300000 	 -0.150000 	 1.054232e-01
 -0.300000 	 -0.100000 	 1.272631e-01
 -0.300000 	 -0.050000 	 1.430750e-01
 -0.300000 	 0.000000 	 1.488584e-01
 -0.300000 	 0.050000 	 1.430701e-01
 -0.300000 	 0.100000 	 1.272685e-01
 -0.300000 	 0.150000 	 1.054076e-01
 -0.300000 	 0.200000 	 8.193988e-02
 -0.300000 	 0.250000 	 6.039965e-02
 -0.300000 	 0.300000 	 4.265882e-02
 -0.300000 	 0.350000 	 2.914038e-02
 -0.300000 	 0.400000 	 1.943009e-02
 -0.300000 	 0.450000 	 1.273928e-02
 -0.300000 	 0.500000 	 8.266499e-03
 -0.300000 	 0.550000 	 5.337064e-03
 -0.300000 	 0.600000 	 3.441172e-03
 -0.300000 	 0.650000 	 2.222368e-03
 -0.300000 	 0.700000 	 1.441401e-03
 -0.300000 	 0.750000 	 9.406989e-04
 -0.300000 	 0.800000 	 6.185443e-04
 -0.300000 	 0.850000 	 4.099943e-04
 -0.300000 	 0.900000 	 2.741478e-04
 -0.300000 	 0.950000 	 1.850131e-04
 -0.300000 	 1.000000 	 1.260371e-04
 -0.250000 	 -1.000000 	 1.377775e-04
 -0.250000 	 -0.950000 	 2.039671e-04
 -0.250000 	 -0.900000 	 3.050735e-04
 -0.250000 	 -0.850000 	 4.609128e-04
 -0.250000 	 -0.800000 	 7.036226e-04
 -0.250000 	 -0.750000 	 1.084036e-03
 -0.250000 	 -0.700000 	 1.685333e-03
 -0.250000 	 -0.650000 	 2.639736e-03
 -0.250000 	 -0.600000 	 4.160590e-03
 -0.250000 	 -0.550000 	 6.583304e-03
 -0.250000 	 -0.500000 	 1.041973e-02
 -0.250000 	 -0.450000 	 1.644490e-02
 -0.250000 	 -0.400000 	 2.572993e-02
 -0.250000 	 -0.350000 	 3.965850e-02
 -0.250000 	 -0.300000 	 5.971391e-02
 -0.250000 	 -0.250000 	 8.700841e-02
 -0.250000 	 -0.200000 	 1.213137e-01
 -0.250000 	 -0.150000 	 1.598920e-01
 -0.250000 	 -0.100000 	 1.969073e-01
 -0.250000 	 -0.050000 	 2.241797e-01
 -0.250000 	 0.000000 	 2.342905e-01
 -0.250000 	 0.050000 	 2.241608e-01
 -0.250000 	 0.100000 	 1.968765e-01
 -0.250000 	 0.150000 	 1.598991e-01
 -0.250000 	 0.200000 	 1.213146e-01
 -0.250000 	 0.250000 	 8.701190e-02
 -0.250000 	 0.300000 	 5.972569e-02
 -0.250000 	 0.350000 	 3.965446e-02
 -0.250000 	 0.400000 	 2.573359e-02
 -0.250000 	 0.450000 	 1.644383e-02
 -0.250000 	 0.500000 	 1.042164e-02
 -0.250000 	 0.550000 	 6.581056e-03
 -0.250000 	 0.600000 	 4.160178e-03
 -0.250000 	 0.650000 	 2.640135e-03
 -0.250000 	 0.700000 	 1.685174e-03
 -0.250000 	 0.750000 	 1.083975e-03
 -0.250000 	 0.800000 	 7.036115e-04
 -0.250000 	 0.850000 	 4.610049e-04
 -0.250000 	 0.900000 	 3.051044e-04
 -0.250000 	 0.950000 	 2.039729e-04
 -0.250000 	 1.000000 	 1.377873e-04
 -0.200000 	 -1.000000 	 1.478878e-04
 -0.200000 	 -0.950000 	 2.205092e-04
 -0.200000 	 -0.900000 	 3.324480e-04
 -0.200000 	 -0.850000 	 5.067350e-04
 -0.200000 	 -0.800000 	 7.810268e-04
 -0.200000 	 -0.750000 	 1.216751e-03
 -0.200000 	 -0.700000 	 1.915433e-03
 -0.200000 	 -0.650000 	 3.042538e-03
 -0.200000 	 -0.600000 	 4.869814e-03
 -0.200000 	 -0.550000 	 7.839721e-03
 -0.200000 	 -0.500000 	 1.265706e-02
 -0.200000 	 -0.450000 	 2.040473e-02
 -0.200000 	 -0.400000 	 3.268838e-02
 -0.200000 	 -0.350000 	 5.166834e-02
 -0.200000 	 -0.300000 	 7.990154e-02
 -0.200000 	 -0.250000 	 1.196613e-01
 -0.200000 	 -0.200000 	 1.712727e-01
 -0.200000 	 -0.150000 	 2.313081e-01
 -0.200000 	 -0.100000 	 2.904609e-01
 -0.200000 	 -0.050000 	 3.350060e-01
 -0.200000 	 0.000000 	 3.517715e-01
 -0.200000 	 0.050000 	 3.349955e-01
 -0.200000 	 0.100000 	 2.904857e-01
 -0.200000 	 0.150000 	 2.312720e-01
 -0.200000 	 0.200000 	 1.712763e-01
 -0.200000 	 0.250000 	 1.196256e-01
 -0.200000 	 0.300000 	 7.990471e-02
 -0.200000 	 0.350000 	 5.166766e-02
 -0.200000 	 0.400000 	 3.268400e-02
 -0.200000 	 0.450000 	 2.040308e-02
 -0.200000 	 0.500000 	 1.265678e-02
 -0.200000 	 0.550000 	 7.841277e-03
 -0.200000 	 0.600000 	 4.870300e-03
 -0.200000 	 0.650000 	 3.041956e-03
 -0.200000 	 0.700000 	 1.915073e-03
 -0.200000 	 0.750000 	 1.217014e-03
 -0.200000 	 0.800000 	 7.809360e-04
 -0.200000 	 0.850000 	 5.067979e-04
 -0.200000 	 0.900000 	 3.323983e-04
 -0.200000 	 0.950000 	 2.204860e-04
 -0.200000 	 1.000000 	 1.478817e-04
 -0.150000 	 -1.000000 	 1.556957e-04
 -0.150000 	 -0.950000 	 2.334419e-04
 -0.150000 	 -0.900000 	 3.541374e-04
 -0.150000 	 -0.850000 	 5.436648e-04
 -0.150000 	 -0.800000 	 8.445974e-04
 -0.150000 	 -0.750000 	 1.327938e-03
 -0.150000 	 -0.700000 	 2.110785e-03
 -0.150000 	 -0.650000 	 3.391697e-03
 -0.150000 	 -0.600000 	 5.499406e-03
 -0.150000 	 -0.550000 	 8.981908e-03
 -0.150000 	 -0.500000 	 1.473882e-02
 -0.150000 	 -0.450000 	 2.418700e-02
 -0.150000 	 -0.400000 	 3.953332e-02
 -0.150000 	 -0.350000 	 6.384891e-02
 -0.150000 	 -0.300000 	 1.010908e-01
 -0.150000 	 -0.250000 	 1.550641e-01
 -0.150000 	 -0.200000 	 2.274742e-01
 -0.150000 	 -0.150000 	 3.140754e-01
 -0.150000 	 -0.100000 	 4.018508e-01
 -0.150000 	 -0.050000 	 4.693907e-01
 -0.150000 	 0.000000 	 4.949727e-01
 -0.150000 	 0.050000 	 4.693180e-01
 -0.150000 	 0.100000 	 4.018661e-01
 -0.150000 	 0.150000 	 3.141551e-01
 -0.150000 	 0.200000 	 2.274369e-01
 -0.150000 	 0.250000 	 1.550642e-01
 -0.150000 	 0.300000 	 1.010764e-01
 -0.150000 	 0.350000 	 6.385160e-02
 -0.150000 	 0.400000 	 3.952524e-02
 -0.150000 	 0.450000 	 2.419112e-02
 -0.150000 	 0.500000 	 1.473450e-02
 -0.150000 	 0.550000 	 8.983133e-03
 -0.150000 	 0.600000 	 5.499313e-03
 -0.150000 	 0.650000 	 3.392068e-03
 -0.150000 	 0.700000 	 2.111080e-03
 -0.150000 	 0.750000 	 1.327858e-03
 -0.150000 	 0.800000 	 8.447803e-04
 -0.150000 	 0.850000 	 5.437542e-04
 -0.150000 	 0.900000 	 3.541239e-04
 -0.150000 	 0.950000 	 2.334523e-04
 -0.150000 	 1.000000 	 1.557170e-04
 -0.100000 	 -1.000000 	 1.607289e-04
 -0.100000 	 -0.950000 	 2.419588e-04
 -0.100000 	 -0.900000 	 3.686827e-04
 -0.100000 	 -0.850000 	 5.688199e-04
 -0.100000 	 -0.800000 	 8.889543e-04
 -0.100000 	 -0.750000 	 1.406332e-03
 -0.100000 	 -0.700000 	 2.252526e-03
 -0.100000 	 -0.650000 	 3.649463e-03
 -0.100000 	 -0.600000 	 5.973951e-03
 -0.100000 	 -0.550000 	 9.861904e-03
 -0.100000 	 -0.500000 	 1.637463e-02
 -0.100000 	 -0.450000 	 2.725313e-02
 -0.100000 	 -0.400000 	 4.521111e-02
 -0.100000 	 -0.350000 	 7.427966e-02
 -0.100000 	 -0.300000 	 1.197410e-01
 -0.100000 	 -0.250000 	 1.872614e-01
 -0.100000 	 -0.200000 	 2.800583e-01
 -0.100000 	 -0.150000 	 3.939965e-01
 -0.100000 	 -0.100000 	 5.120428e-01
 -0.100000 	 -0.050000 	 6.043745e-01
 -0.100000 	 0.000000 	 6.397310e-01
 -0.100000 	 0.050000 	 6.044626e-01
 -0.100000 	 0.100000 	 5.120110e-01
 -0.100000 	 0.150000 	 3.940170e-01
 -0.100000 	 0.200000 	 2.800606e-01
 -0.100000 	 0.250000 	 1.872415e-01
 -0.100000 	 0.300000 	 1.197441e-01
 -0.100000 	 0.350000 	 7.429288e-02
 -0.100000 	 0.400000 	 4.521022e-02
 -0.100000 	 0.450000 	 2.724893e-02
 -0.100000 	 0.500000 	 1.637540e-02
 -0.100000 	 0.550000 	 9.860815e-03
 -0.100000 	 0.600000 	 5.973239e-03
 -0.100000 	 0.650000 	 3.649633e-03
 -0.100000 	 0.700000 	 2.252539e-03
 -0.100000 	 0.750000 	 1.406434e-03
 -0.100000 	 0.800000 	 8.888401e-04
 -0.100000 	 0.850000 	 5.688057e-04
 -0.100000 	 0.900000 	 3.686558e-04
 -0.100000 	 0.950000 	 2.419273e-04
 -0.100000 	 1.000000 	 1.607303e-04
 -0.050000 	 -1.000000 	 1.625779e-04
 -0.050000 	 -0.950000 	 2.452707e-04
 -0.050000 	 -0.900000 	 3.747796e-04
 -0.050000 	 -0.850000 	 5.798884e-04
 -0.050000 	 -0.800000 	 9.093633e-04
 -0.050000 	 -0.750000 	 1.444071e-03
 -0.050000 	 -0.700000 	 2.323535e-03
 -0.050000 	 -0.650000 	 3.783187e-03
 -0.050000 	 -0.600000 	 6.226661e-03
 -0.050000 	 -0.550000 	 1.034714e-02
 -0.050000 	 -0.500000 	 1.730741e-02
 -0.050000 	 -0.450000 	 2.904466e-02
 -0.050000 	 -0.400000 	 4.864203e-02
 -0.050000 	 -0.350000 	 8.077060e-02
 -0.050000 	 -0.300000 	 1.316900e-01
 -0.050000 	 -0.250000 	 2.085091e-01
 -0.050000 	 -0.200000 	 3.158388e-01
 -0.050000 	 -0.150000 	 4.498465e-01
 -0.050000 	 -0.100000 	 5.908674e-01
 -0.050000 	 -0.050000 	 7.025470e-01
 -0.050000 	 0.000000 	 7.456863e-01
 -0.050000 	 0.050000 	 7.025417e-01
 -0.050000 	 0.100000 	 5.909319e-01
 -0.050000 	 0.150000 	 4.499053e-01
 -0.050000 	 0.200000 	 3.158221e-01
 -0.050000 	 0.250000 	 2.085271e-01
 -0.050000 	 0.300000 	 1.317170e-01
 -0.050000 	 0.350000 	 8.075740e-02
 -0.050000 	 0.400000 	 4.865716e-02
 -0.050000 	 0.450000 	 2.904459e-02
 -0.050000 	 0.500000 	 1.730759e-02
 -0.050000 	 0.550000 	 1.034711e-02
 -0.050000 	 0.600000 	 6.226788e-03
 -0.050000 	 0.650000 	 3.782283e-03
 -0.050000 	 0.700000 	 2.323451e-03
 -0.050000 	 0.750000 	 1.444338e-03
 -0.050000 	 0.800000 	 9.092492e-04
 -0.050000 	 0.850000 	 5.800178e-04
 -0.050000 	 0.900000 	 3.747460e-04
 -0.050000 	 0.950000 	 2.452558e-04
 -0.050000 	 1.000000 	 1.625483e-04
 0.000000 	 -1.000000 	 1.610966e-04
 0.000000 	 -0.950000 	 2.431789e-04
 0.000000 	 -0.900000 	 3.717379e-04
 0.000000 	 -0.850000 	 5.758413e-04
 0.000000 	 -0.800000 	 9.036308e-04
 0.000000 	 -0.750000 	 1.436777e-03
 0.000000 	 -0.700000 	 2.313813e-03
 0.000000 	 -0.650000 	 3.773042e-03
 0.000000 	 -0.600000 	 6.221210e-03
 0.000000 	 -0.550000 	 1.035572e-02
 0.000000 	 -0.500000 	 1.736365e-02
 0.000000 	 -0.450000 	 2.921822e-02
 0.000000 	 -0.400000 	 4.907859e-02
 0.000000 	 -0.350000 	 8.173836e-02
 0.000000 	 -0.300000 	 1.338079e-01
 0.000000 	 -0.250000 	 2.127069e-01
 0.000000 	 -0.200000 	 3.234906e-01
 0.000000 	 -0.150000 	 4.626395e-01
 0.000000 	 -0.100000 	 6.098256e-01
 0.000000 	 -0.050000 	 7.270039e-01
 0.000000 	 0.000000 	 7.721758e-01
 0.000000 	 0.050000 	 7.269013e-01
 0.000000 	 0.100000 	 6.099337e-01
 0.000000 	 0.150000 	 4.626381e-01
 0.000000 	 0.200000 	 3.234898e-01
 0.000000 	 0.250000 	 2.126908e-01
 0.000000 	 0.300000 	 1.337848e-01
 0.000000 	 0.350000 	 8.173833e-02
 0.000000 	 0.400000 	 4.907797e-02
 0.000000 	 0.450000 	 2.920896e-02
 0.000000 	 0.500000 	 1.736447e-02
 0.000000 	 0.550000 	 1.035954e-02
 0.000000 	 0.600000 	 6.221716e-03
 0.000000 	 0.650000 	 3.773113e-03
 0.000000 	 0.700000 	 2.314053e-03
 0.000000 	 0.750000 	 1.436769e-03
 0.000000 	 0.800000 	 9.035468e-04
 0.000000 	 0.850000 	 5.758686e-04
 0.000000 	 0.900000 	 3.717513e-04
 0.000000 	 0.950000 	 2.432027e-04
 0.000000 	 1.000000 	 1.610931e-04
 0.050000 	 -1.000000 	 1.563905e-04
 0.050000 	 -0.950000 	 2.357885e-04
 0.050000 	 -0.900000 	 3.600490e-04
 0.050000 	 -0.850000 	 5.568123e-04
 0.050000 	 -0.800000 	 8.724233e-04
 0.050000 	 -0.750000 	 1.384789e-03
 0.050000 	 -0.700000 	 2.225909e-03
 0.050000 	 -0.650000 	 3.621372e-03
 0.050000 	 -0.600000 	 5.957801e-03
 0.050000 	 -0.550000 	 9.890858e-03
 0.050000 	 -0.500000 	 1.653289e-02
 0.050000 	 -0.450000 	 2.771279e-02
 0.050000 	 -0.400000 	 4.637813e-02
 0.050000 	 -0.350000 	 7.693919e-02
 0.050000 	 -0.300000 	 1.253369e-01
 0.050000 	 -0.250000 	 1.982909e-01
 0.050000 	 -0.200000 	 3.000834e-01
 0.050000 	 -0.150000 	 4.271932e-01
 0.050000 	 -0.100000 	 5.608182e-01
 0.050000 	 -0.050000 	 6.666888e-01
 0.050000 	 0.000000 	 7.075402e-01
 0.050000 	 0.050000 	 6.666211e-01
 0.050000 	 0.100000 	 5.607984e-01
 0.050000 	 0.150000 	 4.271450e-01
 0.050000 	 0.200000 	 3.001598e-01
 0.050000 	 0.250000 	 1.982965e-01
 0.050000 	 0.300000 	 1.253556e-01
 0.050000 	 0.350000 	 7.694419e-02
 0.050000 	 0.400000 	 4.637310e-02
 0.050000 	 0.450000 	 2.771667e-02
 0.050000 	 0.500000 	 1.653213e-02
 0.050000 	 0.550000 	 9.890110e-03
 0.050000 	 0.600000 	 5.957009e-03
 0.050000 	 0.650000 	 3.621799e-03
 0.050000 	 0.700000 	 2.226090e-03
 0.050000 	 0.750000 	 1.384981e-03
 0.050000 	 0.800000 	 8.724102e-04
 0.050000 	 0.850000 	 5.568580e-04
 0.050000 	 0.900000 	 3.600553e-04
 0.050000 	 0.950000 	 2.357995e-04
 0.050000 	 1.000000 	 1.563864e-04
 0.100000 	 -1.000000 	 1.488127e-04
 0.100000 	 -0.950000 	 2.237508e-04
 0.100000 	 -0.900000 	 3.405393e-04
 0.100000 	 -0.850000 	 5.246936e-04
 0.100000 	 -0.800000 	 8.189531e-04
 0.100000 	 -0.750000 	 1.293869e-03
 0.100000 	 -0.700000 	 2.068847e-03
 0.100000 	 -0.650000 	 3.347715e-03
 0.100000 	 -0.600000 	 5.470589e-03
 0.100000 	 -0.550000 	 9.015551e-03
 0.100000 	 -0.500000 	 1.494955e-02
 0.100000 	 -0.450000 	 2.483874e-02
 0.100000 	 -0.400000 	 4.114567e-02
 0.100000 	 -0.350000 	 6.748522e-02
 0.100000 	 -0.300000 	 1.085921e-01
 0.100000 	 -0.250000 	 1.695827e-01
 0.100000 	 -0.200000 	 2.532748e-01
 0.100000 	 -0.150000 	 3.558719e-01
 0.100000 	 -0.100000 	 4.621594e-01
 0.100000 	 -0.050000 	 5.452457e-01
 0.100000 	 0.000000 	 5.771802e-01
 0.100000 	 0.050000 	 5.451626e-01
 0.100000 	 0.100000 	 4.621436e-01
 0.100000 	 0.150000 	 3.559102e-01
 0.100000 	 0.200000 	 2.532717e-01
 0.100000 	 0.250000 	 1.695955e-01
 0.100000 	 0.300000 	 1.086126e-01
 0.100000 	 0.350000 	 6.747646e-02
 0.100000 	 0.400000 	 4.114539e-02
 0.100000 	 0.450000 	 2.483539e-02
 0.100000 	 0.500000 	 1.494920e-02
 0.100000 	 0.550000 	 9.019107e-03
 0.100000 	 0.600000 	 5.471605e-03
 0.100000 	 0.650000 	 3.347312e-03
 0.100000 	 0.700000 	 2.069123e-03
 0.100000 	 0.750000 	 1.293910e-03
 0.100000 	 0.800000 	 8.187441e-04
 0.100000 	 0.850000 	 5.246854e-04
 0.100000 	 0.900000 	 3.404886e-04
 0.100000 	 0.950000 	 2.237168e-04
 0.100000 	 1.000000 	 1.488219e-04
 0.150000 	 -1.000000 	 1.388447e-04
 0.150000 	 -0.950000 	 2.078047e-04
 0.150000 	 -0.900000 	 3.145910e-04
 0.150000 	 -0.850000 	 4.820679e-04
 0.150000 	 -0.800000 	 7.476597e-04
 0.150000 	 -0.750000 	 1.172968e-03
 0.150000 	 -0.700000 	 1.861414e-03
 0.150000 	 -0.650000 	 2.984121e-03
 0.150000 	 -0.600000 	 4.827235e-03
 0.150000 	 -0.550000 	 7.866436e-03
 0.150000 	 -0.500000 	 1.287865e-02
 0.150000 	 -0.450000 	 2.109578e-02
 0.150000 	 -0.400000 	 3.439642e-02
 0.150000 	 -0.350000 	 5.543060e-02
 0.150000 	 -0.300000 	 8.756867e-02
 0.150000 	 -0.250000 	 1.340690e-01
 0.150000 	 -0.200000 	 1.962721e-01
 0.150000 	 -0.150000 	 2.706820e-01
 0.150000 	 -0.100000 	 3.459710e-01
 0.150000 	 -0.050000 	 4.037747e-01
 0.150000 	 0.000000 	 4.256231e-01
 0.150000 	 0.050000 	 4.037838e-01
 0.150000 	 0.100000 	 3.459469e-01
 0.150000 	 0.150000 	 2.706489e-01
 0.150000 	 0.200000 	 1.962598e-01
 0.150000 	 0.250000 	 1.340535e-01
 0.150000 	 0.300000 	 8.757244e-02
 0.150000 	 0.350000 	 5.542930e-02
 0.150000 	 0.400000 	 3.439041e-02
 0.150000 	 0.450000 	 2.109576e-02
 0.150000 	 0.500000 	 1.287931e-02
 0.150000 	 0.550000 	 7.868238e-03
 0.150000 	 0.600000 	 4.828297e-03
 0.150000 	 0.650000 	 2.984232e-03
 0.150000 	 0.700000 	 1.861342e-03
 0.150000 	 0.750000 	 1.173101e-03
 0.150000 	 0.800000 	 7.476849e-04
 0.150000 	 0.850000 	 4.821712e-04
 0.150000 	 0.900000 	 3.146698e-04
 0.150000 	 0.950000 	 2.077559e-04
 0.150000 	 1.000000 	 1.388181e-04
 0.200000 	 -1.000000 	 1.270893e-04
 0.200000 	 -0.950000 	 1.890486e-04
 0.200000 	 -0.900000 	 2.843641e-04
 0.200000 	 -0.850000 	 4.325482e-04
 0.200000 	 -0.800000 	 6.650185e-04
 0.200000 	 -0.750000 	 1.033601e-03
 0.200000 	 -0.700000 	 1.622890e-03
 0.200000 	 -0.650000 	 2.571273e-03
 0.200000 	 -0.600000 	 4.105110e-03
 0.200000 	 -0.550000 	 6.591682e-03
 0.200000 	 -0.500000 	 1.061167e-02
 0.200000 	 -0.450000 	 1.706540e-02
 0.200000 	 -0.400000 	 2.726247e-02
 0.200000 	 -0.350000 	 4.298291e-02
 0.200000 	 -0.300000 	 6.630973e-02
 0.200000 	 -0.250000 	 9.906129e-02
 0.200000 	 -0.200000 	 1.415638e-01
 0.200000 	 -0.150000 	 1.908507e-01
 0.200000 	 -0.100000 	 2.394382e-01
 0.200000 	 -0.050000 	 2.760274e-01
 0.200000 	 0.000000 	 2.896532e-01
 0.200000 	 0.050000 	 2.759959e-01
 0.200000 	 0.100000 	 2.394466e-01
 0.200000 	 0.150000 	 1.908911e-01
 0.200000 	 0.200000 	 1.415652e-01
 0.200000 	 0.250000 	 9.907248e-02
 0.200000 	 0.300000 	 6.631863e-02
 0.200000 	 0.350000 	 4.298107e-02
 0.200000 	 0.400000 	 2.726289e-02
 0.200000 	 0.450000 	 1.706492e-02
 0.200000 	 0.500000 	 1.061429e-02
 0.200000 	 0.550000 	 6.590917e-03
 0.200000 	 0.600000 	 4.104898e-03
 0.200000 	 0.650000 	 2.571280e-03
 0.200000 	 0.700000 	 1.623008e-03
 0.200000 	 0.750000 	 1.033631e-03
 0.200000 	 0.800000 	 6.650251e-04
 0.200000 	 0.850000 	 4.325312e-04
 0.200000 	 0.900000 	 2.843707e-04
 0.200000 	 0.950000 	 1.890644e-04
 0.200000 	 1.000000 	 1.270753e-04
 0.250000 	 -1.000000 	 1.142480e-04
 0.250000 	 -0.950000 	 1.687120e-04
 0.250000 	 -0.900000 	 2.516791e-04
 0.250000 	 -0.850000 	 3.792638e-04
 0.250000 	 -0.800000 	 5.773436e-04
 0.250000 	 -0.750000 	 8.867834e-04
 0.250000 	 -0.700000 	 1.375010e-03
 0.250000 	 -0.650000 	 2.147462e-03
 0.250000 	 -0.600000 	 3.374723e-03
 0.250000 	 -0.550000 	 5.324819e-03
 0.250000 	 -0.500000 	 8.404965e-03
 0.250000 	 -0.450000 	 1.322710e-02
 0.250000 	 -0.400000 	 2.063607e-02
 0.250000 	 -0.350000 	 3.172861e-02
 0.250000 	 -0.300000 	 4.766928e-02
 0.250000 	 -0.250000 	 6.930814e-02
 0.250000 	 -0.200000 	 9.643343e-02
 0.250000 	 -0.150000 	 1.269153e-01
 0.250000 	 -0.100000 	 1.561439e-01
 0.250000 	 -0.050000 	 1.776366e-01
 0.250000 	 0.000000 	 1.855910e-01
 0.250000 	 0.050000 	 1.776309e-01
 0.250000 	 0.100000 	 1.560879e-01
 0.250000 	 0.150000 	 1.269450e-01
 0.250000 	 0.200000 	 9.644213e-02
 0.250000 	 0.250000 	 6.929304e-02
 0.250000 	 0.300000 	 4.766476e-02
 0.250000 	 0.350000 	 3.173597e-02
 0.250000 	 0.400000 	 2.063909e-02
 0.250000 	 0.450000 	 1.322598e-02
 0.250000 	 0.500000 	 8.404679e-03
 0.250000 	 0.550000 	 5.324032e-03
 0.250000 	 0.600000 	 3.375018e-03
 0.250000 	 0.650000 	 2.147369e-03
 0.250000 	 0.700000 	 1.374806e-03
 0.250000 	 0.750000 	 8.869809e-04
 0.250000 	 0.800000 	 5.773411e-04
 0.250000 	 0.850000 	 3.792450e-04
 0.250000 	 0.900000 	 2.516609e-04
 0.250000 	 0.950000 	 1.686990e-04
 0.250000 	 1.000000 	 1.142579e-04
 0.300000 	 -1.000000 	 1.010106e-04
 0.300000 	 -0.950000 	 1.478686e-04
 0.300000 	 -0.900000 	 2.184190e-04
 0.300000 	 -0.850000 	 3.256578e-04
 0.300000 	 -0.800000 	 4.898878e-04
 0.300000 	 -0.750000 	 7.429669e-04
 0.300000 	 -0.700000 	 1.134828e-03
 0.300000 	 -0.650000 	 1.744424e-03
 0.300000 	 -0.600000 	 2.693126e-03
 0.300000 	 -0.550000 	 4.163609e-03
 0.300000 	 -0.500000 	 6.432738e-03
 0.300000 	 -0.450000 	 9.884887e-03
 0.300000 	 -0.400000 	 1.503971e-02
 0.300000 	 -0.350000 	 2.250236e-02
 0.300000 	 -0.300000 	 3.286116e-02
 0.300000 	 -0.250000 	 4.645675e-02
 0.300000 	 -0.200000 	 6.291691e-02
 0.300000 	 -0.150000 	 8.083296e-02
 0.300000 	 -0.100000 	 9.753120e-02
 0.300000 	 -0.050000 	 1.095694e-01
 0.300000 	 0.000000 	 1.139905e-01
 0.300000 	 0.050000 	 1.095778e-01
 0.300000 	 0.100000 	 9.753017e-02
 0.300000 	 0.150000 	 8.083372e-02
 0.300000 	 0.200000 	 6.292869e-02
 0.300000 	 0.250000 	 4.645838e-02
 0.300000 	 0.300000 	 3.286070e-02
 0.300000 	 0.350000 	 2.250148e-02
 0.300000 	 0.400000 	 1.503608e-02
 0.300000 	 0.450000 	 9.885383e-03
 0.300000 	 0.500000 	 6.432843e-03
 0.300000 	 0.550000 	 4.164202e-03
 0.300000 	 0.600000 	 2.692737e-03
 0.300000 	 0.650000 	 1.744394e-03
 0.300000 	 0.700000 	 1.134995e-03
 0.300000 	 0.750000 	 7.429169e-04
 0.300000 	 0.800000 	 4.899186e-04
 0.300000 	 0.850000 	 3.256600e-04
 0.300000 	 0.900000 	 2.184517e-04
 0.300000 	 0.950000 	 1.478021e-04
 0.300000 	 1.000000 	 1.009784e-04
 0.350000 	 -1.000000 	 8.787654e-05
 0.350000 	 -0.950000 	 1.273765e-04
 0.350000 	 -0.900000 	 1.862024e-04
 0.350000 	 -0.850000 	 2.743769e-04
 0.350000 	 -0.800000 	 4.074081e-04
 0.350000 	 -0.750000 	 6.088414e-04
 0.350000 	 -0.700000 	 9.155061e-04
 0.350000 	 -0.650000 	 1.382592e-03
 0.350000 	 -0.600000 	 2.093321e-03
 0.350000 	 -0.550000 	 3.169908e-03
 0.350000 	 -0.500000 	 4.785228e-03
 0.350000 	 -0.450000 	 7.171833e-03
 0.350000 	 -0.400000 	 1.062473e-02
 0.350000 	 -0.350000 	 1.546327e-02
 0.350000 	 -0.300000 	 2.195701e-02
 0.350000 	 -0.250000 	 3.018604e-02
 0.350000 	 -0.200000 	 3.982618e-02
 0.350000 	 -0.150000 	 4.998365e-02
 0.350000 	 -0.100000 	 5.921753e-02
 0.350000 	 -0.050000 	 6.576992e-02
 0.350000 	 0.000000 	 6.813823e-02
 0.350000 	 0.050000 	 6.577167e-02
 0.350000 	 0.100000 	 5.922211e-02
 0.350000 	 0.150000 	 4.998922e-02
 0.350000 	 0.200000 	 3.982609e-02
 0.350000 	 0.250000 	 3.018449e-02
 0.350000 	 0.300000 	 2.195897e-02
 0.350000 	 0.350000 	 1.546612e-02
 0.350000 	 0.400000 	 1.062624e-02
 0.350000 	 0.450000 	 7.171898e-03
 0.350000 	 0.500000 	 4.784410e-03
 0.350000 	 0.550000 	 3.169151e-03
 0.350000 	 0.600000 	 2.092781e-03
 0.350000 	 0.650000 	 1.382544e-03
 0.350000 	 0.700000 	 9.155143e-04
 0.350000 	 0.750000 	 6.088316e-04
 0.350000 	 0.800000 	 4.073905e-04
 0.350000 	 0.850000 	 2.743765e-04
 0.350000 	 0.900000 	 1.862319e-04
 0.350000 	 0.950000 	 1.273942e-04
 0.350000 	 1.000000 	 8.785840e-05
 0.400000 	 -1.000000 	 7.535199e-05
 0.400000 	 -0.950000 	 1.080818e-04
 0.400000 	 -0.900000 	 1.561906e-04
 0.400000 	 -0.850000 	 2.272301e-04
 0.400000 	 -0.800000 	 3.326316e-04
 0.400000 	 -0.750000 	 4.896803e-04
 0.400000 	 -0.700000 	 7.237632e-04
 0.400000 	 -0.650000 	 1.072990e-03
 0.400000 	 -0.600000 	 1.592028e-03
 0.400000 	 -0.550000 	 2.358436e-03
 0.400000 	 -0.500000 	 3.477491e-03
 0.400000 	 -0.450000 	 5.082380e-03
 0.400000 	 -0.400000 	 7.331356e-03
 0.400000 	 -0.350000 	 1.038384e-02
 0.400000 	 -0.300000 	 1.434336e-02
 0.400000 	 -0.250000 	 1.919318e-02
 0.400000 	 -0.200000 	 2.470586e-02
 0.400000 	 -0.150000 	 3.034165e-02
 0.400000 	 -0.100000 	 3.535228e-02
 0.400000 	 -0.050000 	 3.883446e-02
 0.400000 	 0.000000 	 4.009122e-02
 0.400000 	 0.050000 	 3.884327e-02
 0.400000 	 0.100000 	 3.534669e-02
 0.400000 	 0.150000 	 3.034424e-02
 0.400000 	 0.200000 	 2.469323e-02
 0.400000 	 0.250000 	 1.919457e-02
 0.400000 	 0.300000 	 1.434158e-02
 0.400000 	 0.350000 	 1.038376e-02
 0.400000 	 0.400000 	 7.332525e-03
 0.400000 	 0.450000 	 5.081836e-03
 0.400000 	 0.500000 	 3.477255e-03
 0.400000 	 0.550000 	 2.358624e-03
 0.400000 	 0.600000 	 1.591904e-03
 0.400000 	 0.650000 	 1.073028e-03
 0.400000 	 0.700000 	 7.236393e-04
 0.400000 	 0.750000 	 4.896017e-04
 0.400000 	 0.800000 	 3.326068e-04
 0.400000 	 0.850000 	 2.272585e-04
 0.400000 	 0.900000 	 1.561799e-04
 0.400000 	 0.950000 	 1.080886e-04
 0.400000 	 1.000000 	 7.535454e-05
 0.450000 	 -1.000000 	 6.376954e-05
 0.450000 	 -0.950000 	 9.045685e-05
 0.450000 	 -0.900000 	 1.291202e-04
 0.450000 	 -0.850000 	 1.853251e-04
 0.450000 	 -0.800000 	 2.672951e-04
 0.450000 	 -0.750000 	 3.872449e-04
 0.450000 	 -0.700000 	 5.625776e-04
 0.450000 	 -0.650000 	 8.181758e-04
 0.450000 	 -0.600000 	 1.189170e-03
 0.450000 	 -0.550000 	 1.723249e-03
 0.450000 	 -0.500000 	 2.481472e-03
 0.450000 	 -0.450000 	 3.538249e-03
 0.450000 	 -0.400000 	 4.973771e-03
 0.450000 	 -0.350000 	 6.860413e-03
 0.450000 	 -0.300000 	 9.231572e-03
 0.450000 	 -0.250000 	 1.204690e-02
 0.450000 	 -0.200000 	 1.514942e-02
 0.450000 	 -0.150000 	 1.824425e-02
 0.450000 	 -0.100000 	 2.093486e-02
 0.450000 	 -0.050000 	 2.278025e-02
 0.450000 	 0.000000 	 2.343867e-02
 0.450000 	 0.050000 	 2.277846e-02
 0.450000 	 0.100000 	 2.093425e-02
 0.450000 	 0.150000 	 1.824469e-02
 0.450000 	 0.200000 	 1.514939e-02
 0.450000 	 0.250000 	 1.204474e-02
 0.450000 	 0.300000 	 9.230672e-03
 0.450000 	 0.350000 	 6.859759e-03
 0.450000 	 0.400000 	 4.973526e-03
 0.450000 	 0.450000 	 3.537755e-03
 0.450000 	 0.500000 	 2.481224e-03
 0.450000 	 0.550000 	 1.722781e-03
 0.450000 	 0.600000 	 1.189382e-03
 0.450000 	 0.650000 	 8.182260e-04
 0.450000 	 0.700000 	 5.624577e-04
 0.450000 	 0.750000 	 3.872434e-04
 0.450000 	 0.800000 	 2.673373e-04
 0.450000 	 0.850000 	 1.853089e-04
 0.450000 	 0.900000 	 1.290985e-04
 0.450000 	 0.950000 	 9.045153e-05
 0.450000 	 1.000000 	 6.375446e-05
 0.500000 	 -1.000000 	 5.332690e-05
 0.500000 	 -0.950000 	 7.475497e-05
 0.500000 	 -0.900000 	 1.053575e-04
 0.500000 	 -0.850000 	 1.491301e-04
 0.500000 	 -0.800000 	 2.119389e-04
 0.500000 	 -0.750000 	 3.020872e-04
 0.500000 	 -0.700000 	 4.310630e-04
 0.500000 	 -0.650000 	 6.150169e-04
 0.500000 	 -0.600000 	 8.757918e-04
 0.500000 	 -0.550000 	 1.241490e-03
 0.500000 	 -0.500000 	 1.747040e-03
 0.500000 	 -0.450000 	 2.431229e-03
 0.500000 	 -0.400000 	 3.333829e-03
 0.500000 	 -0.350000 	 4.485410e-03
 0.500000 	 -0.300000 	 5.888710e-03
 0.500000 	 -0.250000 	 7.508137e-03
 0.500000 	 -0.200000 	 9.244873e-03
 0.500000 	 -0.150000 	 1.093817e-02
 0.500000 	 -0.100000 	 1.238329e-02
 0.500000 	 -0.050000 	 1.335730e-02
 0.500000 	 0.000000 	 1.370435e-02
 0.500000 	 0.050000 	 1.335951e-02
 0.500000 	 0.100000 	 1.238265e-02
 0.500000 	 0.150000 	 1.093918e-02
 0.500000 	 0.200000 	 9.245744e-03
 0.500000 	 0.250000 	 7.508067e-03
 0.500000 	 0.300000 	 5.888371e-03
 0.500000 	 0.350000 	 4.485588e-03
 0.500000 	 0.400000 	 3.334061e-03
 0.500000 	 0.450000 	 2.431329e-03
 0.500000 	 0.500000 	 1.746774e-03
 0.500000 	 0.550000 	 1.241324e-03
 0.500000 	 0.600000 	 8.758129e-04
 0.500000 	 0.650000 	 6.149534e-04
 0.500000 	 0.700000 	 4.310146e-04
 0.500000 	 0.750000 	 3.020260e-04
 0.500000 	 0.800000 	 2.119466e-04
 0.500000 	 0.850000 	 1.491400e-04
 0.500000 	 0.900000 	 1.053753e-04
 0.500000 	 0.950000 	 7.476572e-05
 0.500000 	 1.000000 	 5.332999e-05
 0.550000 	 -1.000000 	 4.413387e-05
 0.550000 	 -0.950000 	 6.113589e-05
 0.550000 	 -0.900000 	 8.503146e-05
 0.550000 	 -0.850000 	 1.187033e-04
 0.550000 	 -0.800000 	 1.661232e-04
 0.550000 	 -0.750000 	 2.328278e-04
 0.550000 	 -0.700000 	 3.263895e-04
 0.550000 	 -0.650000 	 4.569410e-04
 0.550000 	 -0.600000 	 6.377987e-04
 0.550000 	 -0.550000 	 8.851362e-04
 0.550000 	 -0.500000 	 1.217890e-03
 0.550000 	 -0.450000 	 1.656330e-03
 0.550000 	 -0.400000 	 2.218942e-03
 0.550000 	 -0.350000 	 2.916323e-03
 0.550000 	 -0.300000 	 3.743585e-03
 0.550000 	 -0.250000 	 4.671524e-03
 0.550000 	 -0.200000 	 5.644639e-03
 0.550000 	 -0.150000 	 6.572736e-03
 0.550000 	 -0.100000 	 7.349553e-03
 0.550000 	 -0.050000 	 7.870354e-03
 0.550000 	 0.000000 	 8.051819e-03
 0.550000 	 0.050000 	 7.869380e-03
 0.550000 	 0.100000 	 7.349367e-03
 0.550000 	 0.150000 	 6.572194e-03
 0.550000 	 0.200000 	 5.642802e-03
 0.550000 	 0.250000 	 4.671837e-03
 0.550000 	 0.300000 	 3.742825e-03
 0.550000 	 0.350000 	 2.915770e-03
 0.550000 	 0.400000 	 2.219086e-03
 0.550000 	 0.450000 	 1.656598e-03
 0.550000 	 0.500000 	 1.217770e-03
 0.550000 	 0.550000 	 8.850043e-04
 0.550000 	 0.600000 	 6.378123e-04
 0.550000 	 0.650000 	 4.570173e-04
 0.550000 	 0.700000 	 3.263834e-04
 0.550000 	 0.750000 	 2.327910e-04
 0.550000 	 0.800000 	 1.660948e-04
 0.550000 	 0.850000 	 1.186877e-04
 0.550000 	 0.900000 	 8.503295e-05
 0.550000 	 0.950000 	 6.112549e-05
 0.550000 	 1.000000 	 4.413151e-05
 0.600000 	 -1.000000 	 3.618927e-05
 0.600000 	 -0.950000 	 4.951059e-05
 0.600000 	 -0.900000 	 6.798214e-05
 0.600000 	 -0.850000 	 9.355868e-05
 0.600000 	 -0.800000 	 1.289131e-04
 0.600000 	 -0.750000 	 1.777966e-04
 0.600000 	 -0.700000 	 2.449473e-04
 0.600000 	 -0.650000 	 3.366219e-04
 0.600000 	 -0.600000 	 4.607479e-04
 0.600000 	 -0.550000 	 6.262866e-04
 0.600000 	 -0.500000 	 8.436642e-04
 0.600000 	 -0.450000 	 1.122827e-03
 0.600000 	 -0.400000 	 1.471866e-03
 0.600000 	 -0.350000 	 1.892873e-03
 0.600000 	 -0.300000 	 2.379418e-03
 0.600000 	 -0.250000 	 2.913786e-03
 0.600000 	 -0.200000 	 3.459089e-03
 0.600000 	 -0.150000 	 3.971871e-03
 0.600000 	 -0.100000 	 4.394424e-03
 0.600000 	 -0.050000 	 4.673452e-03
 0.600000 	 0.000000 	 4.770688e-03
 0.600000 	 0.050000 	 4.672815e-03
 0.600000 	 0.100000 	 4.393780e-03
 0.600000 	 0.150000 	 3.971081e-03
 0.600000 	 0.200000 	 3.460167e-03
 0.600000 	 0.250000 	 2.913272e-03
 0.600000 	 0.300000 	 2.379831e-03
 0.600000 	 0.350000 	 1.892866e-03
 0.600000 	 0.400000 	 1.471807e-03
 0.600000 	 0.450000 	 1.122854e-03
 0.600000 	 0.500000 	 8.436997e-04
 0.600000 	 0.550000 	 6.262956e-04
 0.600000 	 0.600000 	 4.606935e-04
 0.600000 	 0.650000 	 3.366440e-04
 0.600000 	 0.700000 	 2.449254e-04
 0.600000 	 0.750000 	 1.778109e-04
 0.600000 	 0.800000 	 1.289305e-04
 0.600000 	 0.850000 	 9.353759e-05
 0.600000 	 0.900000 	 6.797620e-05
 0.600000 	 0.950000 	 4.953004e-05
 0.600000 	 1.000000 	 3.618435e-05
 0.650000 	 -1.000000 	 2.943706e-05
 0.650000 	 -0.950000 	 3.979169e-05
 0.650000 	 -0.900000 	 5.390372e-05
 0.650000 	 -0.850000 	 7.314723e-05
 0.650000 	 -0.800000 	 9.929014e-05
 0.650000 	 -0.750000 	 1.347889e-04
 0.650000 	 -0.700000 	 1.825425e-04
 0.650000 	 -0.650000 	 2.464190e-04
 0.650000 	 -0.600000 	 3.309543e-04
 0.650000 	 -0.550000 	 4.412838e-04
 0.650000 	 -0.500000 	 5.826684e-04
 0.650000 	 -0.450000 	 7.599675e-04
 0.650000 	 -0.400000 	 9.756521e-04
 0.650000 	 -0.350000 	 1.230462e-03
 0.650000 	 -0.300000 	 1.517736e-03
 0.650000 	 -0.250000 	 1.825801e-03
 0.650000 	 -0.200000 	 2.135784e-03
 0.650000 	 -0.150000 	 2.420725e-03
 0.650000 	 -0.100000 	 2.652960e-03
 0.650000 	 -0.050000 	 2.805609e-03
 0.650000 	 0.000000 	 2.857656e-03
 0.650000 	 0.050000 	 2.804928e-03
 0.650000 	 0.100000 	 2.652402e-03
 0.650000 	 0.150000 	 2.420784e-03
 0.650000 	 0.200000 	 2.135443e-03
 0.650000 	 0.250000 	 1.826189e-03
 0.650000 	 0.300000 	 1.517574e-03
 0.650000 	 0.350000 	 1.230359e-03
 0.650000 	 0.400000 	 9.759034e-04
 0.650000 	 0.450000 	 7.597138e-04
 0.650000 	 0.500000 	 5.826156e-04
 0.650000 	 0.550000 	 4.411965e-04
 0.650000 	 0.600000 	 3.309633e-04
 0.650000 	 0.650000 	 2.464809e-04
 0.650000 	 0.700000 	 1.825596e-04
 0.650000 	 0.750000 	 1.347734e-04
 0.650000 	 0.800000 	 9.932062e-05
 0.650000 	 0.850000 	 7.313818e-05
 0.650000 	 0.900000 	 5.391108e-05
 0.650000 	 0.950000 	 3.979193e-05
 0.650000 	 1.000000 	 2.943918e-05
 0.700000 	 -1.000000 	 2.378498e-05
 0.700000 	 -0.950000 	 3.176246e-05
 0.700000 	 -0.900000 	 4.247557e-05
 0.700000 	 -0.850000 	 5.682948e-05
 0.700000 	 -0.800000 	 7.604052e-05
 0.700000 	 -0.750000 	 1.015726e-04
 0.700000 	 -0.700000 	 1.353608e-04
 0.700000 	 -0.650000 	 1.796289e-04
 0.700000 	 -0.600000 	 2.369662e-04
 0.700000 	 -0.550000 	 3.102364e-04
 0.700000 	 -0.500000 	 4.019763e-04
 0.700000 	 -0.450000 	 5.142997e-04
 0.700000 	 -0.400000 	 6.482133e-04
 0.700000 	 -0.350000 	 8.027045e-04
 0.700000 	 -0.300000 	 9.735562e-04
 0.700000 	 -0.250000 	 1.152952e-03
 0.700000 	 -0.200000 	 1.330008e-03
 0.700000 	 -0.150000 	 1.490551e-03
 0.700000 	 -0.100000 	 1.620133e-03
 0.700000 	 -0.050000 	 1.704031e-03
 0.700000 	 0.000000 	 1.733147e-03
 0.700000 	 0.050000 	 1.704212e-03
 0.700000 	 0.100000 	 1.619934e-03
 0.700000 	 0.150000 	 1.490613e-03
 0.700000 	 0.200000 	 1.329930e-03
 0.700000 	 0.250000 	 1.153065e-03
 0.700000 	 0.300000 	 9.733150e-04
 0.700000 	 0.350000 	 8.027037e-04
 0.700000 	 0.400000 	 6.482748e-04
 0.700000 	 0.450000 	 5.143001e-04
 0.700000 	 0.500000 	 4.019196e-04
 0.700000 	 0.550000 	 3.102098e-04
 0.700000 	 0.600000 	 2.369956e-04
 0.700000 	 0.650000 	 1.796198e-04
 0.700000 	 0.700000 	 1.353589e-04
 0.700000 	 0.750000 	 1.015914e-04
 0.700000 	 0.800000 	 7.604974e-05
 0.700000 	 0.850000 	 5.683017e-05
 0.700000 	 0.900000 	 4.247324e-05
 0.700000 	 0.950000 	 3.175898e-05
 0.700000 	 1.000000 	 2.378222e-05
 0.750000 	 -1.000000 	 1.910739e-05
 0.750000 	 -0.950000 	 2.520671e-05
 0.750000 	 -0.900000 	 3.328547e-05
 0.750000 	 -0.850000 	 4.393955e-05
 0.750000 	 -0.800000 	 5.795887e-05
 0.750000 	 -0.750000 	 7.627967e-05
 0.750000 	 -0.700000 	 1.000506e-04
 0.750000 	 -0.650000 	 1.306109e-04
 0.750000 	 -0.600000 	 1.694173e-04
 0.750000 	 -0.550000 	 2.179535e-04
 0.750000 	 -0.500000 	 2.775104e-04
 0.750000 	 -0.450000 	 3.490330e-04
 0.750000 	 -0.400000 	 4.324264e-04
 0.750000 	 -0.350000 	 5.264659e-04
 0.750000 	 -0.300000 	 6.286914e-04
 0.750000 	 -0.250000 	 7.343381e-04
 0.750000 	 -0.200000 	 8.369668e-04
 0.750000 	 -0.150000 	 9.284661e-04
 0.750000 	 -0.100000 	 1.001431e-03
 0.750000 	 -0.050000 	 1.048529e-03
 0.750000 	 0.000000 	 1.065070e-03
 0.750000 	 0.050000 	 1.048637e-03
 0.750000 	 0.100000 	 1.001498e-03
 0.750000 	 0.150000 	 9.285613e-04
 0.750000 	 0.200000 	 8.367374e-04
 0.750000 	 0.250000 	 7.341637e-04
 0.750000 	 0.300000 	 6.287022e-04
 0.750000 	 0.350000 	 5.266239e-04
 0.750000 	 0.400000 	 4.323951e-04
 0.750000 	 0.450000 	 3.490085e-04
 0.750000 	 0.500000 	 2.775319e-04
 0.750000 	 0.550000 	 2.179541e-04
 0.750000 	 0.600000 	 1.694117e-04
 0.750000 	 0.650000 	 1.306152e-04
 0.750000 	 0.700000 	 1.000635e-04
 0.750000 	 0.750000 	 7.627862e-05
 0.750000 	 0.800000 	 5.795668e-05
 0.750000 	 0.850000 	 4.394288e-05
 0.750000 	 0.900000 	 3.328428e-05
 0.750000 	 0.950000 	 2.521365e-05
 0.750000 	 1.000000 	 1.910646e-05
 0.800000 	 -1.000000 	 1.528421e-05
 0.800000 	 -0.950000 	 1.992407e-05
 0.800000 	 -0.900000 	 2.597865e-05
 0.800000 	 -0.850000 	 3.385332e-05
 0.800000 	 -0.800000 	 4.404068e-05
 0.800000 	 -0.750000 	 5.712723e-05
 0.800000 	 -0.700000 	 7.380979e-05
 0.800000 	 -0.650000 	 9.487988e-05
 0.800000 	 -0.600000 	 1.211450e-04
 0.800000 	 -0.550000 	 1.533218e-04
 0.800000 	 -0.500000 	 1.920345e-04
 0.800000 	 -0.450000 	 2.376994e-04
 0.800000 	 -0.400000 	 2.899428e-04
 0.800000 	 -0.350000 	 3.478007e-04
 0.800000 	 -0.300000 	 4.094996e-04
 0.800000 	 -0.250000 	 4.722325e-04
 0.800000 	 -0.200000 	 5.322824e-04
 0.800000 	 -0.150000 	 5.854883e-04
 0.800000 	 -0.100000 	 6.271795e-04
 0.800000 	 -0.050000 	 6.540730e-04
 0.800000 	 0.000000 	 6.633809e-04
 0.800000 	 0.050000 	 6.541345e-04
 0.800000 	 0.100000 	 6.272265e-04
 0.800000 	 0.150000 	 5.855003e-04
 0.800000 	 0.200000 	 5.323265e-04
 0.800000 	 0.250000 	 4.722880e-04
 0.800000 	 0.300000 	 4.095436e-04
 0.800000 	 0.350000 	 3.477651e-04
 0.800000 	 0.400000 	 2.898780e-04
 0.800000 	 0.450000 	 2.377009e-04
 0.800000 	 0.500000 	 1.920678e-04
 0.800000 	 0.550000 	 1.533378e-04
 0.800000 	 0.600000 	 1.211393e-04
 0.800000 	 0.650000 	 9.489086e-05
 0.800000 	 0.700000 	 7.380830e-05
 0.800000 	 0.750000 	 5.712212e-05
 0.800000 	 0.800000 	 4.403805e-05
 0.800000 	 0.850000 	 3.385390e-05
 0.800000 	 0.900000 	 2.598291e-05
 0.800000 	 0.950000 	 1.992740e-05
 0.800000 	 1.000000 	 1.528194e-05
 0.850000 	 -1.000000 	 1.217501e-05
 0.850000 	 -0.950000 	 1.569428e-05
 0.850000 	 -0.900000 	 2.021606e-05
 0.850000 	 -0.850000 	 2.601045e-05
 0.850000 	 -0.800000 	 3.339161e-05
 0.850000 	 -0.750000 	 4.273124e-05
 0.850000 	 -0.700000 	 5.442179e-05
 0.850000 	 -0.650000 	 6.895411e-05
 0.850000 	 -0.600000 	 8.672160e-05
 0.850000 	 -0.550000 	 1.081071e-04
 0.850000 	 -0.500000 	 1.334555e-04
 0.850000 	 -0.450000 	 1.626985e-04
 0.850000 	 -0.400000 	 1.955999e-04
 0.850000 	 -0.350000 	 2.314691e-04
 0.850000 	 -0.300000 	 2.691554e-04
 0.850000 	 -0.250000 	 3.068932e-04
 0.850000 	 -0.200000 	 3.425135e-04
 0.850000 	 -0.150000 	 3.737172e-04
 0.850000 	 -0.100000 	 3.980683e-04
 0.850000 	 -0.050000 	 4.136856e-04
 0.850000 	 0.000000 	 4.189953e-04
 0.850000 	 0.050000 	 4.137348e-04
 0.850000 	 0.100000 	 3.981401e-04
 0.850000 	 0.150000 	 3.737340e-04
 0.850000 	 0.200000 	 3.424947e-04
 0.850000 	 0.250000 	 3.068762e-04
 0.850000 	 0.300000 	 2.691609e-04
 0.850000 	 0.350000 	 2.314661e-04
 0.850000 	 0.400000 	 1.956158e-04
 0.850000 	 0.450000 	 1.626688e-04
 0.850000 	 0.500000 	 1.334143e-04
 0.850000 	 0.550000 	 1.081272e-04
 0.850000 	 0.600000 	 8.672130e-05
 0.850000 	 0.650000 	 6.894192e-05
 0.850000 	 0.700000 	 5.444276e-05
 0.850000 	 0.750000 	 4.273536e-05
 0.850000 	 0.800000 	 3.338839e-05
 0.850000 	 0.850000 	 2.601115e-05
 0.850000 	 0.900000 	 2.021696e-05
 0.850000 	 0.950000 	 1.569646e-05
 0.850000 	 1.000000 	 1.217372e-05
 0.900000 	 -1.000000 	 9.673033e-06
 0.900000 	 -0.950000 	 1.233087e-05
 0.900000 	 -0.900000 	 1.570233e-05
 0.900000 	 -0.850000 	 1.995665e-05
 0.900000 	 -0.800000 	 2.529925e-05
 0.900000 	 -0.750000 	 3.194633e-05
 0.900000 	 -0.700000 	 4.015587e-05
 0.900000 	 -0.650000 	 5.017588e-05
 0.900000 	 -0.600000 	 6.223638e-05
 0.900000 	 -0.550000 	 7.651564e-05
 0.900000 	 -0.500000 	 9.313602e-05
 0.900000 	 -0.450000 	 1.119977e-04
 0.900000 	 -0.400000 	 1.329187e-04
 0.900000 	 -0.350000 	 1.553393e-04
 0.900000 	 -0.300000 	 1.785424e-04
 0.900000 	 -0.250000 	 2.015597e-04
 0.900000 	 -0.200000 	 2.229970e-04
 0.900000 	 -0.150000 	 2.415847e-04
 0.900000 	 -0.100000 	 2.560781e-04
 0.900000 	 -0.050000 	 2.652273e-04
 0.900000 	 0.000000 	 2.683496e-04
 0.900000 	 0.050000 	 2.652353e-04
 0.900000 	 0.100000 	 2.560261e-04
 0.900000 	 0.150000 	 2.416171e-04
 0.900000 	 0.200000 	 2.229989e-04
 0.900000 	 0.250000 	 2.015042e-04
 0.900000 	 0.300000 	 1.785750e-04
 0.900000 	 0.350000 	 1.553679e-04
 0.900000 	 0.400000 	 1.329098e-04
 0.900000 	 0.450000 	 1.120137e-04
 0.900000 	 0.500000 	 9.311804e-05
 0.900000 	 0.550000 	 7.651370e-05
 0.900000 	 0.600000 	 6.222576e-05
 0.900000 	 0.650000 	 5.017213e-05
 0.900000 	 0.700000 	 4.015922e-05
 0.900000 	 0.750000 	 3.195011e-05
 0.900000 	 0.800000 	 2.529840e-05
 0.900000 	 0.850000 	 1.995738e-05
 0.900000 	 0.900000 	 1.570725e-05
 0.900000 	 0.950000 	 1.233253e-05
 0.900000 	 1.000000 	 9.672861e-06
 0.950000 	 -1.000000 	 7.669962e-06
 0.950000 	 -0.950000 	 9.671307e-06
 0.950000 	 -0.900000 	 1.217941e-05
 0.950000 	 -0.850000 	 1.530417e-05
 0.950000 	 -0.800000 	 1.916102e-05
 0.950000 	 -0.750000 	 2.390744e-05
 0.950000 	 -0.700000 	 2.966580e-05
 0.950000 	 -0.650000 	 3.659269e-05
 0.950000 	 -0.600000 	 4.480182e-05
 0.950000 	 -0.550000 	 5.437823e-05
 0.950000 	 -0.500000 	 6.533667e-05
 0.950000 	 -0.450000 	 7.761427e-05
 0.950000 	 -0.400000 	 9.099757e-05
 0.950000 	 -0.350000 	 1.051864e-04
 0.950000 	 -0.300000 	 1.196590e-04
 0.950000 	 -0.250000 	 1.337971e-04
 0.950000 	 -0.200000 	 1.469379e-04
 0.950000 	 -0.150000 	 1.581796e-04
 0.950000 	 -0.100000 	 1.668610e-04
 0.950000 	 -0.050000 	 1.723210e-04
 0.950000 	 0.000000 	 1.742030e-04
 0.950000 	 0.050000 	 1.723010e-04
 0.950000 	 0.100000 	 1.668234e-04
 0.950000 	 0.150000 	 1.581663e-04
 0.950000 	 0.200000 	 1.468954e-04
 0.950000 	 0.250000 	 1.338189e-04
 0.950000 	 0.300000 	 1.196657e-04
 0.950000 	 0.350000 	 1.051890e-04
 0.950000 	 0.400000 	 9.101307e-05
 0.950000 	 0.450000 	 7.760799e-05
 0.950000 	 0.500000 	 6.532527e-05
 0.950000 	 0.550000 	 5.438400e-05
 0.950000 	 0.600000 	 4.479571e-05
 0.950000 	 0.650000 	 3.659470e-05
 0.950000 	 0.700000 	 2.966664e-05
 0.950000 	 0.750000 	 2.390346e-05
 0.950000 	 0.800000 	 1.916150e-05
 0.950000 	 0.850000 	 1.530158e-05
 0.950000 	 0.900000 	 1.217954e-05
 0.950000 	 0.950000 	 9.669795e-06
 0.950000 	 1.000000 	 7.669375e-06
 1.000000 	 -1.000000 	 6.073063e-06
 1.000000 	 -0.950000 	 7.578669e-06
 1.000000 	 -0.900000 	 9.443139e-06
 1.000000 	 -0.850000 	 1.173338e-05
 1.000000 	 -0.800000 	 1.452643e-05
 1.000000 	 -0.750000 	 1.790807e-05
 1.000000 	 -0.700000 	 2.196367e-05
 1.000000 	 -0.650000 	 2.676659e-05
 1.000000 	 -0.600000 	 3.238269e-05
 1.000000 	 -0.550000 	 3.882630e-05
 1.000000 	 -0.500000 	 4.610835e-05
 1.000000 	 -0.450000 	 5.414628e-05
 1.000000 	 -0.400000 	 6.280413e-05
 1.000000 	 -0.350000 	 7.185870e-05
 1.000000 	 -0.300000 	 8.099072e-05
 1.000000 	 -0.250000 	 8.982531e-05
 1.000000 	 -0.200000 	 9.792654e-05
 1.000000 	 -0.150000 	 1.048369e-04
 1.000000 	 -0.100000 	 1.101323e-04
 1.000000 	 -0.050000 	 1.134655e-04
 1.000000 	 0.000000 	 1.145882e-04
 1.000000 	 0.050000 	 1.134434e-04
 1.000000 	 0.100000 	 1.101261e-04
 1.000000 	 0.150000 	 1.048262e-04
 1.000000 	 0.200000 	 9.790685e-05
 1.000000 	 0.250000 	 8.981870e-05
 1.000000 	 0.300000 	 8.098911e-05
 1.000000 	 0.350000 	 7.186200e-05
 1.000000 	 0.400000 	 6.281066e-05
 1.000000 	 0.450000 	 5.414411e-05
 1.000000 	 0.500000 	 4.611017e-05
 1.000000 	 0.550000 	 3.882693e-05
 1.000000 	 0.600000 	 3.237923e-05
 1.000000 	 0.650000 	 2.676620e-05
 1.000000 	 0.700000 	 2.196340e-05
 1.000000 	 0.750000 	 1.790865e-05
 1.000000 	 0.800000 	 1.452868e-05
 1.000000 	 0.850000 	 1.173241e-05
 1.000000 	 0.900000 	 9.442894e-06
 1.000000 	 0.950000 	 7.579454e-06
 1.000000 	 1.000000 	 6.072135e-06
