 -1.000000 	 -1.000000 	 1.197359e-07
 -1.000000 	 -0.950000 	 1.539848e-07
 -1.000000 	 -0.900000 	 1.974036e-07
 -1.000000 	 -0.850000 	 2.526503e-07
 -1.000000 	 -0.800000 	 3.219100e-07
 -1.000000 	 -0.750000 	 4.081969e-07
 -1.000000 	 -0.700000 	 5.149528e-07
 -1.000000 	 -0.650000 	 6.446219e-07
 -1.000000 	 -0.600000 	 8.005046e-07
 -1.000000 	 -0.550000 	 9.843722e-07
 -1.000000 	 -0.500000 	 1.197449e-06
 -1.000000 	 -0.450000 	 1.438297e-06
 -1.000000 	 -0.400000 	 1.704166e-06
 -1.000000 	 -0.350000 	 1.987819e-06
 -1.000000 	 -0.300000 	 2.278616e-06
 -1.000000 	 -0.250000 	 2.565548e-06
 -1.000000 	 -0.200000 	 2.831614e-06
 -1.000000 	 -0.150000 	 3.064370e-06
 -1.000000 	 -0.100000 	 3.240822e-06
 -1.000000 	 -0.050000 	 3.352625e-06
 -1.000000 	 0.000000 	 3.392177e-06
 -1.000000 	 0.050000 	 3.352328e-06
 -1.000000 	 0.100000 	 3.240940e-06
 -1.000000 	 0.150000 	 3.062504e-06
 -1.000000 	 0.200000 	 2.832058e-06
 -1.000000 	 0.250000 	 2.565779e-06
 -1.000000 	 0.300000 	 2.278247e-06
 -1.000000 	 0.350000 	 1.987723e-06
 -1.000000 	 0.400000 	 1.704241e-06
 -1.000000 	 0.450000 	 1.438664e-06
 -1.000000 	 0.500000 	 1.197829e-06
 -1.000000 	 0.550000 	 9.846041e-07
 -1.000000 	 0.600000 	 8.005503e-07
 -1.000000 	 0.650000 	 6.445540e-07
 -1.000000 	 0.700000 	 5.149901e-07
 -1.000000 	 0.750000 	 4.082657e-07
 -1.000000 	 0.800000 	 3.218931e-07
 -1.000000 	 0.850000 	 2.525861e-07
 -1.000000 	 0.900000 	 1.974695e-07
 -1.000000 	 0.950000 	 1.540308e-07
 -1.000000 	 1.000000 	 1.198238e-07
 -0.950000 	 -1.000000 	 1.489634e-07
 -0.950000 	 -0.950000 	 1.938644e-07
 -0.950000 	 -0.900000 	 2.519458e-07
 -0.950000 	 -0.850000 	 3.266374e-07
 -0.950000 	 -0.800000 	 4.217481e-07
 -0.950000 	 -0.750000 	 5.425431e-07
 -0.950000 	 -0.700000 	 6.942495e-07
 -0.950000 	 -0.650000 	 8.815991e-07
 -0.950000 	 -0.600000 	 1.110720e-06
 -0.950000 	 -0.550000 	 1.386239e-06
 -0.950000 	 -0.500000 	 1.710591e-06
 -0.950000 	 -0.450000 	 2.083117e-06
 -0.950000 	 -0.400000 	 2.499665e-06
 -0.950000 	 -0.350000 	 2.953333e-06
 -0.950000 	 -0.300000 	 3.424836e-06
 -0.950000 	 -0.250000 	 3.894482e-06
 -0.950000 	 -0.200000 	 4.335653e-06
 -0.950000 	 -0.150000 	 4.722280e-06
 -0.950000 	 -0.100000 	 5.023780e-06
 -0.950000 	 -0.050000 	 5.213930e-06
 -0.950000 	 0.000000 	 5.277122e-06
 -0.950000 	 0.050000 	 5.211433e-06
 -0.950000 	 0.100000 	 5.022743e-06
 -0.950000 	 0.150000 	 4.722156e-06
 -0.950000 	 0.200000 	 4.337602e-06
 -0.950000 	 0.250000 	 3.894078e-06
 -0.950000 	 0.300000 	 3.425811e-06
 -0.950000 	 0.350000 	 2.952494e-06
 -0.950000 	 0.400000 	 2.500733e-06
 -0.950000 	 0.450000 	 2.083626e-06
 -0.950000 	 0.500000 	 1.709998e-06
 -0.950000 	 0.550000 	 1.386624e-06
 -0.950000 	 0.600000 	 1.110978e-06
 -0.950000 	 0.650000 	 8.813438e-07
 -0.950000 	 0.700000 	 6.942985e-07
 -0.950000 	 0.750000 	 5.427325e-07
 -0.950000 	 0.800000 	 4.218507e-07
 -0.950000 	 0.850000 	 3.265759e-07
 -0.950000 	 0.900000 	 2.519046e-07
 -0.950000 	 0.950000 	 1.939306e-07
 -0.950000 	 1.000000 	 1.490066e-07
 -0.900000 	 -1.000000 	 1.845842e-07
 -0.900000 	 -0.950000 	 2.432951e-07
 -0.900000 	 -0.900000 	 3.204420e-07
 -0.900000 	 -0.850000 	 4.211085e-07
 -0.900000 	 -0.800000 	 5.520387e-07
 -0.900000 	 -0.750000 	 7.209158e-07
 -0.900000 	 -0.700000 	 9.363296e-07
 -0.900000 	 -0.650000 	 1.207973e-06
 -0.900000 	 -0.600000 	 1.547072e-06
 -0.900000 	 -0.550000 	 1.960514e-06
 -0.900000 	 -0.500000 	 2.457919e-06
 -0.900000 	 -0.450000 	 3.040262e-06
 -0.900000 	 -0.400000 	 3.700989e-06
 -0.900000 	 -0.350000 	 4.432369e-06
 -0.900000 	 -0.300000 	 5.206494e-06
 -0.900000 	 -0.250000 	 5.987584e-06
 -0.900000 	 -0.200000 	 6.730582e-06
 -0.900000 	 -0.150000 	 7.388674e-06
 -0.900000 	 -0.100000 	 7.904725e-06
 -0.900000 	 -0.050000 	 8.232802e-06
 -0.900000 	 0.000000 	 8.344909e-06
 -0.900000 	 0.050000 	 8.230259e-06
 -0.900000 	 0.100000 	 7.905229e-06
 -0.900000 	 0.150000 	 7.386559e-06
 -0.900000 	 0.200000 	 6.733085e-06
 -0.900000 	 0.250000 	 5.987296e-06
 -0.900000 	 0.300000 	 5.205277e-06
 -0.900000 	 0.350000 	 4.431546e-06
 -0.900000 	 0.400000 	 3.702256e-06
 -0.900000 	 0.450000 	 3.039394e-06
 -0.900000 	 0.500000 	 2.457554e-06
 -0.900000 	 0.550000 	 1.960559e-06
 -0.900000 	 0.600000 	 1.546874e-06
 -0.900000 	 0.650000 	 1.207804e-06
 -0.900000 	 0.700000 	 9.362731e-07
 -0.900000 	 0.750000 	 7.212273e-07
 -0.900000 	 0.800000 	 5.521691e-07
 -0.900000 	 0.850000 	 4.211162e-07
 -0.900000 	 0.900000 	 3.204814e-07
 -0.900000 	 0.950000 	 2.433236e-07
 -0.900000 	 1.000000 	 1.845804e-07
 -0.850000 	 -1.000000 	 2.274663e-07
 -0.850000 	 -0.950000 	 3.039990e-07
 -0.850000 	 -0.900000 	 4.059810e-07
 -0.850000 	 -0.850000 	 5.419301e-07
 -0.850000 	 -0.800000 	 7.211771e-07
 -0.850000 	 -0.750000 	 9.568320e-07
 -0.850000 	 -0.700000 	 1.263560e-06
 -0.850000 	 -0.650000 	 1.657506e-06
 -0.850000 	 -0.600000 	 2.158623e-06
 -0.850000 	 -0.550000 	 2.785051e-06
 -0.850000 	 -0.500000 	 3.549333e-06
 -0.850000 	 -0.450000 	 4.463532e-06
 -0.850000 	 -0.400000 	 5.526995e-06
 -0.850000 	 -0.350000 	 6.719214e-06
 -0.850000 	 -0.300000 	 8.004182e-06
 -0.850000 	 -0.250000 	 9.328684e-06
 -0.850000 	 -0.200000 	 1.060284e-05
 -0.850000 	 -0.150000 	 1.173837e-05
 -0.850000 	 -0.100000 	 1.263843e-05
 -0.850000 	 -0.050000 	 1.321920e-05
 -0.850000 	 0.000000 	 1.341997e-05
 -0.850000 	 0.050000 	 1.322446e-05
 -0.850000 	 0.100000 	 1.263971e-05
 -0.850000 	 0.150000 	 1.173864e-05
 -0.850000 	 0.200000 	 1.059991e-05
 -0.850000 	 0.250000 	 9.324591e-06
 -0.850000 	 0.300000 	 8.006305e-06
 -0.850000 	 0.350000 	 6.719422e-06
 -0.850000 	 0.400000 	 5.524592e-06
 -0.850000 	 0.450000 	 4.464098e-06
 -0.850000 	 0.500000 	 3.550580e-06
 -0.850000 	 0.550000 	 2.785248e-06
 -0.850000 	 0.600000 	 2.159470e-06
 -0.850000 	 0.650000 	 1.658089e-06
 -0.850000 	 0.700000 	 1.263580e-06
 -0.850000 	 0.750000 	 9.571538e-07
 -0.850000 	 0.800000 	 7.214690e-07
 -0.850000 	 0.850000 	 5.417673e-07
 -0.850000 	 0.900000 	 4.060889e-07
 -0.850000 	 0.950000 	 3.039851e-07
 -0.850000 	 1.000000 	 2.274376e-07
 -0.800000 	 -1.000000 	 2.785253e-07
 -0.800000 	 -0.950000 	 3.775326e-07
 -0.800000 	 -0.900000 	 5.119071e-07
 -0.800000 	 -0.850000 	 6.939503e-07
 -0.800000 	 -0.800000 	 9.385165e-07
 -0.800000 	 -0.750000 	 1.266742e-06
 -0.800000 	 -0.700000 	 1.702909e-06
 -0.800000 	 -0.650000 	 2.274126e-06
 -0.800000 	 -0.600000 	 3.017956e-06
 -0.800000 	 -0.550000 	 3.962935e-06
 -0.800000 	 -0.500000 	 5.152327e-06
 -0.800000 	 -0.450000 	 6.601435e-06
 -0.800000 	 -0.400000 	 8.320328e-06
 -0.800000 	 -0.350000 	 1.029372e-05
 -0.800000 	 -0.300000 	 1.246045e-05
 -0.800000 	 -0.250000 	 1.472145e-05
 -0.800000 	 -0.200000 	 1.694495e-05
 -0.800000 	 -0.150000 	 1.894497e-05
 -0.800000 	 -0.100000 	 2.055945e-05
 -0.800000 	 -0.050000 	 2.159842e-05
 -0.800000 	 0.000000 	 2.196452e-05
 -0.800000 	 0.050000 	 2.161101e-05
 -0.800000 	 0.100000 	 2.055944e-05
 -0.800000 	 0.150000 	 1.894994e-05
 -0.800000 	 0.200000 	 1.694488e-05
 -0.800000 	 0.250000 	 1.472548e-05
 -0.800000 	 0.300000 	 1.245732e-05
 -0.800000 	 0.350000 	 1.029369e-05
 -0.800000 	 0.400000 	 8.320344e-06
 -0.800000 	 0.450000 	 6.597710e-06
 -0.800000 	 0.500000 	 5.153411e-06
 -0.800000 	 0.550000 	 3.966290e-06
 -0.800000 	 0.600000 	 3.019218e-06
 -0.800000 	 0.650000 	 2.275458e-06
 -0.800000 	 0.700000 	 1.703005e-06
 -0.800000 	 0.750000 	 1.266848e-06
 -0.800000 	 0.800000 	 9.387938e-07
 -0.800000 	 0.850000 	 6.938857e-07
 -0.800000 	 0.900000 	 5.119172e-07
 -0.800000 	 0.950000 	 3.774556e-07
 -0.800000 	 1.000000 	 2.785539e-07
 -0.750000 	 -1.000000 	 3.383362e-07
 -0.750000 	 -0.950000 	 4.656304e-07
 -0.750000 	 -0.900000 	 6.413408e-07
 -0.750000 	 -0.850000 	 8.835763e-07
 -0.750000 	 -0.800000 	 1.216154e-06
 -0.750000 	 -0.750000 	 1.672255e-06
 -0.750000 	 -0.700000 	 2.288674e-06
 -0.750000 	 -0.650000 	 3.118124e-06
 -0.750000 	 -0.600000 	 4.221411e-06
 -0.750000 	 -0.550000 	 5.659757e-06
 -0.750000 	 -0.500000 	 7.507277e-06
 -0.750000 	 -0.450000 	 9.815184e-06
 -0.750000 	 -0.400000 	 1.262522e-05
 -0.750000 	 -0.350000 	 1.591511e-05
 -0.750000 	 -0.300000 	 1.961544e-05
 -0.750000 	 -0.250000 	 2.356541e-05
 -0.750000 	 -0.200000 	 2.750358e-05
 -0.750000 	 -0.150000 	 3.112260e-05
 -0.750000 	 -0.100000 	 3.405065e-05
 -0.750000 	 -0.050000 	 3.596219e-05
 -0.750000 	 0.000000 	 3.661262e-05
 -0.750000 	 0.050000 	 3.596725e-05
 -0.750000 	 0.100000 	 3.404864e-05
 -0.750000 	 0.150000 	 3.112019e-05
 -0.750000 	 0.200000 	 2.750527e-05
 -0.750000 	 0.250000 	 2.356111e-05
 -0.750000 	 0.300000 	 1.961904e-05
 -0.750000 	 0.350000 	 1.591640e-05
 -0.750000 	 0.400000 	 1.262544e-05
 -0.750000 	 0.450000 	 9.813433e-06
 -0.750000 	 0.500000 	 7.506942e-06
 -0.750000 	 0.550000 	 5.660223e-06
 -0.750000 	 0.600000 	 4.218501e-06
 -0.750000 	 0.650000 	 3.118837e-06
 -0.750000 	 0.700000 	 2.289136e-06
 -0.750000 	 0.750000 	 1.670524e-06
 -0.750000 	 0.800000 	 1.216190e-06
 -0.750000 	 0.850000 	 8.829873e-07
 -0.750000 	 0.900000 	 6.408339e-07
 -0.750000 	 0.950000 	 4.656608e-07
 -0.750000 	 1.000000 	 3.387006e-07
 -0.700000 	 -1.000000 	 4.077266e-07
 -0.700000 	 -0.950000 	 5.695534e-07
 -0.700000 	 -0.900000 	 7.965463e-07
 -0.700000 	 -0.850000 	 1.116875e-06
 -0.700000 	 -0.800000 	 1.566601e-06
 -0.700000 	 -0.750000 	 2.193229e-06
 -0.700000 	 -0.700000 	 3.064601e-06
 -0.700000 	 -0.650000 	 4.264192e-06
 -0.700000 	 -0.600000 	 5.894800e-06
 -0.700000 	 -0.550000 	 8.086303e-06
 -0.700000 	 -0.500000 	 1.096645e-05
 -0.700000 	 -0.450000 	 1.466886e-05
 -0.700000 	 -0.400000 	 1.928139e-05
 -0.700000 	 -0.350000 	 2.484313e-05
 -0.700000 	 -0.300000 	 3.125293e-05
 -0.700000 	 -0.250000 	 3.822167e-05
 -0.700000 	 -0.200000 	 4.534978e-05
 -0.700000 	 -0.150000 	 5.197028e-05
 -0.700000 	 -0.100000 	 5.740637e-05
 -0.700000 	 -0.050000 	 6.102899e-05
 -0.700000 	 0.000000 	 6.229097e-05
 -0.700000 	 0.050000 	 6.101039e-05
 -0.700000 	 0.100000 	 5.743416e-05
 -0.700000 	 0.150000 	 5.198402e-05
 -0.700000 	 0.200000 	 4.536548e-05
 -0.700000 	 0.250000 	 3.822764e-05
 -0.700000 	 0.300000 	 3.124542e-05
 -0.700000 	 0.350000 	 2.483567e-05
 -0.700000 	 0.400000 	 1.928616e-05
 -0.700000 	 0.450000 	 1.467316e-05
 -0.700000 	 0.500000 	 1.096780e-05
 -0.700000 	 0.550000 	 8.085763e-06
 -0.700000 	 0.600000 	 5.900296e-06
 -0.700000 	 0.650000 	 4.265275e-06
 -0.700000 	 0.700000 	 3.062844e-06
 -0.700000 	 0.750000 	 2.193599e-06
 -0.700000 	 0.800000 	 1.565917e-06
 -0.700000 	 0.850000 	 1.116964e-06
 -0.700000 	 0.900000 	 7.967818e-07
 -0.700000 	 0.950000 	 5.694588e-07
 -0.700000 	 1.000000 	 4.076769e-07
 -0.650000 	 -1.000000 	 4.857042e-07
 -0.650000 	 -0.950000 	 6.892614e-07
 -0.650000 	 -0.900000 	 9.806510e-07
 -0.650000 	 -0.850000 	 1.399272e-06
 -0.650000 	 -0.800000 	 1.999722e-06
 -0.650000 	 -0.750000 	 2.856711e-06
 -0.650000 	 -0.700000 	 4.078263e-06
 -0.650000 	 -0.650000 	 5.803986e-06
 -0.650000 	 -0.600000 	 8.213601e-06
 -0.650000 	 -0.550000 	 1.154006e-05
 -0.650000 	 -0.500000 	 1.604451e-05
 -0.650000 	 -0.450000 	 2.199029e-05
 -0.650000 	 -0.400000 	 2.964014e-05
 -0.650000 	 -0.350000 	 3.909758e-05
 -0.650000 	 -0.300000 	 5.030712e-05
 -0.650000 	 -0.250000 	 6.283952e-05
 -0.650000 	 -0.200000 	 7.594036e-05
 -0.650000 	 -0.150000 	 8.834196e-05
 -0.650000 	 -0.100000 	 9.871580e-05
 -0.650000 	 -0.050000 	 1.056088e-04
 -0.650000 	 0.000000 	 1.080290e-04
 -0.650000 	 0.050000 	 1.056551e-04
 -0.650000 	 0.100000 	 9.874686e-05
 -0.650000 	 0.150000 	 8.833677e-05
 -0.650000 	 0.200000 	 7.590149e-05
 -0.650000 	 0.250000 	 6.283213e-05
 -0.650000 	 0.300000 	 5.029858e-05
 -0.650000 	 0.350000 	 3.909874e-05
 -0.650000 	 0.400000 	 2.963733e-05
 -0.650000 	 0.450000 	 2.198656e-05
 -0.650000 	 0.500000 	 1.604629e-05
 -0.650000 	 0.550000 	 1.153648e-05
 -0.650000 	 0.600000 	 8.214091e-06
 -0.650000 	 0.650000 	 5.803841e-06
 -0.650000 	 0.700000 	 4.078084e-06
 -0.650000 	 0.750000 	 2.858051e-06
 -0.650000 	 0.800000 	 1.998734e-06
 -0.650000 	 0.850000 	 1.398493e-06
 -0.650000 	 0.900000 	 9.798642e-07
 -0.650000 	 0.950000 	 6.886961e-07
 -0.650000 	 1.000000 	 4.862001e-07
 -0.600000 	 -1.000000 	 5.719114e-07
 -0.600000 	 -0.950000 	 8.240296e-07
 -0.600000 	 -0.900000 	 1.192737e-06
 -0.600000 	 -0.850000 	 1.733245e-06
 -0.600000 	 -0.800000 	 2.524612e-06
 -0.600000 	 -0.750000 	 3.686617e-06
 -0.600000 	 -0.700000 	 5.380683e-06
 -0.600000 	 -0.650000 	 7.843078e-06
 -0.600000 	 -0.600000 	 1.138872e-05
 -0.600000 	 -0.550000 	 1.640942e-05
 -0.600000 	 -0.500000 	 2.343548e-05
 -0.600000 	 -0.450000 	 3.303906e-05
 -0.600000 	 -0.400000 	 4.574083e-05
 -0.600000 	 -0.350000 	 6.197297e-05
 -0.600000 	 -0.300000 	 8.179945e-05
 -0.600000 	 -0.250000 	 1.046184e-04
 -0.600000 	 -0.200000 	 1.289892e-04
 -0.600000 	 -0.150000 	 1.528068e-04
 -0.600000 	 -0.100000 	 1.729326e-04
 -0.600000 	 -0.050000 	 1.866264e-04
 -0.600000 	 0.000000 	 1.913713e-04
 -0.600000 	 0.050000 	 1.866127e-04
 -0.600000 	 0.100000 	 1.730042e-04
 -0.600000 	 0.150000 	 1.528038e-04
 -0.600000 	 0.200000 	 1.290264e-04
 -0.600000 	 0.250000 	 1.046153e-04
 -0.600000 	 0.300000 	 8.176704e-05
 -0.600000 	 0.350000 	 6.196475e-05
 -0.600000 	 0.400000 	 4.571893e-05
 -0.600000 	 0.450000 	 3.301903e-05
 -0.600000 	 0.500000 	 2.343680e-05
 -0.600000 	 0.550000 	 1.641050e-05
 -0.600000 	 0.600000 	 1.139326e-05
 -0.600000 	 0.650000 	 7.843495e-06
 -0.600000 	 0.700000 	 5.385060e-06
 -0.600000 	 0.750000 	 3.684499e-06
 -0.600000 	 0.800000 	 2.524766e-06
 -0.600000 	 0.850000 	 1.733324e-06
 -0.600000 	 0.900000 	 1.193081e-06
 -0.600000 	 0.950000 	 8.233234e-07
 -0.600000 	 1.000000 	 5.721478e-07
 -0.550000 	 -1.000000 	 6.637873e-07
 -0.550000 	 -0.950000 	 9.711962e-07
 -0.550000 	 -0.900000 	 1.429470e-06
 -0.550000 	 -0.850000 	 2.117841e-06
 -0.550000 	 -0.800000 	 3.149666e-06
 -0.550000 	 -0.750000 	 4.700007e-06
 -0.550000 	 -0.700000 	 7.026124e-06
 -0.550000 	 -0.650000 	 1.049862e-05
 -0.550000 	 -0.600000 	 1.565167e-05
 -0.550000 	 -0.550000 	 2.319828e-05
 -0.550000 	 -0.500000 	 3.411242e-05
 -0.550000 	 -0.450000 	 4.952383e-05
 -0.550000 	 -0.400000 	 7.067840e-05
 -0.550000 	 -0.350000 	 9.862825e-05
 -0.550000 	 -0.300000 	 1.340056e-04
 -0.550000 	 -0.250000 	 1.759520e-04
 -0.550000 	 -0.200000 	 2.223340e-04
 -0.550000 	 -0.150000 	 2.685760e-04
 -0.550000 	 -0.100000 	 3.085690e-04
 -0.550000 	 -0.050000 	 3.359958e-04
 -0.550000 	 0.000000 	 3.456193e-04
 -0.550000 	 0.050000 	 3.359210e-04
 -0.550000 	 0.100000 	 3.086569e-04
 -0.550000 	 0.150000 	 2.685927e-04
 -0.550000 	 0.200000 	 2.223788e-04
 -0.550000 	 0.250000 	 1.760487e-04
 -0.550000 	 0.300000 	 1.340579e-04
 -0.550000 	 0.350000 	 9.868104e-05
 -0.550000 	 0.400000 	 7.067211e-05
 -0.550000 	 0.450000 	 4.951323e-05
 -0.550000 	 0.500000 	 3.411084e-05
 -0.550000 	 0.550000 	 2.320078e-05
 -0.550000 	 0.600000 	 1.564340e-05
 -0.550000 	 0.650000 	 1.049700e-05
 -0.550000 	 0.700000 	 7.027210e-06
 -0.550000 	 0.750000 	 4.701996e-06
 -0.550000 	 0.800000 	 3.149827e-06
 -0.550000 	 0.850000 	 2.118233e-06
 -0.550000 	 0.900000 	 1.430613e-06
 -0.550000 	 0.950000 	 9.713163e-07
 -0.550000 	 1.000000 	 6.632664e-07
 -0.500000 	 -1.000000 	 7.575079e-07
 -0.500000 	 -0.950000 	 1.126567e-06
 -0.500000 	 -0.900000 	 1.687231e-06
 -0.500000 	 -0.850000 	 2.547113e-06
 -0.500000 	 -0.800000 	 3.867770e-06
 -0.500000 	 -0.750000 	 5.903606e-06
 -0.500000 	 -0.700000 	 9.045670e-06
 -0.500000 	 -0.650000 	 1.386916e-05
 -0.500000 	 -0.600000 	 2.126882e-05
 -0.500000 	 -0.550000 	 3.250067e-05
 -0.500000 	 -0.500000 	 4.929623e-05
 -0.500000 	 -0.450000 	 7.390930e-05
 -0.500000 	 -0.400000 	 1.090325e-04
 -0.500000 	 -0.350000 	 1.573045e-04
 -0.500000 	 -0.300000 	 2.205743e-04
 -0.500000 	 -0.250000 	 2.986442e-04
 -0.500000 	 -0.200000 	 3.873275e-04
 -0.500000 	 -0.150000 	 4.784797e-04
 -0.500000 	 -0.100000 	 5.593485e-04
 -0.500000 	 -0.050000 	 6.154954e-04
 -0.500000 	 0.000000 	 6.358311e-04
 -0.500000 	 0.050000 	 6.156089e-04
 -0.500000 	 0.100000 	 5.594378e-04
 -0.500000 	 0.150000 	 4.787424e-04
 -0.500000 	 0.200000 	 3.874703e-04
 -0.500000 	 0.250000 	 2.986245e-04
 -0.500000 	 0.300000 	 2.206101e-04
 -0.500000 	 0.350000 	 1.573265e-04
 -0.500000 	 0.400000 	 1.090014e-04
 -0.500000 	 0.450000 	 7.391117e-05
 -0.500000 	 0.500000 	 4.929611e-05
 -0.500000 	 0.550000 	 3.249553e-05
 -0.500000 	 0.600000 	 2.127221e-05
 -0.500000 	 0.650000 	 1.387594e-05
 -0.500000 	 0.700000 	 9.039863e-06
 -0.500000 	 0.750000 	 5.908014e-06
 -0.500000 	 0.800000 	 3.869310e-06
 -0.500000 	 0.850000 	 2.548146e-06
 -0.500000 	 0.900000 	 1.688350e-06
 -0.500000 	 0.950000 	 1.126346e-06
 -0.500000 	 1.000000 	 7.573265e-07
 -0.450000 	 -1.000000 	 8.484513e-07
 -0.450000 	 -0.950000 	 1.281648e-06
 -0.450000 	 -0.900000 	 1.955982e-06
 -0.450000 	 -0.850000 	 3.006853e-06
 -0.450000 	 -0.800000 	 4.661749e-06
 -0.450000 	 -0.750000 	 7.285284e-06
 -0.450000 	 -0.700000 	 1.144059e-05
 -0.450000 	 -0.650000 	 1.803852e-05
 -0.450000 	 -0.600000 	 2.848942e-05
 -0.450000 	 -0.550000 	 4.489071e-05
 -0.450000 	 -0.500000 	 7.041583e-05
 -0.450000 	 -0.450000 	 1.093525e-04
 -0.450000 	 -0.400000 	 1.670927e-04
 -0.450000 	 -0.350000 	 2.500415e-04
 -0.450000 	 -0.300000 	 3.631378e-04
 -0.450000 	 -0.250000 	 5.084849e-04
 -0.450000 	 -0.200000 	 6.798701e-04
 -0.450000 	 -0.150000 	 8.616426e-04
 -0.450000 	 -0.100000 	 1.026705e-03
 -0.450000 	 -0.050000 	 1.143702e-03
 -0.450000 	 0.000000 	 1.185641e-03
 -0.450000 	 0.050000 	 1.143409e-03
 -0.450000 	 0.100000 	 1.027146e-03
 -0.450000 	 0.150000 	 8.617462e-04
 -0.450000 	 0.200000 	 6.800127e-04
 -0.450000 	 0.250000 	 5.082492e-04
 -0.450000 	 0.300000 	 3.631272e-04
 -0.450000 	 0.350000 	 2.500788e-04
 -0.450000 	 0.400000 	 1.671126e-04
 -0.450000 	 0.450000 	 1.093229e-04
 -0.450000 	 0.500000 	 7.037391e-05
 -0.450000 	 0.550000 	 4.489986e-05
 -0.450000 	 0.600000 	 2.847093e-05
 -0.450000 	 0.650000 	 1.802583e-05
 -0.450000 	 0.700000 	 1.143870e-05
 -0.450000 	 0.750000 	 7.284044e-06
 -0.450000 	 0.800000 	 4.665334e-06
 -0.450000 	 0.850000 	 3.006876e-06
 -0.450000 	 0.900000 	 1.954109e-06
 -0.450000 	 0.950000 	 1.281820e-06
 -0.450000 	 1.000000 	 8.485585e-07
 -0.400000 	 -1.000000 	 9.322879e-07
 -0.400000 	 -0.950000 	 1.429788e-06
 -0.400000 	 -0.900000 	 2.215550e-06
 -0.400000 	 -0.850000 	 3.471721e-06
 -0.400000 	 -0.800000 	 5.500940e-06
 -0.400000 	 -0.750000 	 8.784923e-06
 -0.400000 	 -0.700000 	 1.415661e-05
 -0.400000 	 -0.650000 	 2.294673e-05
 -0.400000 	 -0.600000 	 3.735273e-05
 -0.400000 	 -0.550000 	 6.089584e-05
 -0.400000 	 -0.500000 	 9.880334e-05
 -0.400000 	 -0.450000 	 1.593276e-04
 -0.400000 	 -0.400000 	 2.531513e-04
 -0.400000 	 -0.350000 	 3.937305e-04
 -0.400000 	 -0.300000 	 5.944413e-04
 -0.400000 	 -0.250000 	 8.635565e-04
 -0.400000 	 -0.200000 	 1.194202e-03
 -0.400000 	 -0.150000 	 1.556283e-03
 -0.400000 	 -0.100000 	 1.895433e-03
 -0.400000 	 -0.050000 	 2.140101e-03
 -0.400000 	 0.000000 	 2.229263e-03
 -0.400000 	 0.050000 	 2.140405e-03
 -0.400000 	 0.100000 	 1.894941e-03
 -0.400000 	 0.150000 	 1.556196e-03
 -0.400000 	 0.200000 	 1.193924e-03
 -0.400000 	 0.250000 	 8.630224e-04
 -0.400000 	 0.300000 	 5.943614e-04
 -0.400000 	 0.350000 	 3.937926e-04
 -0.400000 	 0.400000 	 2.530670e-04
 -0.400000 	 0.450000 	 1.592362e-04
 -0.400000 	 0.500000 	 9.883803e-05
 -0.400000 	 0.550000 	 6.086602e-05
 -0.400000 	 0.600000 	 3.736903e-05
 -0.400000 	 0.650000 	 2.292757e-05
 -0.400000 	 0.700000 	 1.416314e-05
 -0.400000 	 0.750000 	 8.788765e-06
 -0.400000 	 0.800000 	 5.501199e-06
 -0.400000 	 0.850000 	 3.474556e-06
 -0.400000 	 0.900000 	 2.217940e-06
 -0.400000 	 0.950000 	 1.429727e-06
 -0.400000 	 1.000000 	 9.327718e-07
 -0.350000 	 -1.000000 	 1.001482e-06
 -0.350000 	 -0.950000 	 1.556912e-06
 -0.350000 	 -0.900000 	 2.454184e-06
 -0.350000 	 -0.850000 	 3.915132e-06
 -0.350000 	 -0.800000 	 6.326941e-06
 -0.350000 	 -0.750000 	 1.033502e-05
 -0.350000 	 -0.700000 	 1.706174e-05
 -0.350000 	 -0.650000 	 2.846498e-05
 -0.350000 	 -0.600000 	 4.775631e-05
 -0.350000 	 -0.550000 	 8.044387e-05
 -0.350000 	 -0.500000 	 1.354788e-04
 -0.350000 	 -0.450000 	 2.268465e-04
 -0.350000 	 -0.400000 	 3.757054e-04
 -0.350000 	 -0.350000 	 6.091988e-04
 -0.350000 	 -0.300000 	 9.591842e-04
 -0.350000 	 -0.250000 	 1.450729e-03
 -0.350000 	 -0.200000 	 2.078231e-03
 -0.350000 	 -0.150000 	 2.792323e-03
 -0.350000 	 -0.100000 	 3.481547e-03
 -0.350000 	 -0.050000 	 3.986927e-03
 -0.350000 	 0.000000 	 4.173952e-03
 -0.350000 	 0.050000 	 3.987739e-03
 -0.350000 	 0.100000 	 3.481441e-03
 -0.350000 	 0.150000 	 2.793378e-03
 -0.350000 	 0.200000 	 2.077996e-03
 -0.350000 	 0.250000 	 1.449418e-03
 -0.350000 	 0.300000 	 9.594360e-04
 -0.350000 	 0.350000 	 6.093140e-04
 -0.350000 	 0.400000 	 3.755589e-04
 -0.350000 	 0.450000 	 2.269950e-04
 -0.350000 	 0.500000 	 1.355019e-04
 -0.350000 	 0.550000 	 8.043381e-05
 -0.350000 	 0.600000 	 4.775846e-05
 -0.350000 	 0.650000 	 2.846676e-05
 -0.350000 	 0.700000 	 1.706889e-05
 -0.350000 	 0.750000 	 1.033759e-05
 -0.350000 	 0.800000 	 6.326457e-06
 -0.350000 	 0.850000 	 3.913169e-06
 -0.350000 	 0.900000 	 2.451903e-06
 -0.350000 	 0.950000 	 1.558168e-06
 -0.350000 	 1.000000 	 1.001745e-06
 -0.300000 	 -1.000000 	 1.049613e-06
 -0.300000 	 -0.950000 	 1.654424e-06
 -0.300000 	 -0.900000 	 2.646096e-06
 -0.300000 	 -0.850000 	 4.293682e-06
 -0.300000 	 -0.800000 	 7.065152e-06
 -0.300000 	 -0.750000 	 1.180358e-05
 -0.300000 	 -0.700000 	 1.997198e-05
 -0.300000 	 -0.650000 	 3.423444e-05
 -0.300000 	 -0.600000 	 5.916849e-05
 -0.300000 	 -0.550000 	 1.030462e-04
 -0.300000 	 -0.500000 	 1.799358e-04
 -0.300000 	 -0.450000 	 3.135687e-04
 -0.300000 	 -0.400000 	 5.411745e-04
 -0.300000 	 -0.350000 	 9.168751e-04
 -0.300000 	 -0.300000 	 1.507736e-03
 -0.300000 	 -0.250000 	 2.377907e-03
 -0.300000 	 -0.200000 	 3.541175e-03
 -0.300000 	 -0.150000 	 4.910723e-03
 -0.300000 	 -0.100000 	 6.261009e-03
 -0.300000 	 -0.050000 	 7.269902e-03
 -0.300000 	 0.000000 	 7.648043e-03
 -0.300000 	 0.050000 	 7.270080e-03
 -0.300000 	 0.100000 	 6.261498e-03
 -0.300000 	 0.150000 	 4.910615e-03
 -0.300000 	 0.200000 	 3.541267e-03
 -0.300000 	 0.250000 	 2.376309e-03
 -0.300000 	 0.300000 	 1.508031e-03
 -0.300000 	 0.350000 	 9.167798e-04
 -0.300000 	 0.400000 	 5.413712e-04
 -0.300000 	 0.450000 	 3.135131e-04
 -0.300000 	 0.500000 	 1.800491e-04
 -0.300000 	 0.550000 	 1.030973e-04
 -0.300000 	 0.600000 	 5.920355e-05
 -0.300000 	 0.650000 	 3.422642e-05
 -0.300000 	 0.700000 	 1.997749e-05
 -0.300000 	 0.750000 	 1.180033e-05
 -0.300000 	 0.800000 	 7.069667e-06
 -0.300000 	 0.850000 	 4.291357e-06
 -0.300000 	 0.900000 	 2.646194e-06
 -0.300000 	 0.950000 	 1.653982e-06
 -0.300000 	 1.000000 	 1.049357e-06
 -0.250000 	 -1.000000 	 1.071856e-06
 -0.250000 	 -0.950000 	 1.707634e-06
 -0.250000 	 -0.900000 	 2.769432e-06
 -0.250000 	 -0.850000 	 4.566045e-06
 -0.250000 	 -0.800000 	 7.652527e-06
 -0.250000 	 -0.750000 	 1.303607e-05
 -0.250000 	 -0.700000 	 2.258307e-05
 -0.250000 	 -0.650000 	 3.965365e-05
 -0.250000 	 -0.600000 	 7.064220e-05
 -0.250000 	 -0.550000 	 1.269866e-04
 -0.250000 	 -0.500000 	 2.297967e-04
 -0.250000 	 -0.450000 	 4.161240e-04
 -0.250000 	 -0.400000 	 7.489345e-04
 -0.250000 	 -0.350000 	 1.324783e-03
 -0.250000 	 -0.300000 	 2.277333e-03
 -0.250000 	 -0.250000 	 3.745504e-03
 -0.250000 	 -0.200000 	 5.795918e-03
 -0.250000 	 -0.150000 	 8.281771e-03
 -0.250000 	 -0.100000 	 1.076763e-02
 -0.250000 	 -0.050000 	 1.262014e-02
 -0.250000 	 0.000000 	 1.331406e-02
 -0.250000 	 0.050000 	 1.262264e-02
 -0.250000 	 0.100000 	 1.076687e-02
 -0.250000 	 0.150000 	 8.283471e-03
 -0.250000 	 0.200000 	 5.797921e-03
 -0.250000 	 0.250000 	 3.747512e-03
 -0.250000 	 0.300000 	 2.277791e-03
 -0.250000 	 0.350000 	 1.324376e-03
 -0.250000 	 0.400000 	 7.486369e-04
 -0.250000 	 0.450000 	 4.162110e-04
 -0.250000 	 0.500000 	 2.297399e-04
 -0.250000 	 0.550000 	 1.269446e-04
 -0.250000 	 0.600000 	 7.062331e-05
 -0.250000 	 0.650000 	 3.967799e-05
 -0.250000 	 0.700000 	 2.257859e-05
 -0.250000 	 0.750000 	 1.303783e-05
 -0.250000 	 0.800000 	 7.654860e-06
 -0.250000 	 0.850000 	 4.563536e-06
 -0.250000 	 0.900000 	 2.771050e-06
 -0.250000 	 0.950000 	 1.710466e-06
 -0.250000 	 1.000000 	 1.072112e-06
 -0.200000 	 -1.000000 	 1.063979e-06
 -0.200000 	 -0.950000 	 1.714242e-06
 -0.200000 	 -0.900000 	 2.810930e-06
 -0.200000 	 -0.850000 	 4.696119e-06
 -0.200000 	 -0.800000 	 7.995586e-06
 -0.200000 	 -0.750000 	 1.388150e-05
 -0.200000 	 -0.700000 	 2.452738e-05
 -0.200000 	 -0.650000 	 4.414143e-05
 -0.200000 	 -0.600000 	 8.063338e-05
 -0.200000 	 -0.550000 	 1.493700e-04
 -0.200000 	 -0.500000 	 2.794898e-04
 -0.200000 	 -0.450000 	 5.248833e-04
 -0.200000 	 -0.400000 	 9.826811e-04
 -0.200000 	 -0.350000 	 1.812698e-03
 -0.200000 	 -0.300000 	 3.253276e-03
 -0.200000 	 -0.250000 	 5.574025e-03
 -0.200000 	 -0.200000 	 8.920056e-03
 -0.200000 	 -0.150000 	 1.303749e-02
 -0.200000 	 -0.100000 	 1.707293e-02
 -0.200000 	 -0.050000 	 1.990924e-02
 -0.200000 	 0.000000 	 2.090667e-02
 -0.200000 	 0.050000 	 1.990681e-02
 -0.200000 	 0.100000 	 1.707050e-02
 -0.200000 	 0.150000 	 1.304253e-02
 -0.200000 	 0.200000 	 8.920709e-03
 -0.200000 	 0.250000 	 5.571954e-03
 -0.200000 	 0.300000 	 3.251981e-03
 -0.200000 	 0.350000 	 1.812273e-03
 -0.200000 	 0.400000 	 9.822724e-04
 -0.200000 	 0.450000 	 5.248289e-04
 -0.200000 	 0.500000 	 2.794372e-04
 -0.200000 	 0.550000 	 1.494655e-04
 -0.200000 	 0.600000 	 8.062542e-05
 -0.200000 	 0.650000 	 4.412284e-05
 -0.200000 	 0.700000 	 2.454165e-05
 -0.200000 	 0.750000 	 1.388145e-05
 -0.200000 	 0.800000 	 7.999203e-06
 -0.200000 	 0.850000 	 4.699676e-06
 -0.200000 	 0.900000 	 2.810338e-06
 -0.200000 	 0.950000 	 1.713084e-06
 -0.200000 	 1.000000 	 1.062931e-06
 -0.150000 	 -1.000000 	 1.024977e-06
 -0.150000 	 -0.950000 	 1.666448e-06
 -0.150000 	 -0.900000 	 2.758704e-06
 -0.150000 	 -0.850000 	 4.668304e-06
 -0.150000 	 -0.800000 	 8.041394e-06
 -0.150000 	 -0.750000 	 1.419236e-05
 -0.150000 	 -0.700000 	 2.550943e-05
 -0.150000 	 -0.650000 	 4.684638e-05
 -0.150000 	 -0.600000 	 8.763244e-05
 -0.150000 	 -0.550000 	 1.665245e-04
 -0.150000 	 -0.500000 	 3.207712e-04
 -0.150000 	 -0.450000 	 6.221234e-04
 -0.150000 	 -0.400000 	 1.206399e-03
 -0.150000 	 -0.350000 	 2.309557e-03
 -0.150000 	 -0.300000 	 4.307820e-03
 -0.150000 	 -0.250000 	 7.650632e-03
 -0.150000 	 -0.200000 	 1.259015e-02
 -0.150000 	 -0.150000 	 1.853290e-02
 -0.150000 	 -0.100000 	 2.369814e-02
 -0.150000 	 -0.050000 	 2.632098e-02
 -0.150000 	 0.000000 	 2.681695e-02
 -0.150000 	 0.050000 	 2.631153e-02
 -0.150000 	 0.100000 	 2.370715e-02
 -0.150000 	 0.150000 	 1.854221e-02
 -0.150000 	 0.200000 	 1.258615e-02
 -0.150000 	 0.250000 	 7.649907e-03
 -0.150000 	 0.300000 	 4.307499e-03
 -0.150000 	 0.350000 	 2.309671e-03
 -0.150000 	 0.400000 	 1.205708e-03
 -0.150000 	 0.450000 	 6.220812e-04
 -0.150000 	 0.500000 	 3.207138e-04
 -0.150000 	 0.550000 	 1.666189e-04
 -0.150000 	 0.600000 	 8.770813e-05
 -0.150000 	 0.650000 	 4.684838e-05
 -0.150000 	 0.700000 	 2.554056e-05
 -0.150000 	 0.750000 	 1.418269e-05
 -0.150000 	 0.800000 	 8.052944e-06
 -0.150000 	 0.850000 	 4.665149e-06
 -0.150000 	 0.900000 	 2.759400e-06
 -0.150000 	 0.950000 	 1.666528e-06
 -0.150000 	 1.000000 	 1.025332e-06
 -0.100000 	 -1.000000 	 9.571468e-07
 -0.100000 	 -0.950000 	 1.566828e-06
 -0.100000 	 -0.900000 	 2.613644e-06
 -0.100000 	 -0.850000 	 4.464961e-06
 -0.100000 	 -0.800000 	 7.788553e-06
 -0.100000 	 -0.750000 	 1.389157e-05
 -0.100000 	 -0.700000 	 2.536860e-05
 -0.100000 	 -0.650000 	 4.732118e-05
 -0.100000 	 -0.600000 	 9.017344e-05
 -0.100000 	 -0.550000 	 1.750584e-04
 -0.100000 	 -0.500000 	 3.449222e-04
 -0.100000 	 -0.450000 	 6.864104e-04
 -0.100000 	 -0.400000 	 1.369223e-03
 -0.100000 	 -0.350000 	 2.703828e-03
 -0.100000 	 -0.300000 	 5.200962e-03
 -0.100000 	 -0.250000 	 9.494757e-03
 -0.100000 	 -0.200000 	 1.587241e-02
 -0.100000 	 -0.150000 	 2.301188e-02
 -0.100000 	 -0.100000 	 2.697678e-02
 -0.100000 	 -0.050000 	 2.443818e-02
 -0.100000 	 0.000000 	 2.116112e-02
 -0.100000 	 0.050000 	 2.443138e-02
 -0.100000 	 0.100000 	 2.697225e-02
 -0.100000 	 0.150000 	 2.301667e-02
 -0.100000 	 0.200000 	 1.587014e-02
 -0.100000 	 0.250000 	 9.493523e-03
 -0.100000 	 0.300000 	 5.200773e-03
 -0.100000 	 0.350000 	 2.705381e-03
 -0.100000 	 0.400000 	 1.368924e-03
 -0.100000 	 0.450000 	 6.863968e-04
 -0.100000 	 0.500000 	 3.447631e-04
 -0.100000 	 0.550000 	 1.749504e-04
 -0.100000 	 0.600000 	 9.010837e-05
 -0.100000 	 0.650000 	 4.734842e-05
 -0.100000 	 0.700000 	 2.536268e-05
 -0.100000 	 0.750000 	 1.388670e-05
 -0.100000 	 0.800000 	 7.780757e-06
 -0.100000 	 0.850000 	 4.461208e-06
 -0.100000 	 0.900000 	 2.612706e-06
 -0.100000 	 0.950000 	 1.565064e-06
 -0.100000 	 1.000000 	 9.566740e-07
 -0.050000 	 -1.000000 	 8.662355e-07
 -0.050000 	 -0.950000 	 1.423861e-06
 -0.050000 	 -0.900000 	 2.393172e-06
 -0.050000 	 -0.850000 	 4.103162e-06
 -0.050000 	 -0.800000 	 7.219367e-06
 -0.050000 	 -0.750000 	 1.298864e-05
 -0.050000 	 -0.700000 	 2.397095e-05
 -0.050000 	 -0.650000 	 4.532195e-05
 -0.050000 	 -0.600000 	 8.744381e-05
 -0.050000 	 -0.550000 	 1.722651e-04
 -0.050000 	 -0.500000 	 3.451424e-04
 -0.050000 	 -0.450000 	 6.996170e-04
 -0.050000 	 -0.400000 	 1.423118e-03
 -0.050000 	 -0.350000 	 2.869089e-03
 -0.050000 	 -0.300000 	 5.627402e-03
 -0.050000 	 -0.250000 	 1.045641e-02
 -0.050000 	 -0.200000 	 1.756048e-02
 -0.050000 	 -0.150000 	 2.460467e-02
 -0.050000 	 -0.100000 	 2.404679e-02
 -0.050000 	 -0.050000 	 8.075593e-03
 -0.050000 	 0.000000 	 -6.658854e-03
 -0.050000 	 0.050000 	 8.082811e-03
 -0.050000 	 0.100000 	 2.403186e-02
 -0.050000 	 0.150000 	 2.459812e-02
 -0.050000 	 0.200000 	 1.756519e-02
 -0.050000 	 0.250000 	 1.045498e-02
 -0.050000 	 0.300000 	 5.630022e-03
 -0.050000 	 0.350000 	 2.868788e-03
 -0.050000 	 0.400000 	 1.423505e-03
 -0.050000 	 0.450000 	 6.996336e-04
 -0.050000 	 0.500000 	 3.453780e-04
 -0.050000 	 0.550000 	 1.723328e-04
 -0.050000 	 0.600000 	 8.741456e-05
 -0.050000 	 0.650000 	 4.526243e-05
 -0.050000 	 0.700000 	 2.396886e-05
 -0.050000 	 0.750000 	 1.300594e-05
 -0.050000 	 0.800000 	 7.216552e-06
 -0.050000 	 0.850000 	 4.106543e-06
 -0.050000 	 0.900000 	 2.388484e-06
 -0.050000 	 0.950000 	 1.423018e-06
 -0.050000 	 1.000000 	 8.657677e-07
 0.000000 	 -1.000000 	 7.597998e-07
 0.000000 	 -0.950000 	 1.249381e-06
 0.000000 	 -0.900000 	 2.103346e-06
 0.000000 	 -0.850000 	 3.630813e-06
 0.000000 	 -0.800000 	 6.405912e-06
 0.000000 	 -0.750000 	 1.159954e-05
 0.000000 	 -0.700000 	 2.154662e-05
 0.000000 	 -0.650000 	 4.097298e-05
 0.000000 	 -0.600000 	 7.979319e-05
 0.000000 	 -0.550000 	 1.584818e-04
 0.000000 	 -0.500000 	 3.202529e-04
 0.000000 	 -0.450000 	 6.554095e-04
 0.000000 	 -0.400000 	 1.345561e-03
 0.000000 	 -0.350000 	 2.737181e-03
 0.000000 	 -0.300000 	 5.416550e-03
 0.000000 	 -0.250000 	 1.012446e-02
 0.000000 	 -0.200000 	 1.697306e-02
 0.000000 	 -0.150000 	 2.314931e-02
 0.000000 	 -0.100000 	 1.934076e-02
 0.000000 	 -0.050000 	 -6.473903e-03
 0.000000 	 0.000000 	 -3.476442e-02
 0.000000 	 0.050000 	 -6.473161e-03
 0.000000 	 0.100000 	 1.934202e-02
 0.000000 	 0.150000 	 2.314872e-02
 0.000000 	 0.200000 	 1.697260e-02
 0.000000 	 0.250000 	 1.012029e-02
 0.000000 	 0.300000 	 5.415419e-03
 0.000000 	 0.350000 	 2.736672e-03
 0.000000 	 0.400000 	 1.345184e-03
 0.000000 	 0.450000 	 6.548940e-04
 0.000000 	 0.500000 	 3.205163e-04
 0.000000 	 0.550000 	 1.586185e-04
 0.000000 	 0.600000 	 7.980079e-05
 0.000000 	 0.650000 	 4.097612e-05
 0.000000 	 0.700000 	 2.155753e-05
 0.000000 	 0.750000 	 1.161410e-05
 0.000000 	 0.800000 	 6.412908e-06
 0.000000 	 0.850000 	 3.629588e-06
 0.000000 	 0.900000 	 2.104744e-06
 0.000000 	 0.950000 	 1.250282e-06
 0.000000 	 1.000000 	 7.589340e-07
 0.050000 	 -1.000000 	 6.455846e-07
 0.050000 	 -0.950000 	 1.061310e-06
 0.050000 	 -0.900000 	 1.786566e-06
 0.050000 	 -0.850000 	 3.083339e-06
 0.050000 	 -0.800000 	 5.460302e-06
 0.050000 	 -0.750000 	 9.904535e-06
 0.050000 	 -0.700000 	 1.841101e-05
 0.050000 	 -0.650000 	 3.510655e-05
 0.050000 	 -0.600000 	 6.843712e-05
 0.050000 	 -0.550000 	 1.362783e-04
 0.050000 	 -0.500000 	 2.756819e-04
 0.050000 	 -0.450000 	 5.635285e-04
 0.050000 	 -0.400000 	 1.155423e-03
 0.050000 	 -0.350000 	 2.345402e-03
 0.050000 	 -0.300000 	 4.621440e-03
 0.050000 	 -0.250000 	 8.595153e-03
 0.050000 	 -0.200000 	 1.437959e-02
 0.050000 	 -0.150000 	 1.984334e-02
 0.050000 	 -0.100000 	 1.840432e-02
 0.050000 	 -0.050000 	 3.491360e-03
 0.050000 	 0.000000 	 -9.811994e-03
 0.050000 	 0.050000 	 3.498267e-03
 0.050000 	 0.100000 	 1.840292e-02
 0.050000 	 0.150000 	 1.984694e-02
 0.050000 	 0.200000 	 1.438502e-02
 0.050000 	 0.250000 	 8.597450e-03
 0.050000 	 0.300000 	 4.621903e-03
 0.050000 	 0.350000 	 2.344583e-03
 0.050000 	 0.400000 	 1.154734e-03
 0.050000 	 0.450000 	 5.637921e-04
 0.050000 	 0.500000 	 2.755726e-04
 0.050000 	 0.550000 	 1.362561e-04
 0.050000 	 0.600000 	 6.847754e-05
 0.050000 	 0.650000 	 3.510847e-05
 0.050000 	 0.700000 	 1.842305e-05
 0.050000 	 0.750000 	 9.904374e-06
 0.050000 	 0.800000 	 5.458917e-06
 0.050000 	 0.850000 	 3.082468e-06
 0.050000 	 0.900000 	 1.789034e-06
 0.050000 	 0.950000 	 1.059743e-06
 0.050000 	 1.000000 	 6.448771e-07
 0.100000 	 -1.000000 	 5.303759e-07
 0.100000 	 -0.950000 	 8.710057e-07
 0.100000 	 -0.900000 	 1.463069e-06
 0.100000 	 -0.850000 	 2.522429e-06
 0.100000 	 -0.800000 	 4.456037e-06
 0.100000 	 -0.750000 	 8.078020e-06
 0.100000 	 -0.700000 	 1.497683e-05
 0.100000 	 -0.650000 	 2.851032e-05
 0.100000 	 -0.600000 	 5.533703e-05
 0.100000 	 -0.550000 	 1.095235e-04
 0.100000 	 -0.500000 	 2.201439e-04
 0.100000 	 -0.450000 	 4.464189e-04
 0.100000 	 -0.400000 	 9.049550e-04
 0.100000 	 -0.350000 	 1.811492e-03
 0.100000 	 -0.300000 	 3.518265e-03
 0.100000 	 -0.250000 	 6.457787e-03
 0.100000 	 -0.200000 	 1.077053e-02
 0.100000 	 -0.150000 	 1.537903e-02
 0.100000 	 -0.100000 	 1.729334e-02
 0.100000 	 -0.050000 	 1.429570e-02
 0.100000 	 0.000000 	 1.134571e-02
 0.100000 	 0.050000 	 1.430336e-02
 0.100000 	 0.100000 	 1.729752e-02
 0.100000 	 0.150000 	 1.537927e-02
 0.100000 	 0.200000 	 1.076535e-02
 0.100000 	 0.250000 	 6.457979e-03
 0.100000 	 0.300000 	 3.519480e-03
 0.100000 	 0.350000 	 1.811187e-03
 0.100000 	 0.400000 	 9.049164e-04
 0.100000 	 0.450000 	 4.463054e-04
 0.100000 	 0.500000 	 2.200301e-04
 0.100000 	 0.550000 	 1.096346e-04
 0.100000 	 0.600000 	 5.535231e-05
 0.100000 	 0.650000 	 2.850046e-05
 0.100000 	 0.700000 	 1.499966e-05
 0.100000 	 0.750000 	 8.077443e-06
 0.100000 	 0.800000 	 4.455946e-06
 0.100000 	 0.850000 	 2.522054e-06
 0.100000 	 0.900000 	 1.463690e-06
 0.100000 	 0.950000 	 8.706334e-07
 0.100000 	 1.000000 	 5.317487e-07
 0.150000 	 -1.000000 	 4.239113e-07
 0.150000 	 -0.950000 	 6.924366e-07
 0.150000 	 -0.900000 	 1.161160e-06
 0.150000 	 -0.850000 	 1.989475e-06
 0.150000 	 -0.800000 	 3.499882e-06
 0.150000 	 -0.750000 	 6.314214e-06
 0.150000 	 -0.700000 	 1.165313e-05
 0.150000 	 -0.650000 	 2.200983e-05
 0.150000 	 -0.600000 	 4.235241e-05
 0.150000 	 -0.550000 	 8.289561e-05
 0.150000 	 -0.500000 	 1.642885e-04
 0.150000 	 -0.450000 	 3.277409e-04
 0.150000 	 -0.400000 	 6.511490e-04
 0.150000 	 -0.350000 	 1.275320e-03
 0.150000 	 -0.300000 	 2.419679e-03
 0.150000 	 -0.250000 	 4.351041e-03
 0.150000 	 -0.200000 	 7.185436e-03
 0.150000 	 -0.150000 	 1.052371e-02
 0.150000 	 -0.100000 	 1.321444e-02
 0.150000 	 -0.050000 	 1.427552e-02
 0.150000 	 0.000000 	 1.432766e-02
 0.150000 	 0.050000 	 1.427319e-02
 0.150000 	 0.100000 	 1.321525e-02
 0.150000 	 0.150000 	 1.052082e-02
 0.150000 	 0.200000 	 7.185058e-03
 0.150000 	 0.250000 	 4.348826e-03
 0.150000 	 0.300000 	 2.420688e-03
 0.150000 	 0.350000 	 1.275157e-03
 0.150000 	 0.400000 	 6.512181e-04
 0.150000 	 0.450000 	 3.276091e-04
 0.150000 	 0.500000 	 1.643307e-04
 0.150000 	 0.550000 	 8.288695e-05
 0.150000 	 0.600000 	 4.234702e-05
 0.150000 	 0.650000 	 2.197903e-05
 0.150000 	 0.700000 	 1.165273e-05
 0.150000 	 0.750000 	 6.309505e-06
 0.150000 	 0.800000 	 3.498574e-06
 0.150000 	 0.850000 	 1.991032e-06
 0.150000 	 0.900000 	 1.160659e-06
 0.150000 	 0.950000 	 6.915817e-07
 0.150000 	 1.000000 	 4.238211e-07
 0.200000 	 -1.000000 	 3.298147e-07
 0.200000 	 -0.950000 	 5.347034e-07
 0.200000 	 -0.900000 	 8.913156e-07
 0.200000 	 -0.850000 	 1.520751e-06
 0.200000 	 -0.800000 	 2.652207e-06
 0.200000 	 -0.750000 	 4.746743e-06
 0.200000 	 -0.700000 	 8.672935e-06
 0.200000 	 -0.650000 	 1.619631e-05
 0.200000 	 -0.600000 	 3.079664e-05
 0.200000 	 -0.550000 	 5.931817e-05
 0.200000 	 -0.500000 	 1.154395e-04
 0.200000 	 -0.450000 	 2.248894e-04
 0.200000 	 -0.400000 	 4.358549e-04
 0.200000 	 -0.350000 	 8.300493e-04
 0.200000 	 -0.300000 	 1.528420e-03
 0.200000 	 -0.250000 	 2.671643e-03
 0.200000 	 -0.200000 	 4.335548e-03
 0.200000 	 -0.150000 	 6.373734e-03
 0.200000 	 -0.100000 	 8.332636e-03
 0.200000 	 -0.050000 	 9.661375e-03
 0.200000 	 0.000000 	 1.010424e-02
 0.200000 	 0.050000 	 9.659599e-03
 0.200000 	 0.100000 	 8.328895e-03
 0.200000 	 0.150000 	 6.375263e-03
 0.200000 	 0.200000 	 4.336808e-03
 0.200000 	 0.250000 	 2.672860e-03
 0.200000 	 0.300000 	 1.528022e-03
 0.200000 	 0.350000 	 8.294695e-04
 0.200000 	 0.400000 	 4.359913e-04
 0.200000 	 0.450000 	 2.248423e-04
 0.200000 	 0.500000 	 1.154481e-04
 0.200000 	 0.550000 	 5.923431e-05
 0.200000 	 0.600000 	 3.078246e-05
 0.200000 	 0.650000 	 1.621676e-05
 0.200000 	 0.700000 	 8.688292e-06
 0.200000 	 0.750000 	 4.750459e-06
 0.200000 	 0.800000 	 2.653035e-06
 0.200000 	 0.850000 	 1.516949e-06
 0.200000 	 0.900000 	 8.899114e-07
 0.200000 	 0.950000 	 5.357127e-07
 0.200000 	 1.000000 	 3.301103e-07
 0.250000 	 -1.000000 	 2.505231e-07
 0.250000 	 -0.950000 	 4.040142e-07
 0.250000 	 -0.900000 	 6.662995e-07
 0.250000 	 -0.850000 	 1.127611e-06
 0.250000 	 -0.800000 	 1.950375e-06
 0.250000 	 -0.750000 	 3.449960e-06
 0.250000 	 -0.700000 	 6.241134e-06
 0.250000 	 -0.650000 	 1.147792e-05
 0.250000 	 -0.600000 	 2.144260e-05
 0.250000 	 -0.550000 	 4.052862e-05
 0.250000 	 -0.500000 	 7.699603e-05
 0.250000 	 -0.450000 	 1.461238e-04
 0.250000 	 -0.400000 	 2.744521e-04
 0.250000 	 -0.350000 	 5.059738e-04
 0.250000 	 -0.300000 	 9.008710e-04
 0.250000 	 -0.250000 	 1.526327e-03
 0.250000 	 -0.200000 	 2.414381e-03
 0.250000 	 -0.150000 	 3.502417e-03
 0.250000 	 -0.100000 	 4.596062e-03
 0.250000 	 -0.050000 	 5.406941e-03
 0.250000 	 0.000000 	 5.703272e-03
 0.250000 	 0.050000 	 5.403321e-03
 0.250000 	 0.100000 	 4.594209e-03
 0.250000 	 0.150000 	 3.504150e-03
 0.250000 	 0.200000 	 2.414658e-03
 0.250000 	 0.250000 	 1.526574e-03
 0.250000 	 0.300000 	 9.009083e-04
 0.250000 	 0.350000 	 5.063563e-04
 0.250000 	 0.400000 	 2.747752e-04
 0.250000 	 0.450000 	 1.461563e-04
 0.250000 	 0.500000 	 7.694793e-05
 0.250000 	 0.550000 	 4.056366e-05
 0.250000 	 0.600000 	 2.144730e-05
 0.250000 	 0.650000 	 1.146853e-05
 0.250000 	 0.700000 	 6.238247e-06
 0.250000 	 0.750000 	 3.448266e-06
 0.250000 	 0.800000 	 1.950643e-06
 0.250000 	 0.850000 	 1.124545e-06
 0.250000 	 0.900000 	 6.670172e-07
 0.250000 	 0.950000 	 4.038317e-07
 0.250000 	 1.000000 	 2.509937e-07
 0.300000 	 -1.000000 	 1.878971e-07
 0.300000 	 -0.950000 	 2.988638e-07
 0.300000 	 -0.900000 	 4.887028e-07
 0.300000 	 -0.850000 	 8.177704e-07
 0.300000 	 -0.800000 	 1.398720e-06
 0.300000 	 -0.750000 	 2.450156e-06
 0.300000 	 -0.700000 	 4.361615e-06
 0.300000 	 -0.650000 	 7.895069e-06
 0.300000 	 -0.600000 	 1.443624e-05
 0.300000 	 -0.550000 	 2.663341e-05
 0.300000 	 -0.500000 	 4.928825e-05
 0.300000 	 -0.450000 	 9.085975e-05
 0.300000 	 -0.400000 	 1.653462e-04
 0.300000 	 -0.350000 	 2.937845e-04
 0.300000 	 -0.300000 	 5.047363e-04
 0.300000 	 -0.250000 	 8.262600e-04
 0.300000 	 -0.200000 	 1.267807e-03
 0.300000 	 -0.150000 	 1.798213e-03
 0.300000 	 -0.100000 	 2.330870e-03
 0.300000 	 -0.050000 	 2.729042e-03
 0.300000 	 0.000000 	 2.877664e-03
 0.300000 	 0.050000 	 2.728583e-03
 0.300000 	 0.100000 	 2.330654e-03
 0.300000 	 0.150000 	 1.799202e-03
 0.300000 	 0.200000 	 1.267492e-03
 0.300000 	 0.250000 	 8.266784e-04
 0.300000 	 0.300000 	 5.048731e-04
 0.300000 	 0.350000 	 2.941077e-04
 0.300000 	 0.400000 	 1.652036e-04
 0.300000 	 0.450000 	 9.083549e-05
 0.300000 	 0.500000 	 4.933707e-05
 0.300000 	 0.550000 	 2.662461e-05
 0.300000 	 0.600000 	 1.443301e-05
 0.300000 	 0.650000 	 7.880227e-06
 0.300000 	 0.700000 	 4.354819e-06
 0.300000 	 0.750000 	 2.448127e-06
 0.300000 	 0.800000 	 1.399796e-06
 0.300000 	 0.850000 	 8.175807e-07
 0.300000 	 0.900000 	 4.893304e-07
 0.300000 	 0.950000 	 2.990259e-07
 0.300000 	 1.000000 	 1.874030e-07
 0.350000 	 -1.000000 	 1.388159e-07
 0.350000 	 -0.950000 	 2.193401e-07
 0.350000 	 -0.900000 	 3.531733e-07
 0.350000 	 -0.850000 	 5.844192e-07
 0.350000 	 -0.800000 	 9.878951e-07
 0.350000 	 -0.750000 	 1.699041e-06
 0.350000 	 -0.700000 	 2.979095e-06
 0.350000 	 -0.650000 	 5.286259e-06
 0.350000 	 -0.600000 	 9.465508e-06
 0.350000 	 -0.550000 	 1.705348e-05
 0.350000 	 -0.500000 	 3.067141e-05
 0.350000 	 -0.450000 	 5.469207e-05
 0.350000 	 -0.400000 	 9.624575e-05
 0.350000 	 -0.350000 	 1.649802e-04
 0.350000 	 -0.300000 	 2.730061e-04
 0.350000 	 -0.250000 	 4.310415e-04
 0.350000 	 -0.200000 	 6.410937e-04
 0.350000 	 -0.150000 	 8.852649e-04
 0.350000 	 -0.100000 	 1.126046e-03
 0.350000 	 -0.050000 	 1.304637e-03
 0.350000 	 0.000000 	 1.370682e-03
 0.350000 	 0.050000 	 1.304782e-03
 0.350000 	 0.100000 	 1.125537e-03
 0.350000 	 0.150000 	 8.858970e-04
 0.350000 	 0.200000 	 6.408221e-04
 0.350000 	 0.250000 	 4.314007e-04
 0.350000 	 0.300000 	 2.730196e-04
 0.350000 	 0.350000 	 1.650180e-04
 0.350000 	 0.400000 	 9.620689e-05
 0.350000 	 0.450000 	 5.469928e-05
 0.350000 	 0.500000 	 3.067097e-05
 0.350000 	 0.550000 	 1.706089e-05
 0.350000 	 0.600000 	 9.472130e-06
 0.350000 	 0.650000 	 5.289584e-06
 0.350000 	 0.700000 	 2.978573e-06
 0.350000 	 0.750000 	 1.704180e-06
 0.350000 	 0.800000 	 9.886810e-07
 0.350000 	 0.850000 	 5.851876e-07
 0.350000 	 0.900000 	 3.540256e-07
 0.350000 	 0.950000 	 2.189981e-07
 0.350000 	 1.000000 	 1.384901e-07
 0.400000 	 -1.000000 	 1.020758e-07
 0.400000 	 -0.950000 	 1.595353e-07
 0.400000 	 -0.900000 	 2.544287e-07
 0.400000 	 -0.850000 	 4.165786e-07
 0.400000 	 -0.800000 	 6.914692e-07
 0.400000 	 -0.750000 	 1.171664e-06
 0.400000 	 -0.700000 	 2.016292e-06
 0.400000 	 -0.650000 	 3.499587e-06
 0.400000 	 -0.600000 	 6.108429e-06
 0.400000 	 -0.550000 	 1.072126e-05
 0.400000 	 -0.500000 	 1.869557e-05
 0.400000 	 -0.450000 	 3.232825e-05
 0.400000 	 -0.400000 	 5.484799e-05
 0.400000 	 -0.350000 	 9.061499e-05
 0.400000 	 -0.300000 	 1.446661e-04
 0.400000 	 -0.250000 	 2.204787e-04
 0.400000 	 -0.200000 	 3.176188e-04
 0.400000 	 -0.150000 	 4.268692e-04
 0.400000 	 -0.100000 	 5.318722e-04
 0.400000 	 -0.050000 	 6.086283e-04
 0.400000 	 0.000000 	 6.372164e-04
 0.400000 	 0.050000 	 6.088963e-04
 0.400000 	 0.100000 	 5.315956e-04
 0.400000 	 0.150000 	 4.270851e-04
 0.400000 	 0.200000 	 3.172942e-04
 0.400000 	 0.250000 	 2.205934e-04
 0.400000 	 0.300000 	 1.446738e-04
 0.400000 	 0.350000 	 9.065299e-05
 0.400000 	 0.400000 	 5.483319e-05
 0.400000 	 0.450000 	 3.230935e-05
 0.400000 	 0.500000 	 1.870355e-05
 0.400000 	 0.550000 	 1.072129e-05
 0.400000 	 0.600000 	 6.123665e-06
 0.400000 	 0.650000 	 3.493977e-06
 0.400000 	 0.700000 	 2.012225e-06
 0.400000 	 0.750000 	 1.171064e-06
 0.400000 	 0.800000 	 6.911124e-07
 0.400000 	 0.850000 	 4.144303e-07
 0.400000 	 0.900000 	 2.551257e-07
 0.400000 	 0.950000 	 1.594824e-07
 0.400000 	 1.000000 	 1.024106e-07
 0.450000 	 -1.000000 	 7.616755e-08
 0.450000 	 -0.950000 	 1.173478e-07
 0.450000 	 -0.900000 	 1.847567e-07
 0.450000 	 -0.850000 	 2.965414e-07
 0.450000 	 -0.800000 	 4.845029e-07
 0.450000 	 -0.750000 	 8.070692e-07
 0.450000 	 -0.700000 	 1.358159e-06
 0.450000 	 -0.650000 	 2.301540e-06
 0.450000 	 -0.600000 	 3.921900e-06
 0.450000 	 -0.550000 	 6.684120e-06
 0.450000 	 -0.500000 	 1.130619e-05
 0.450000 	 -0.450000 	 1.890910e-05
 0.450000 	 -0.400000 	 3.096509e-05
 0.450000 	 -0.350000 	 4.946298e-05
 0.450000 	 -0.300000 	 7.609961e-05
 0.450000 	 -0.250000 	 1.120983e-04
 0.450000 	 -0.200000 	 1.564840e-04
 0.450000 	 -0.150000 	 2.051908e-04
 0.450000 	 -0.100000 	 2.503823e-04
 0.450000 	 -0.050000 	 2.830063e-04
 0.450000 	 0.000000 	 2.947254e-04
 0.450000 	 0.050000 	 2.828587e-04
 0.450000 	 0.100000 	 2.504015e-04
 0.450000 	 0.150000 	 2.048626e-04
 0.450000 	 0.200000 	 1.565034e-04
 0.450000 	 0.250000 	 1.121786e-04
 0.450000 	 0.300000 	 7.619801e-05
 0.450000 	 0.350000 	 4.940749e-05
 0.450000 	 0.400000 	 3.097698e-05
 0.450000 	 0.450000 	 1.888976e-05
 0.450000 	 0.500000 	 1.131071e-05
 0.450000 	 0.550000 	 6.681645e-06
 0.450000 	 0.600000 	 3.923420e-06
 0.450000 	 0.650000 	 2.302205e-06
 0.450000 	 0.700000 	 1.355985e-06
 0.450000 	 0.750000 	 8.062291e-07
 0.450000 	 0.800000 	 4.857050e-07
 0.450000 	 0.850000 	 2.958270e-07
 0.450000 	 0.900000 	 1.845176e-07
 0.450000 	 0.950000 	 1.174199e-07
 0.450000 	 1.000000 	 7.615453e-08
 0.500000 	 -1.000000 	 5.782105e-08
 0.500000 	 -0.950000 	 8.769622e-08
 0.500000 	 -0.900000 	 1.353248e-07
 0.500000 	 -0.850000 	 2.144829e-07
 0.500000 	 -0.800000 	 3.438549e-07
 0.500000 	 -0.750000 	 5.613109e-07
 0.500000 	 -0.700000 	 9.210731e-07
 0.500000 	 -0.650000 	 1.527861e-06
 0.500000 	 -0.600000 	 2.532234e-06
 0.500000 	 -0.550000 	 4.172723e-06
 0.500000 	 -0.500000 	 6.849011e-06
 0.500000 	 -0.450000 	 1.107689e-05
 0.500000 	 -0.400000 	 1.753559e-05
 0.500000 	 -0.350000 	 2.703026e-05
 0.500000 	 -0.300000 	 4.021773e-05
 0.500000 	 -0.250000 	 5.732414e-05
 0.500000 	 -0.200000 	 7.762104e-05
 0.500000 	 -0.150000 	 9.925940e-05
 0.500000 	 -0.100000 	 1.189740e-04
 0.500000 	 -0.050000 	 1.328625e-04
 0.500000 	 0.000000 	 1.379360e-04
 0.500000 	 0.050000 	 1.329359e-04
 0.500000 	 0.100000 	 1.188918e-04
 0.500000 	 0.150000 	 9.928653e-05
 0.500000 	 0.200000 	 7.765972e-05
 0.500000 	 0.250000 	 5.729952e-05
 0.500000 	 0.300000 	 4.022309e-05
 0.500000 	 0.350000 	 2.698381e-05
 0.500000 	 0.400000 	 1.753879e-05
 0.500000 	 0.450000 	 1.107877e-05
 0.500000 	 0.500000 	 6.836087e-06
 0.500000 	 0.550000 	 4.177311e-06
 0.500000 	 0.600000 	 2.529419e-06
 0.500000 	 0.650000 	 1.524379e-06
 0.500000 	 0.700000 	 9.229570e-07
 0.500000 	 0.750000 	 5.598445e-07
 0.500000 	 0.800000 	 3.452640e-07
 0.500000 	 0.850000 	 2.148741e-07
 0.500000 	 0.900000 	 1.359691e-07
 0.500000 	 0.950000 	 8.789736e-08
 0.500000 	 1.000000 	 5.781522e-08
 0.550000 	 -1.000000 	 4.466757e-08
 0.550000 	 -0.950000 	 6.692961e-08
 0.550000 	 -0.900000 	 1.018136e-07
 0.550000 	 -0.850000 	 1.579123e-07
 0.550000 	 -0.800000 	 2.484855e-07
 0.550000 	 -0.750000 	 3.949159e-07
 0.550000 	 -0.700000 	 6.345587e-07
 0.550000 	 -0.650000 	 1.021431e-06
 0.550000 	 -0.600000 	 1.647175e-06
 0.550000 	 -0.550000 	 2.638790e-06
 0.550000 	 -0.500000 	 4.189871e-06
 0.550000 	 -0.450000 	 6.553518e-06
 0.550000 	 -0.400000 	 1.001303e-05
 0.550000 	 -0.350000 	 1.492606e-05
 0.550000 	 -0.300000 	 2.148988e-05
 0.550000 	 -0.250000 	 2.968238e-05
 0.550000 	 -0.200000 	 3.917221e-05
 0.550000 	 -0.150000 	 4.898506e-05
 0.550000 	 -0.100000 	 5.770882e-05
 0.550000 	 -0.050000 	 6.371571e-05
 0.550000 	 0.000000 	 6.586585e-05
 0.550000 	 0.050000 	 6.374204e-05
 0.550000 	 0.100000 	 5.763799e-05
 0.550000 	 0.150000 	 4.895052e-05
 0.550000 	 0.200000 	 3.917935e-05
 0.550000 	 0.250000 	 2.971139e-05
 0.550000 	 0.300000 	 2.148160e-05
 0.550000 	 0.350000 	 1.494134e-05
 0.550000 	 0.400000 	 1.002134e-05
 0.550000 	 0.450000 	 6.545645e-06
 0.550000 	 0.500000 	 4.184025e-06
 0.550000 	 0.550000 	 2.638414e-06
 0.550000 	 0.600000 	 1.644582e-06
 0.550000 	 0.650000 	 1.021931e-06
 0.550000 	 0.700000 	 6.338071e-07
 0.550000 	 0.750000 	 3.955811e-07
 0.550000 	 0.800000 	 2.487553e-07
 0.550000 	 0.850000 	 1.575521e-07
 0.550000 	 0.900000 	 1.019239e-07
 0.550000 	 0.950000 	 6.695244e-08
 0.550000 	 1.000000 	 4.463153e-08
 0.600000 	 -1.000000 	 3.560113e-08
 0.600000 	 -0.950000 	 5.220194e-08
 0.600000 	 -0.900000 	 7.827211e-08
 0.600000 	 -0.850000 	 1.190233e-07
 0.600000 	 -0.800000 	 1.829512e-07
 0.600000 	 -0.750000 	 2.844932e-07
 0.600000 	 -0.700000 	 4.448836e-07
 0.600000 	 -0.650000 	 6.959070e-07
 0.600000 	 -0.600000 	 1.088581e-06
 0.600000 	 -0.550000 	 1.690398e-06
 0.600000 	 -0.500000 	 2.600527e-06
 0.600000 	 -0.450000 	 3.923293e-06
 0.600000 	 -0.400000 	 5.819104e-06
 0.600000 	 -0.350000 	 8.395612e-06
 0.600000 	 -0.300000 	 1.171191e-05
 0.600000 	 -0.250000 	 1.574266e-05
 0.600000 	 -0.200000 	 2.024165e-05
 0.600000 	 -0.150000 	 2.475754e-05
 0.600000 	 -0.100000 	 2.869312e-05
 0.600000 	 -0.050000 	 3.139419e-05
 0.600000 	 0.000000 	 3.234677e-05
 0.600000 	 0.050000 	 3.141006e-05
 0.600000 	 0.100000 	 2.871460e-05
 0.600000 	 0.150000 	 2.474477e-05
 0.600000 	 0.200000 	 2.023856e-05
 0.600000 	 0.250000 	 1.576095e-05
 0.600000 	 0.300000 	 1.171131e-05
 0.600000 	 0.350000 	 8.393919e-06
 0.600000 	 0.400000 	 5.822651e-06
 0.600000 	 0.450000 	 3.924769e-06
 0.600000 	 0.500000 	 2.598286e-06
 0.600000 	 0.550000 	 1.689202e-06
 0.600000 	 0.600000 	 1.086167e-06
 0.600000 	 0.650000 	 6.944773e-07
 0.600000 	 0.700000 	 4.452198e-07
 0.600000 	 0.750000 	 2.847188e-07
 0.600000 	 0.800000 	 1.830514e-07
 0.600000 	 0.850000 	 1.190689e-07
 0.600000 	 0.900000 	 7.852835e-08
 0.600000 	 0.950000 	 5.254503e-08
 0.600000 	 1.000000 	 3.548122e-08
 0.650000 	 -1.000000 	 2.895333e-08
 0.650000 	 -0.950000 	 4.218082e-08
 0.650000 	 -0.900000 	 6.172516e-08
 0.650000 	 -0.850000 	 9.196114e-08
 0.650000 	 -0.800000 	 1.379754e-07
 0.650000 	 -0.750000 	 2.088543e-07
 0.650000 	 -0.700000 	 3.181918e-07
 0.650000 	 -0.650000 	 4.849097e-07
 0.650000 	 -0.600000 	 7.327007e-07
 0.650000 	 -0.550000 	 1.103601e-06
 0.650000 	 -0.500000 	 1.644444e-06
 0.650000 	 -0.450000 	 2.408000e-06
 0.650000 	 -0.400000 	 3.457879e-06
 0.650000 	 -0.350000 	 4.834129e-06
 0.650000 	 -0.300000 	 6.554379e-06
 0.650000 	 -0.250000 	 8.572461e-06
 0.650000 	 -0.200000 	 1.076585e-05
 0.650000 	 -0.150000 	 1.291727e-05
 0.650000 	 -0.100000 	 1.476002e-05
 0.650000 	 -0.050000 	 1.600860e-05
 0.650000 	 0.000000 	 1.646005e-05
 0.650000 	 0.050000 	 1.600330e-05
 0.650000 	 0.100000 	 1.475574e-05
 0.650000 	 0.150000 	 1.292177e-05
 0.650000 	 0.200000 	 1.076040e-05
 0.650000 	 0.250000 	 8.576063e-06
 0.650000 	 0.300000 	 6.555365e-06
 0.650000 	 0.350000 	 4.839480e-06
 0.650000 	 0.400000 	 3.456579e-06
 0.650000 	 0.450000 	 2.408108e-06
 0.650000 	 0.500000 	 1.644378e-06
 0.650000 	 0.550000 	 1.104596e-06
 0.650000 	 0.600000 	 7.338871e-07
 0.650000 	 0.650000 	 4.835293e-07
 0.650000 	 0.700000 	 3.178768e-07
 0.650000 	 0.750000 	 2.089270e-07
 0.650000 	 0.800000 	 1.388909e-07
 0.650000 	 0.850000 	 9.168934e-08
 0.650000 	 0.900000 	 6.184680e-08
 0.650000 	 0.950000 	 4.203056e-08
 0.650000 	 1.000000 	 2.909139e-08
 0.700000 	 -1.000000 	 2.421757e-08
 0.700000 	 -0.950000 	 3.449775e-08
 0.700000 	 -0.900000 	 4.967122e-08
 0.700000 	 -0.850000 	 7.259804e-08
 0.700000 	 -0.800000 	 1.063079e-07
 0.700000 	 -0.750000 	 1.570391e-07
 0.700000 	 -0.700000 	 2.323560e-07
 0.700000 	 -0.650000 	 3.430608e-07
 0.700000 	 -0.600000 	 5.032563e-07
 0.700000 	 -0.550000 	 7.374711e-07
 0.700000 	 -0.500000 	 1.065691e-06
 0.700000 	 -0.450000 	 1.508600e-06
 0.700000 	 -0.400000 	 2.102134e-06
 0.700000 	 -0.350000 	 2.855193e-06
 0.700000 	 -0.300000 	 3.770739e-06
 0.700000 	 -0.250000 	 4.808324e-06
 0.700000 	 -0.200000 	 5.909139e-06
 0.700000 	 -0.150000 	 6.965345e-06
 0.700000 	 -0.100000 	 7.869329e-06
 0.700000 	 -0.050000 	 8.449251e-06
 0.700000 	 0.000000 	 8.666274e-06
 0.700000 	 0.050000 	 8.452561e-06
 0.700000 	 0.100000 	 7.857491e-06
 0.700000 	 0.150000 	 6.962442e-06
 0.700000 	 0.200000 	 5.901615e-06
 0.700000 	 0.250000 	 4.811561e-06
 0.700000 	 0.300000 	 3.774668e-06
 0.700000 	 0.350000 	 2.860544e-06
 0.700000 	 0.400000 	 2.102461e-06
 0.700000 	 0.450000 	 1.511129e-06
 0.700000 	 0.500000 	 1.065182e-06
 0.700000 	 0.550000 	 7.359034e-07
 0.700000 	 0.600000 	 5.058450e-07
 0.700000 	 0.650000 	 3.429876e-07
 0.700000 	 0.700000 	 2.317615e-07
 0.700000 	 0.750000 	 1.569862e-07
 0.700000 	 0.800000 	 1.064935e-07
 0.700000 	 0.850000 	 7.234472e-08
 0.700000 	 0.900000 	 4.976761e-08
 0.700000 	 0.950000 	 3.452074e-08
 0.700000 	 1.000000 	 2.421838e-08
 0.750000 	 -1.000000 	 2.045033e-08
 0.750000 	 -0.950000 	 2.860393e-08
 0.750000 	 -0.900000 	 4.054485e-08
 0.750000 	 -0.850000 	 5.798995e-08
 0.750000 	 -0.800000 	 8.297865e-08
 0.750000 	 -0.750000 	 1.194251e-07
 0.750000 	 -0.700000 	 1.717745e-07
 0.750000 	 -0.650000 	 2.475459e-07
 0.750000 	 -0.600000 	 3.537826e-07
 0.750000 	 -0.550000 	 5.004069e-07
 0.750000 	 -0.500000 	 7.028221e-07
 0.750000 	 -0.450000 	 9.713194e-07
 0.750000 	 -0.400000 	 1.313255e-06
 0.750000 	 -0.350000 	 1.735424e-06
 0.750000 	 -0.300000 	 2.234092e-06
 0.750000 	 -0.250000 	 2.784967e-06
 0.750000 	 -0.200000 	 3.358156e-06
 0.750000 	 -0.150000 	 3.894155e-06
 0.750000 	 -0.100000 	 4.342597e-06
 0.750000 	 -0.050000 	 4.629129e-06
 0.750000 	 0.000000 	 4.740396e-06
 0.750000 	 0.050000 	 4.634186e-06
 0.750000 	 0.100000 	 4.333911e-06
 0.750000 	 0.150000 	 3.892230e-06
 0.750000 	 0.200000 	 3.356161e-06
 0.750000 	 0.250000 	 2.784100e-06
 0.750000 	 0.300000 	 2.233176e-06
 0.750000 	 0.350000 	 1.736100e-06
 0.750000 	 0.400000 	 1.311929e-06
 0.750000 	 0.450000 	 9.706897e-07
 0.750000 	 0.500000 	 7.036806e-07
 0.750000 	 0.550000 	 5.011898e-07
 0.750000 	 0.600000 	 3.540154e-07
 0.750000 	 0.650000 	 2.474190e-07
 0.750000 	 0.700000 	 1.721284e-07
 0.750000 	 0.750000 	 1.197774e-07
 0.750000 	 0.800000 	 8.311457e-08
 0.750000 	 0.850000 	 5.791713e-08
 0.750000 	 0.900000 	 4.054122e-08
 0.750000 	 0.950000 	 2.860624e-08
 0.750000 	 1.000000 	 2.040293e-08
 0.800000 	 -1.000000 	 1.742896e-08
 0.800000 	 -0.950000 	 2.404989e-08
 0.800000 	 -0.900000 	 3.347290e-08
 0.800000 	 -0.850000 	 4.672687e-08
 0.800000 	 -0.800000 	 6.548178e-08
 0.800000 	 -0.750000 	 9.194347e-08
 0.800000 	 -0.700000 	 1.290543e-07
 0.800000 	 -0.650000 	 1.810615e-07
 0.800000 	 -0.600000 	 2.519345e-07
 0.800000 	 -0.550000 	 3.477553e-07
 0.800000 	 -0.500000 	 4.746507e-07
 0.800000 	 -0.450000 	 6.379680e-07
 0.800000 	 -0.400000 	 8.397399e-07
 0.800000 	 -0.350000 	 1.082418e-06
 0.800000 	 -0.300000 	 1.361873e-06
 0.800000 	 -0.250000 	 1.662700e-06
 0.800000 	 -0.200000 	 1.968650e-06
 0.800000 	 -0.150000 	 2.254177e-06
 0.800000 	 -0.100000 	 2.479856e-06
 0.800000 	 -0.050000 	 2.634890e-06
 0.800000 	 0.000000 	 2.687118e-06
 0.800000 	 0.050000 	 2.633741e-06
 0.800000 	 0.100000 	 2.482072e-06
 0.800000 	 0.150000 	 2.253171e-06
 0.800000 	 0.200000 	 1.969684e-06
 0.800000 	 0.250000 	 1.664358e-06
 0.800000 	 0.300000 	 1.362753e-06
 0.800000 	 0.350000 	 1.082267e-06
 0.800000 	 0.400000 	 8.392764e-07
 0.800000 	 0.450000 	 6.364130e-07
 0.800000 	 0.500000 	 4.745976e-07
 0.800000 	 0.550000 	 3.479557e-07
 0.800000 	 0.600000 	 2.523775e-07
 0.800000 	 0.650000 	 1.811184e-07
 0.800000 	 0.700000 	 1.293721e-07
 0.800000 	 0.750000 	 9.194626e-08
 0.800000 	 0.800000 	 6.553121e-08
 0.800000 	 0.850000 	 4.665022e-08
 0.800000 	 0.900000 	 3.338358e-08
 0.800000 	 0.950000 	 2.407142e-08
 0.800000 	 1.000000 	 1.739836e-08
 0.850000 	 -1.000000 	 1.488713e-08
 0.850000 	 -0.950000 	 2.025641e-08
 0.850000 	 -0.900000 	 2.764512e-08
 0.850000 	 -0.850000 	 3.796305e-08
 0.850000 	 -0.800000 	 5.211701e-08
 0.850000 	 -0.750000 	 7.149420e-08
 0.850000 	 -0.700000 	 9.812372e-08
 0.850000 	 -0.650000 	 1.342162e-07
 0.850000 	 -0.600000 	 1.819976e-07
 0.850000 	 -0.550000 	 2.453454e-07
 0.850000 	 -0.500000 	 3.261389e-07
 0.850000 	 -0.450000 	 4.272859e-07
 0.850000 	 -0.400000 	 5.500451e-07
 0.850000 	 -0.350000 	 6.925820e-07
 0.850000 	 -0.300000 	 8.526343e-07
 0.850000 	 -0.250000 	 1.024026e-06
 0.850000 	 -0.200000 	 1.192801e-06
 0.850000 	 -0.150000 	 1.345271e-06
 0.850000 	 -0.100000 	 1.465900e-06
 0.850000 	 -0.050000 	 1.549244e-06
 0.850000 	 0.000000 	 1.575766e-06
 0.850000 	 0.050000 	 1.551026e-06
 0.850000 	 0.100000 	 1.470512e-06
 0.850000 	 0.150000 	 1.346444e-06
 0.850000 	 0.200000 	 1.191118e-06
 0.850000 	 0.250000 	 1.022940e-06
 0.850000 	 0.300000 	 8.530439e-07
 0.850000 	 0.350000 	 6.938594e-07
 0.850000 	 0.400000 	 5.490325e-07
 0.850000 	 0.450000 	 4.270943e-07
 0.850000 	 0.500000 	 3.259462e-07
 0.850000 	 0.550000 	 2.451265e-07
 0.850000 	 0.600000 	 1.820537e-07
 0.850000 	 0.650000 	 1.340996e-07
 0.850000 	 0.700000 	 9.824260e-08
 0.850000 	 0.750000 	 7.151900e-08
 0.850000 	 0.800000 	 5.210812e-08
 0.850000 	 0.850000 	 3.789562e-08
 0.850000 	 0.900000 	 2.764007e-08
 0.850000 	 0.950000 	 2.022072e-08
 0.850000 	 1.000000 	 1.486805e-08
 0.900000 	 -1.000000 	 1.271867e-08
 0.900000 	 -0.950000 	 1.701049e-08
 0.900000 	 -0.900000 	 2.292899e-08
 0.900000 	 -0.850000 	 3.087856e-08
 0.900000 	 -0.800000 	 4.149596e-08
 0.900000 	 -0.750000 	 5.597791e-08
 0.900000 	 -0.700000 	 7.513628e-08
 0.900000 	 -0.650000 	 1.004156e-07
 0.900000 	 -0.600000 	 1.331140e-07
 0.900000 	 -0.550000 	 1.751839e-07
 0.900000 	 -0.500000 	 2.278474e-07
 0.900000 	 -0.450000 	 2.916960e-07
 0.900000 	 -0.400000 	 3.671570e-07
 0.900000 	 -0.350000 	 4.534513e-07
 0.900000 	 -0.300000 	 5.479130e-07
 0.900000 	 -0.250000 	 6.461716e-07
 0.900000 	 -0.200000 	 7.423676e-07
 0.900000 	 -0.150000 	 8.282149e-07
 0.900000 	 -0.100000 	 8.966365e-07
 0.900000 	 -0.050000 	 9.417842e-07
 0.900000 	 0.000000 	 9.569598e-07
 0.900000 	 0.050000 	 9.414360e-07
 0.900000 	 0.100000 	 8.968968e-07
 0.900000 	 0.150000 	 8.284164e-07
 0.900000 	 0.200000 	 7.430861e-07
 0.900000 	 0.250000 	 6.463769e-07
 0.900000 	 0.300000 	 5.483157e-07
 0.900000 	 0.350000 	 4.538646e-07
 0.900000 	 0.400000 	 3.673446e-07
 0.900000 	 0.450000 	 2.916862e-07
 0.900000 	 0.500000 	 2.275026e-07
 0.900000 	 0.550000 	 1.751581e-07
 0.900000 	 0.600000 	 1.332015e-07
 0.900000 	 0.650000 	 1.003978e-07
 0.900000 	 0.700000 	 7.524042e-08
 0.900000 	 0.750000 	 5.601505e-08
 0.900000 	 0.800000 	 4.157257e-08
 0.900000 	 0.850000 	 3.084683e-08
 0.900000 	 0.900000 	 2.286369e-08
 0.900000 	 0.950000 	 1.706377e-08
 0.900000 	 1.000000 	 1.270967e-08
 0.950000 	 -1.000000 	 1.084331e-08
 0.950000 	 -0.950000 	 1.434061e-08
 0.950000 	 -0.900000 	 1.895558e-08
 0.950000 	 -0.850000 	 2.507265e-08
 0.950000 	 -0.800000 	 3.320870e-08
 0.950000 	 -0.750000 	 4.384467e-08
 0.950000 	 -0.700000 	 5.775190e-08
 0.950000 	 -0.650000 	 7.559200e-08
 0.950000 	 -0.600000 	 9.835944e-08
 0.950000 	 -0.550000 	 1.266528e-07
 0.950000 	 -0.500000 	 1.610437e-07
 0.950000 	 -0.450000 	 2.023935e-07
 0.950000 	 -0.400000 	 2.498364e-07
 0.950000 	 -0.350000 	 3.029649e-07
 0.950000 	 -0.300000 	 3.602360e-07
 0.950000 	 -0.250000 	 4.183759e-07
 0.950000 	 -0.200000 	 4.744606e-07
 0.950000 	 -0.150000 	 5.240718e-07
 0.950000 	 -0.100000 	 5.634477e-07
 0.950000 	 -0.050000 	 5.886675e-07
 0.950000 	 0.000000 	 5.968362e-07
 0.950000 	 0.050000 	 5.883413e-07
 0.950000 	 0.100000 	 5.627779e-07
 0.950000 	 0.150000 	 5.237676e-07
 0.950000 	 0.200000 	 4.744763e-07
 0.950000 	 0.250000 	 4.186198e-07
 0.950000 	 0.300000 	 3.597943e-07
 0.950000 	 0.350000 	 3.033763e-07
 0.950000 	 0.400000 	 2.498300e-07
 0.950000 	 0.450000 	 2.019753e-07
 0.950000 	 0.500000 	 1.610983e-07
 0.950000 	 0.550000 	 1.265178e-07
 0.950000 	 0.600000 	 9.834903e-08
 0.950000 	 0.650000 	 7.565420e-08
 0.950000 	 0.700000 	 5.779361e-08
 0.950000 	 0.750000 	 4.388660e-08
 0.950000 	 0.800000 	 3.322549e-08
 0.950000 	 0.850000 	 2.509226e-08
 0.950000 	 0.900000 	 1.894584e-08
 0.950000 	 0.950000 	 1.431449e-08
 0.950000 	 1.000000 	 1.083180e-08
 1.000000 	 -1.000000 	 9.226425e-09
 1.000000 	 -0.950000 	 1.200855e-08
 1.000000 	 -0.900000 	 1.565123e-08
 1.000000 	 -0.850000 	 2.040649e-08
 1.000000 	 -0.800000 	 2.658003e-08
 1.000000 	 -0.750000 	 3.448377e-08
 1.000000 	 -0.700000 	 4.451068e-08
 1.000000 	 -0.650000 	 5.731714e-08
 1.000000 	 -0.600000 	 7.312493e-08
 1.000000 	 -0.550000 	 9.244569e-08
 1.000000 	 -0.500000 	 1.153340e-07
 1.000000 	 -0.450000 	 1.422661e-07
 1.000000 	 -0.400000 	 1.726791e-07
 1.000000 	 -0.350000 	 2.060082e-07
 1.000000 	 -0.300000 	 2.415373e-07
 1.000000 	 -0.250000 	 2.768985e-07
 1.000000 	 -0.200000 	 3.102086e-07
 1.000000 	 -0.150000 	 3.393508e-07
 1.000000 	 -0.100000 	 3.624819e-07
 1.000000 	 -0.050000 	 3.772207e-07
 1.000000 	 0.000000 	 3.825035e-07
 1.000000 	 0.050000 	 3.771961e-07
 1.000000 	 0.100000 	 3.622745e-07
 1.000000 	 0.150000 	 3.399946e-07
 1.000000 	 0.200000 	 3.102142e-07
 1.000000 	 0.250000 	 2.767073e-07
 1.000000 	 0.300000 	 2.412240e-07
 1.000000 	 0.350000 	 2.061553e-07
 1.000000 	 0.400000 	 1.727245e-07
 1.000000 	 0.450000 	 1.423092e-07
 1.000000 	 0.500000 	 1.154125e-07
 1.000000 	 0.550000 	 9.232760e-08
 1.000000 	 0.600000 	 7.305984e-08
 1.000000 	 0.650000 	 5.733747e-08
 1.000000 	 0.700000 	 4.454114e-08
 1.000000 	 0.750000 	 3.451874e-08
 1.000000 	 0.800000 	 2.659541e-08
 1.000000 	 0.850000 	 2.038326e-08
 1.000000 	 0.900000 	 1.566619e-08
 1.000000 	 0.950000 	 1.201360e-08
 1.000000 	 1.000000 	 9.202950e-09
