 -1.000000 	 -1.000000 	 1.485787e-08
 -1.000000 	 -0.950000 	 1.950945e-08
 -1.000000 	 -0.900000 	 2.553085e-08
 -1.000000 	 -0.850000 	 3.335194e-08
 -1.000000 	 -0.800000 	 4.335835e-08
 -1.000000 	 -0.750000 	 5.607492e-08
 -1.000000 	 -0.700000 	 7.210320e-08
 -1.000000 	 -0.650000 	 9.196131e-08
 -1.000000 	 -0.600000 	 1.162611e-07
 -1.000000 	 -0.550000 	 1.454316e-07
 -1.000000 	 -0.500000 	 1.798058e-07
 -1.000000 	 -0.450000 	 2.192533e-07
 -1.000000 	 -0.400000 	 2.634047e-07
 -1.000000 	 -0.350000 	 3.111892e-07
 -1.000000 	 -0.300000 	 3.607395e-07
 -1.000000 	 -0.250000 	 4.101574e-07
 -1.000000 	 -0.200000 	 4.563453e-07
 -1.000000 	 -0.150000 	 4.970197e-07
 -1.000000 	 -0.100000 	 5.280866e-07
 -1.000000 	 -0.050000 	 5.478503e-07
 -1.000000 	 0.000000 	 5.547888e-07
 -1.000000 	 0.050000 	 5.477511e-07
 -1.000000 	 0.100000 	 5.280766e-07
 -1.000000 	 0.150000 	 4.967138e-07
 -1.000000 	 0.200000 	 4.564186e-07
 -1.000000 	 0.250000 	 4.101621e-07
 -1.000000 	 0.300000 	 3.606885e-07
 -1.000000 	 0.350000 	 3.111694e-07
 -1.000000 	 0.400000 	 2.634234e-07
 -1.000000 	 0.450000 	 2.193109e-07
 -1.000000 	 0.500000 	 1.798459e-07
 -1.000000 	 0.550000 	 1.454684e-07
 -1.000000 	 0.600000 	 1.162645e-07
 -1.000000 	 0.650000 	 9.195133e-08
 -1.000000 	 0.700000 	 7.211100e-08
 -1.000000 	 0.750000 	 5.608126e-08
 -1.000000 	 0.800000 	 4.335476e-08
 -1.000000 	 0.850000 	 3.334305e-08
 -1.000000 	 0.900000 	 2.554203e-08
 -1.000000 	 0.950000 	 1.951467e-08
 -1.000000 	 1.000000 	 1.486793e-08
 -0.950000 	 -1.000000 	 1.880444e-08
 -0.950000 	 -0.950000 	 2.501242e-08
 -0.950000 	 -0.900000 	 3.322086e-08
 -0.950000 	 -0.850000 	 4.400517e-08
 -0.950000 	 -0.800000 	 5.803934e-08
 -0.950000 	 -0.750000 	 7.623753e-08
 -0.950000 	 -0.700000 	 9.956382e-08
 -0.950000 	 -0.650000 	 1.289757e-07
 -0.950000 	 -0.600000 	 1.656296e-07
 -0.950000 	 -0.550000 	 2.105442e-07
 -0.950000 	 -0.500000 	 2.643577e-07
 -0.950000 	 -0.450000 	 3.272301e-07
 -0.950000 	 -0.400000 	 3.986124e-07
 -0.950000 	 -0.350000 	 4.774573e-07
 -0.950000 	 -0.300000 	 5.604556e-07
 -0.950000 	 -0.250000 	 6.440837e-07
 -0.950000 	 -0.200000 	 7.234643e-07
 -0.950000 	 -0.150000 	 7.934667e-07
 -0.950000 	 -0.100000 	 8.483486e-07
 -0.950000 	 -0.050000 	 8.830410e-07
 -0.950000 	 0.000000 	 8.947728e-07
 -0.950000 	 0.050000 	 8.826605e-07
 -0.950000 	 0.100000 	 8.481554e-07
 -0.950000 	 0.150000 	 7.933687e-07
 -0.950000 	 0.200000 	 7.237170e-07
 -0.950000 	 0.250000 	 6.440165e-07
 -0.950000 	 0.300000 	 5.606139e-07
 -0.950000 	 0.350000 	 4.773187e-07
 -0.950000 	 0.400000 	 3.987787e-07
 -0.950000 	 0.450000 	 3.272923e-07
 -0.950000 	 0.500000 	 2.642785e-07
 -0.950000 	 0.550000 	 2.105880e-07
 -0.950000 	 0.600000 	 1.656753e-07
 -0.950000 	 0.650000 	 1.289327e-07
 -0.950000 	 0.700000 	 9.957748e-08
 -0.950000 	 0.750000 	 7.626133e-08
 -0.950000 	 0.800000 	 5.805126e-08
 -0.950000 	 0.850000 	 4.399513e-08
 -0.950000 	 0.900000 	 3.321339e-08
 -0.950000 	 0.950000 	 2.501943e-08
 -0.950000 	 1.000000 	 1.881156e-08
 -0.900000 	 -1.000000 	 2.369393e-08
 -0.900000 	 -0.950000 	 3.195164e-08
 -0.900000 	 -0.900000 	 4.305073e-08
 -0.900000 	 -0.850000 	 5.787707e-08
 -0.900000 	 -0.800000 	 7.759457e-08
 -0.900000 	 -0.750000 	 1.035991e-07
 -0.900000 	 -0.700000 	 1.375042e-07
 -0.900000 	 -0.650000 	 1.811942e-07
 -0.900000 	 -0.600000 	 2.368768e-07
 -0.900000 	 -0.550000 	 3.061381e-07
 -0.900000 	 -0.500000 	 3.910645e-07
 -0.900000 	 -0.450000 	 4.923148e-07
 -0.900000 	 -0.400000 	 6.091904e-07
 -0.900000 	 -0.350000 	 7.404869e-07
 -0.900000 	 -0.300000 	 8.813644e-07
 -0.900000 	 -0.250000 	 1.025415e-06
 -0.900000 	 -0.200000 	 1.163830e-06
 -0.900000 	 -0.150000 	 1.287311e-06
 -0.900000 	 -0.100000 	 1.384920e-06
 -0.900000 	 -0.050000 	 1.447106e-06
 -0.900000 	 0.000000 	 1.468391e-06
 -0.900000 	 0.050000 	 1.446782e-06
 -0.900000 	 0.100000 	 1.384961e-06
 -0.900000 	 0.150000 	 1.287027e-06
 -0.900000 	 0.200000 	 1.164205e-06
 -0.900000 	 0.250000 	 1.025354e-06
 -0.900000 	 0.300000 	 8.812119e-07
 -0.900000 	 0.350000 	 7.403006e-07
 -0.900000 	 0.400000 	 6.093793e-07
 -0.900000 	 0.450000 	 4.921652e-07
 -0.900000 	 0.500000 	 3.910003e-07
 -0.900000 	 0.550000 	 3.061313e-07
 -0.900000 	 0.600000 	 2.368466e-07
 -0.900000 	 0.650000 	 1.811761e-07
 -0.900000 	 0.700000 	 1.374942e-07
 -0.900000 	 0.750000 	 1.036377e-07
 -0.900000 	 0.800000 	 7.760877e-08
 -0.900000 	 0.850000 	 5.787379e-08
 -0.900000 	 0.900000 	 4.305893e-08
 -0.900000 	 0.950000 	 3.195335e-08
 -0.900000 	 1.000000 	 2.369293e-08
 -0.850000 	 -1.000000 	 2.966786e-08
 -0.850000 	 -0.950000 	 4.061030e-08
 -0.850000 	 -0.900000 	 5.554575e-08
 -0.850000 	 -0.850000 	 7.593693e-08
 -0.850000 	 -0.800000 	 1.034801e-07
 -0.850000 	 -0.750000 	 1.405506e-07
 -0.850000 	 -0.700000 	 1.899391e-07
 -0.850000 	 -0.650000 	 2.548659e-07
 -0.850000 	 -0.600000 	 3.393123e-07
 -0.850000 	 -0.550000 	 4.471272e-07
 -0.850000 	 -0.500000 	 5.814474e-07
 -0.850000 	 -0.450000 	 7.453679e-07
 -0.850000 	 -0.400000 	 9.394053e-07
 -0.850000 	 -0.350000 	 1.160688e-06
 -0.850000 	 -0.300000 	 1.402948e-06
 -0.850000 	 -0.250000 	 1.655766e-06
 -0.850000 	 -0.200000 	 1.902041e-06
 -0.850000 	 -0.150000 	 2.123516e-06
 -0.850000 	 -0.100000 	 2.300334e-06
 -0.850000 	 -0.050000 	 2.414705e-06
 -0.850000 	 0.000000 	 2.454536e-06
 -0.850000 	 0.050000 	 2.415557e-06
 -0.850000 	 0.100000 	 2.300589e-06
 -0.850000 	 0.150000 	 2.123426e-06
 -0.850000 	 0.200000 	 1.901359e-06
 -0.850000 	 0.250000 	 1.655129e-06
 -0.850000 	 0.300000 	 1.403279e-06
 -0.850000 	 0.350000 	 1.160766e-06
 -0.850000 	 0.400000 	 9.389775e-07
 -0.850000 	 0.450000 	 7.454165e-07
 -0.850000 	 0.500000 	 5.816288e-07
 -0.850000 	 0.550000 	 4.471677e-07
 -0.850000 	 0.600000 	 3.394316e-07
 -0.850000 	 0.650000 	 2.549474e-07
 -0.850000 	 0.700000 	 1.899464e-07
 -0.850000 	 0.750000 	 1.406000e-07
 -0.850000 	 0.800000 	 1.035192e-07
 -0.850000 	 0.850000 	 7.591417e-08
 -0.850000 	 0.900000 	 5.556125e-08
 -0.850000 	 0.950000 	 4.060827e-08
 -0.850000 	 1.000000 	 2.966371e-08
 -0.800000 	 -1.000000 	 3.688594e-08
 -0.800000 	 -0.950000 	 5.126045e-08
 -0.800000 	 -0.900000 	 7.127172e-08
 -0.800000 	 -0.850000 	 9.906858e-08
 -0.800000 	 -0.800000 	 1.373807e-07
 -0.800000 	 -0.750000 	 1.901236e-07
 -0.800000 	 -0.700000 	 2.619286e-07
 -0.800000 	 -0.650000 	 3.583431e-07
 -0.800000 	 -0.600000 	 4.868730e-07
 -0.800000 	 -0.550000 	 6.540522e-07
 -0.800000 	 -0.500000 	 8.691152e-07
 -0.800000 	 -0.450000 	 1.136948e-06
 -0.800000 	 -0.400000 	 1.460907e-06
 -0.800000 	 -0.350000 	 1.839855e-06
 -0.800000 	 -0.300000 	 2.262830e-06
 -0.800000 	 -0.250000 	 2.710656e-06
 -0.800000 	 -0.200000 	 3.156479e-06
 -0.800000 	 -0.150000 	 3.562389e-06
 -0.800000 	 -0.100000 	 3.891868e-06
 -0.800000 	 -0.050000 	 4.104880e-06
 -0.800000 	 0.000000 	 4.180426e-06
 -0.800000 	 0.050000 	 4.107511e-06
 -0.800000 	 0.100000 	 3.891882e-06
 -0.800000 	 0.150000 	 3.563256e-06
 -0.800000 	 0.200000 	 3.156707e-06
 -0.800000 	 0.250000 	 2.711417e-06
 -0.800000 	 0.300000 	 2.262133e-06
 -0.800000 	 0.350000 	 1.839685e-06
 -0.800000 	 0.400000 	 1.461022e-06
 -0.800000 	 0.450000 	 1.136323e-06
 -0.800000 	 0.500000 	 8.693485e-07
 -0.800000 	 0.550000 	 6.546423e-07
 -0.800000 	 0.600000 	 4.870679e-07
 -0.800000 	 0.650000 	 3.585202e-07
 -0.800000 	 0.700000 	 2.619370e-07
 -0.800000 	 0.750000 	 1.901271e-07
 -0.800000 	 0.800000 	 1.374289e-07
 -0.800000 	 0.850000 	 9.906399e-08
 -0.800000 	 0.900000 	 7.126941e-08
 -0.800000 	 0.950000 	 5.124992e-08
 -0.800000 	 1.000000 	 3.688950e-08
 -0.750000 	 -1.000000 	 4.545146e-08
 -0.750000 	 -0.950000 	 6.420902e-08
 -0.750000 	 -0.900000 	 9.078960e-08
 -0.750000 	 -0.850000 	 1.284218e-07
 -0.750000 	 -0.800000 	 1.815018e-07
 -0.750000 	 -0.750000 	 2.562189e-07
 -0.750000 	 -0.700000 	 3.599580e-07
 -0.750000 	 -0.650000 	 5.032301e-07
 -0.750000 	 -0.600000 	 6.987173e-07
 -0.750000 	 -0.550000 	 9.601730e-07
 -0.750000 	 -0.500000 	 1.304050e-06
 -0.750000 	 -0.450000 	 1.743713e-06
 -0.750000 	 -0.400000 	 2.290852e-06
 -0.750000 	 -0.350000 	 2.944424e-06
 -0.750000 	 -0.300000 	 3.693127e-06
 -0.750000 	 -0.250000 	 4.505409e-06
 -0.750000 	 -0.200000 	 5.326850e-06
 -0.750000 	 -0.150000 	 6.090009e-06
 -0.750000 	 -0.100000 	 6.712995e-06
 -0.750000 	 -0.050000 	 7.122509e-06
 -0.750000 	 0.000000 	 7.262432e-06
 -0.750000 	 0.050000 	 7.123175e-06
 -0.750000 	 0.100000 	 6.712970e-06
 -0.750000 	 0.150000 	 6.089505e-06
 -0.750000 	 0.200000 	 5.327097e-06
 -0.750000 	 0.250000 	 4.504968e-06
 -0.750000 	 0.300000 	 3.693996e-06
 -0.750000 	 0.350000 	 2.944871e-06
 -0.750000 	 0.400000 	 2.290926e-06
 -0.750000 	 0.450000 	 1.743404e-06
 -0.750000 	 0.500000 	 1.304013e-06
 -0.750000 	 0.550000 	 9.602164e-07
 -0.750000 	 0.600000 	 6.982835e-07
 -0.750000 	 0.650000 	 5.033527e-07
 -0.750000 	 0.700000 	 3.600271e-07
 -0.750000 	 0.750000 	 2.559501e-07
 -0.750000 	 0.800000 	 1.814980e-07
 -0.750000 	 0.850000 	 1.283351e-07
 -0.750000 	 0.900000 	 9.071385e-08
 -0.750000 	 0.950000 	 6.420591e-08
 -0.750000 	 1.000000 	 4.550026e-08
 -0.700000 	 -1.000000 	 5.550894e-08
 -0.700000 	 -0.950000 	 7.967718e-08
 -0.700000 	 -0.900000 	 1.145306e-07
 -0.700000 	 -0.850000 	 1.651041e-07
 -0.700000 	 -0.800000 	 2.381178e-07
 -0.700000 	 -0.750000 	 3.427925e-07
 -0.700000 	 -0.700000 	 4.924528e-07
 -0.700000 	 -0.650000 	 7.044249e-07
 -0.700000 	 -0.600000 	 1.000555e-06
 -0.700000 	 -0.550000 	 1.409352e-06
 -0.700000 	 -0.500000 	 1.960986e-06
 -0.700000 	 -0.450000 	 2.688187e-06
 -0.700000 	 -0.400000 	 3.616347e-06
 -0.700000 	 -0.350000 	 4.759858e-06
 -0.700000 	 -0.300000 	 6.105429e-06
 -0.700000 	 -0.250000 	 7.595030e-06
 -0.700000 	 -0.200000 	 9.142218e-06
 -0.700000 	 -0.150000 	 1.059834e-05
 -0.700000 	 -0.100000 	 1.180543e-05
 -0.700000 	 -0.050000 	 1.261421e-05
 -0.700000 	 0.000000 	 1.289760e-05
 -0.700000 	 0.050000 	 1.260954e-05
 -0.700000 	 0.100000 	 1.181084e-05
 -0.700000 	 0.150000 	 1.060093e-05
 -0.700000 	 0.200000 	 9.145554e-06
 -0.700000 	 0.250000 	 7.595995e-06
 -0.700000 	 0.300000 	 6.104007e-06
 -0.700000 	 0.350000 	 4.758618e-06
 -0.700000 	 0.400000 	 3.617092e-06
 -0.700000 	 0.450000 	 2.688961e-06
 -0.700000 	 0.500000 	 1.961333e-06
 -0.700000 	 0.550000 	 1.409375e-06
 -0.700000 	 0.600000 	 1.001456e-06
 -0.700000 	 0.650000 	 7.046159e-07
 -0.700000 	 0.700000 	 4.922056e-07
 -0.700000 	 0.750000 	 3.428515e-07
 -0.700000 	 0.800000 	 2.380206e-07
 -0.700000 	 0.850000 	 1.651061e-07
 -0.700000 	 0.900000 	 1.145656e-07
 -0.700000 	 0.950000 	 7.965610e-08
 -0.700000 	 1.000000 	 5.550189e-08
 -0.650000 	 -1.000000 	 6.693151e-08
 -0.650000 	 -0.950000 	 9.770211e-08
 -0.650000 	 -0.900000 	 1.430500e-07
 -0.650000 	 -0.850000 	 2.101409e-07
 -0.650000 	 -0.800000 	 3.092272e-07
 -0.650000 	 -0.750000 	 4.549631e-07
 -0.650000 	 -0.700000 	 6.689181e-07
 -0.650000 	 -0.650000 	 9.804554e-07
 -0.650000 	 -0.600000 	 1.428499e-06
 -0.650000 	 -0.550000 	 2.065252e-06
 -0.650000 	 -0.500000 	 2.952495e-06
 -0.650000 	 -0.450000 	 4.156730e-06
 -0.650000 	 -0.400000 	 5.746349e-06
 -0.650000 	 -0.350000 	 7.761350e-06
 -0.650000 	 -0.300000 	 1.020338e-05
 -0.650000 	 -0.250000 	 1.298876e-05
 -0.650000 	 -0.200000 	 1.595285e-05
 -0.650000 	 -0.150000 	 1.879930e-05
 -0.650000 	 -0.100000 	 2.120579e-05
 -0.650000 	 -0.050000 	 2.281798e-05
 -0.650000 	 0.000000 	 2.338887e-05
 -0.650000 	 0.050000 	 2.282783e-05
 -0.650000 	 0.100000 	 2.121556e-05
 -0.650000 	 0.150000 	 1.879947e-05
 -0.650000 	 0.200000 	 1.594528e-05
 -0.650000 	 0.250000 	 1.298765e-05
 -0.650000 	 0.300000 	 1.020192e-05
 -0.650000 	 0.350000 	 7.761651e-06
 -0.650000 	 0.400000 	 5.745826e-06
 -0.650000 	 0.450000 	 4.155780e-06
 -0.650000 	 0.500000 	 2.952798e-06
 -0.650000 	 0.550000 	 2.064669e-06
 -0.650000 	 0.600000 	 1.428613e-06
 -0.650000 	 0.650000 	 9.803950e-07
 -0.650000 	 0.700000 	 6.689539e-07
 -0.650000 	 0.750000 	 4.551642e-07
 -0.650000 	 0.800000 	 3.090862e-07
 -0.650000 	 0.850000 	 2.100154e-07
 -0.650000 	 0.900000 	 1.429399e-07
 -0.650000 	 0.950000 	 9.762186e-08
 -0.650000 	 1.000000 	 6.699767e-08
 -0.600000 	 -1.000000 	 7.966495e-08
 -0.600000 	 -0.950000 	 1.182048e-07
 -0.600000 	 -0.900000 	 1.762760e-07
 -0.600000 	 -0.850000 	 2.640690e-07
 -0.600000 	 -0.800000 	 3.966552e-07
 -0.600000 	 -0.750000 	 5.975173e-07
 -0.600000 	 -0.700000 	 8.998572e-07
 -0.600000 	 -0.650000 	 1.353366e-06
 -0.600000 	 -0.600000 	 2.027600e-06
 -0.600000 	 -0.550000 	 3.013054e-06
 -0.600000 	 -0.500000 	 4.435286e-06
 -0.600000 	 -0.450000 	 6.438549e-06
 -0.600000 	 -0.400000 	 9.165931e-06
 -0.600000 	 -0.350000 	 1.274775e-05
 -0.600000 	 -0.300000 	 1.723515e-05
 -0.600000 	 -0.250000 	 2.251718e-05
 -0.600000 	 -0.200000 	 2.827285e-05
 -0.600000 	 -0.150000 	 3.398641e-05
 -0.600000 	 -0.100000 	 3.887623e-05
 -0.600000 	 -0.050000 	 4.223076e-05
 -0.600000 	 0.000000 	 4.340273e-05
 -0.600000 	 0.050000 	 4.222966e-05
 -0.600000 	 0.100000 	 3.889061e-05
 -0.600000 	 0.150000 	 3.398585e-05
 -0.600000 	 0.200000 	 2.828178e-05
 -0.600000 	 0.250000 	 2.251658e-05
 -0.600000 	 0.300000 	 1.722814e-05
 -0.600000 	 0.350000 	 1.274645e-05
 -0.600000 	 0.400000 	 9.161658e-06
 -0.600000 	 0.450000 	 6.434247e-06
 -0.600000 	 0.500000 	 4.435389e-06
 -0.600000 	 0.550000 	 3.013298e-06
 -0.600000 	 0.600000 	 2.028438e-06
 -0.600000 	 0.650000 	 1.353513e-06
 -0.600000 	 0.700000 	 9.005780e-07
 -0.600000 	 0.750000 	 5.971729e-07
 -0.600000 	 0.800000 	 3.966853e-07
 -0.600000 	 0.850000 	 2.640821e-07
 -0.600000 	 0.900000 	 1.763330e-07
 -0.600000 	 0.950000 	 1.181075e-07
 -0.600000 	 1.000000 	 7.969850e-08
 -0.550000 	 -1.000000 	 9.332316e-08
 -0.550000 	 -0.950000 	 1.407511e-07
 -0.550000 	 -0.900000 	 2.137165e-07
 -0.550000 	 -0.850000 	 3.268640e-07
 -0.550000 	 -0.800000 	 5.019502e-07
 -0.550000 	 -0.750000 	 7.741076e-07
 -0.550000 	 -0.700000 	 1.196320e-06
 -0.550000 	 -0.650000 	 1.848219e-06
 -0.550000 	 -0.600000 	 2.849065e-06
 -0.550000 	 -0.550000 	 4.365863e-06
 -0.550000 	 -0.500000 	 6.633652e-06
 -0.550000 	 -0.450000 	 9.943584e-06
 -0.550000 	 -0.400000 	 1.463440e-05
 -0.550000 	 -0.350000 	 2.102538e-05
 -0.550000 	 -0.300000 	 2.934031e-05
 -0.550000 	 -0.250000 	 3.946294e-05
 -0.550000 	 -0.200000 	 5.090738e-05
 -0.550000 	 -0.150000 	 6.252973e-05
 -0.550000 	 -0.100000 	 7.273096e-05
 -0.550000 	 -0.050000 	 7.979023e-05
 -0.550000 	 0.000000 	 8.229302e-05
 -0.550000 	 0.050000 	 7.977529e-05
 -0.550000 	 0.100000 	 7.273687e-05
 -0.550000 	 0.150000 	 6.253534e-05
 -0.550000 	 0.200000 	 5.091644e-05
 -0.550000 	 0.250000 	 3.948221e-05
 -0.550000 	 0.300000 	 2.935459e-05
 -0.550000 	 0.350000 	 2.103640e-05
 -0.550000 	 0.400000 	 1.463417e-05
 -0.550000 	 0.450000 	 9.941773e-06
 -0.550000 	 0.500000 	 6.633259e-06
 -0.550000 	 0.550000 	 4.366178e-06
 -0.550000 	 0.600000 	 2.847622e-06
 -0.550000 	 0.650000 	 1.847960e-06
 -0.550000 	 0.700000 	 1.196460e-06
 -0.550000 	 0.750000 	 7.744707e-07
 -0.550000 	 0.800000 	 5.020208e-07
 -0.550000 	 0.850000 	 3.269432e-07
 -0.550000 	 0.900000 	 2.139000e-07
 -0.550000 	 0.950000 	 1.407746e-07
 -0.550000 	 1.000000 	 9.324327e-08
 -0.500000 	 -1.000000 	 1.072921e-07
 -0.500000 	 -0.950000 	 1.646748e-07
 -0.500000 	 -0.900000 	 2.547341e-07
 -0.500000 	 -0.850000 	 3.974700e-07
 -0.500000 	 -0.800000 	 6.242827e-07
 -0.500000 	 -0.750000 	 9.864065e-07
 -0.500000 	 -0.700000 	 1.565337e-06
 -0.500000 	 -0.650000 	 2.486667e-06
 -0.500000 	 -0.600000 	 3.952392e-06
 -0.500000 	 -0.550000 	 6.259333e-06
 -0.500000 	 -0.500000 	 9.839003e-06
 -0.500000 	 -0.450000 	 1.527723e-05
 -0.500000 	 -0.400000 	 2.331469e-05
 -0.500000 	 -0.350000 	 3.474343e-05
 -0.500000 	 -0.300000 	 5.020514e-05
 -0.500000 	 -0.250000 	 6.985072e-05
 -0.500000 	 -0.200000 	 9.274785e-05
 -0.500000 	 -0.150000 	 1.167974e-04
 -0.500000 	 -0.100000 	 1.384834e-04
 -0.500000 	 -0.050000 	 1.537266e-04
 -0.500000 	 0.000000 	 1.592789e-04
 -0.500000 	 0.050000 	 1.537519e-04
 -0.500000 	 0.100000 	 1.385071e-04
 -0.500000 	 0.150000 	 1.168549e-04
 -0.500000 	 0.200000 	 9.278853e-05
 -0.500000 	 0.250000 	 6.984055e-05
 -0.500000 	 0.300000 	 5.021180e-05
 -0.500000 	 0.350000 	 3.475057e-05
 -0.500000 	 0.400000 	 2.330933e-05
 -0.500000 	 0.450000 	 1.527873e-05
 -0.500000 	 0.500000 	 9.839483e-06
 -0.500000 	 0.550000 	 6.259073e-06
 -0.500000 	 0.600000 	 3.953071e-06
 -0.500000 	 0.650000 	 2.488057e-06
 -0.500000 	 0.700000 	 1.564359e-06
 -0.500000 	 0.750000 	 9.871812e-07
 -0.500000 	 0.800000 	 6.245615e-07
 -0.500000 	 0.850000 	 3.976623e-07
 -0.500000 	 0.900000 	 2.549121e-07
 -0.500000 	 0.950000 	 1.646477e-07
 -0.500000 	 1.000000 	 1.072697e-07
 -0.450000 	 -1.000000 	 1.208200e-07
 -0.450000 	 -0.950000 	 1.885497e-07
 -0.450000 	 -0.900000 	 2.975634e-07
 -0.450000 	 -0.850000 	 4.734242e-07
 -0.450000 	 -0.800000 	 7.604108e-07
 -0.450000 	 -0.750000 	 1.232241e-06
 -0.450000 	 -0.700000 	 2.007913e-06
 -0.450000 	 -0.650000 	 3.287857e-06
 -0.450000 	 -0.600000 	 5.395141e-06
 -0.450000 	 -0.550000 	 8.834670e-06
 -0.450000 	 -0.500000 	 1.440446e-05
 -0.450000 	 -0.450000 	 2.323687e-05
 -0.450000 	 -0.400000 	 3.686414e-05
 -0.450000 	 -0.350000 	 5.718926e-05
 -0.450000 	 -0.300000 	 8.591140e-05
 -0.450000 	 -0.250000 	 1.240714e-04
 -0.450000 	 -0.200000 	 1.704277e-04
 -0.450000 	 -0.150000 	 2.208555e-04
 -0.450000 	 -0.100000 	 2.675628e-04
 -0.450000 	 -0.050000 	 3.011261e-04
 -0.450000 	 0.000000 	 3.132612e-04
 -0.450000 	 0.050000 	 3.010383e-04
 -0.450000 	 0.100000 	 2.676826e-04
 -0.450000 	 0.150000 	 2.208659e-04
 -0.450000 	 0.200000 	 1.704478e-04
 -0.450000 	 0.250000 	 1.240127e-04
 -0.450000 	 0.300000 	 8.590386e-05
 -0.450000 	 0.350000 	 5.719535e-05
 -0.450000 	 0.400000 	 3.686924e-05
 -0.450000 	 0.450000 	 2.323248e-05
 -0.450000 	 0.500000 	 1.439492e-05
 -0.450000 	 0.550000 	 8.836984e-06
 -0.450000 	 0.600000 	 5.391343e-06
 -0.450000 	 0.650000 	 3.285359e-06
 -0.450000 	 0.700000 	 2.007422e-06
 -0.450000 	 0.750000 	 1.232066e-06
 -0.450000 	 0.800000 	 7.610189e-07
 -0.450000 	 0.850000 	 4.734690e-07
 -0.450000 	 0.900000 	 2.972625e-07
 -0.450000 	 0.950000 	 1.885788e-07
 -0.450000 	 1.000000 	 1.208346e-07
 -0.400000 	 -1.000000 	 1.331710e-07
 -0.400000 	 -0.950000 	 2.112063e-07
 -0.400000 	 -0.900000 	 3.387806e-07
 -0.400000 	 -0.850000 	 5.502084e-07
 -0.400000 	 -0.800000 	 9.046051e-07
 -0.400000 	 -0.750000 	 1.500371e-06
 -0.400000 	 -0.700000 	 2.514128e-06
 -0.400000 	 -0.650000 	 4.240905e-06
 -0.400000 	 -0.600000 	 7.191993e-06
 -0.400000 	 -0.550000 	 1.221898e-05
 -0.400000 	 -0.500000 	 2.067067e-05
 -0.400000 	 -0.450000 	 3.475298e-05
 -0.400000 	 -0.400000 	 5.753832e-05
 -0.400000 	 -0.350000 	 9.315046e-05
 -0.400000 	 -0.300000 	 1.460784e-04
 -0.400000 	 -0.250000 	 2.198078e-04
 -0.400000 	 -0.200000 	 3.136022e-04
 -0.400000 	 -0.150000 	 4.194062e-04
 -0.400000 	 -0.100000 	 5.208997e-04
 -0.400000 	 -0.050000 	 5.954099e-04
 -0.400000 	 0.000000 	 6.227633e-04
 -0.400000 	 0.050000 	 5.954870e-04
 -0.400000 	 0.100000 	 5.207741e-04
 -0.400000 	 0.150000 	 4.193824e-04
 -0.400000 	 0.200000 	 3.135171e-04
 -0.400000 	 0.250000 	 2.196684e-04
 -0.400000 	 0.300000 	 1.460670e-04
 -0.400000 	 0.350000 	 9.316225e-05
 -0.400000 	 0.400000 	 5.751590e-05
 -0.400000 	 0.450000 	 3.473249e-05
 -0.400000 	 0.500000 	 2.067673e-05
 -0.400000 	 0.550000 	 1.221352e-05
 -0.400000 	 0.600000 	 7.194122e-06
 -0.400000 	 0.650000 	 4.237468e-06
 -0.400000 	 0.700000 	 2.515179e-06
 -0.400000 	 0.750000 	 1.501053e-06
 -0.400000 	 0.800000 	 9.045753e-07
 -0.400000 	 0.850000 	 5.506467e-07
 -0.400000 	 0.900000 	 3.391835e-07
 -0.400000 	 0.950000 	 2.111682e-07
 -0.400000 	 1.000000 	 1.332344e-07
 -0.350000 	 -1.000000 	 1.430933e-07
 -0.350000 	 -0.950000 	 2.302431e-07
 -0.350000 	 -0.900000 	 3.761796e-07
 -0.350000 	 -0.850000 	 6.227397e-07
 -0.350000 	 -0.800000 	 1.045791e-06
 -0.350000 	 -0.750000 	 1.777441e-06
 -0.350000 	 -0.700000 	 3.057121e-06
 -0.350000 	 -0.650000 	 5.320876e-06
 -0.350000 	 -0.600000 	 9.321294e-06
 -0.350000 	 -0.550000 	 1.641313e-05
 -0.350000 	 -0.500000 	 2.891636e-05
 -0.350000 	 -0.450000 	 5.066174e-05
 -0.350000 	 -0.400000 	 8.778424e-05
 -0.350000 	 -0.350000 	 1.488101e-04
 -0.350000 	 -0.300000 	 2.445515e-04
 -0.350000 	 -0.250000 	 3.849968e-04
 -0.350000 	 -0.200000 	 5.717460e-04
 -0.350000 	 -0.150000 	 7.919811e-04
 -0.350000 	 -0.100000 	 1.010761e-03
 -0.350000 	 -0.050000 	 1.174531e-03
 -0.350000 	 0.000000 	 1.235953e-03
 -0.350000 	 0.050000 	 1.174777e-03
 -0.350000 	 0.100000 	 1.010736e-03
 -0.350000 	 0.150000 	 7.922672e-04
 -0.350000 	 0.200000 	 5.716653e-04
 -0.350000 	 0.250000 	 3.846262e-04
 -0.350000 	 0.300000 	 2.446153e-04
 -0.350000 	 0.350000 	 1.488498e-04
 -0.350000 	 0.400000 	 8.775516e-05
 -0.350000 	 0.450000 	 5.069439e-05
 -0.350000 	 0.500000 	 2.891938e-05
 -0.350000 	 0.550000 	 1.641138e-05
 -0.350000 	 0.600000 	 9.322010e-06
 -0.350000 	 0.650000 	 5.320834e-06
 -0.350000 	 0.700000 	 3.058347e-06
 -0.350000 	 0.750000 	 1.777901e-06
 -0.350000 	 0.800000 	 1.045676e-06
 -0.350000 	 0.850000 	 6.224510e-07
 -0.350000 	 0.900000 	 3.758225e-07
 -0.350000 	 0.950000 	 2.304461e-07
 -0.350000 	 1.000000 	 1.431254e-07
 -0.300000 	 -1.000000 	 1.495420e-07
 -0.300000 	 -0.950000 	 2.441782e-07
 -0.300000 	 -0.900000 	 4.052204e-07
 -0.300000 	 -0.850000 	 6.831329e-07
 -0.300000 	 -0.800000 	 1.169839e-06
 -0.300000 	 -0.750000 	 2.037280e-06
 -0.300000 	 -0.700000 	 3.598775e-06
 -0.300000 	 -0.650000 	 6.450106e-06
 -0.300000 	 -0.600000 	 1.167112e-05
 -0.300000 	 -0.550000 	 2.131132e-05
 -0.300000 	 -0.500000 	 3.905437e-05
 -0.300000 	 -0.450000 	 7.148739e-05
 -0.300000 	 -0.400000 	 1.296192e-04
 -0.300000 	 -0.350000 	 2.306274e-04
 -0.300000 	 -0.300000 	 3.978667e-04
 -0.300000 	 -0.250000 	 6.567545e-04
 -0.300000 	 -0.200000 	 1.019630e-03
 -0.300000 	 -0.150000 	 1.465779e-03
 -0.300000 	 -0.100000 	 1.922171e-03
 -0.300000 	 -0.050000 	 2.272260e-03
 -0.300000 	 0.000000 	 2.405606e-03
 -0.300000 	 0.050000 	 2.272350e-03
 -0.300000 	 0.100000 	 1.922132e-03
 -0.300000 	 0.150000 	 1.465763e-03
 -0.300000 	 0.200000 	 1.019672e-03
 -0.300000 	 0.250000 	 6.562997e-04
 -0.300000 	 0.300000 	 3.979888e-04
 -0.300000 	 0.350000 	 2.306219e-04
 -0.300000 	 0.400000 	 1.296686e-04
 -0.300000 	 0.450000 	 7.146948e-05
 -0.300000 	 0.500000 	 3.907930e-05
 -0.300000 	 0.550000 	 2.132139e-05
 -0.300000 	 0.600000 	 1.167858e-05
 -0.300000 	 0.650000 	 6.447918e-06
 -0.300000 	 0.700000 	 3.599670e-06
 -0.300000 	 0.750000 	 2.036662e-06
 -0.300000 	 0.800000 	 1.170638e-06
 -0.300000 	 0.850000 	 6.827607e-07
 -0.300000 	 0.900000 	 4.051952e-07
 -0.300000 	 0.950000 	 2.441119e-07
 -0.300000 	 1.000000 	 1.494980e-07
 -0.250000 	 -1.000000 	 1.517047e-07
 -0.250000 	 -0.950000 	 2.505789e-07
 -0.250000 	 -0.900000 	 4.220290e-07
 -0.250000 	 -0.850000 	 7.239056e-07
 -0.250000 	 -0.800000 	 1.264530e-06
 -0.250000 	 -0.750000 	 2.249115e-06
 -0.250000 	 -0.700000 	 4.075890e-06
 -0.250000 	 -0.650000 	 7.500189e-06
 -0.250000 	 -0.600000 	 1.402541e-05
 -0.250000 	 -0.550000 	 2.651165e-05
 -0.250000 	 -0.500000 	 5.052257e-05
 -0.250000 	 -0.450000 	 9.645805e-05
 -0.250000 	 -0.400000 	 1.831560e-04
 -0.250000 	 -0.350000 	 3.418954e-04
 -0.250000 	 -0.300000 	 6.197747e-04
 -0.250000 	 -0.250000 	 1.072976e-03
 -0.250000 	 -0.200000 	 1.742094e-03
 -0.250000 	 -0.150000 	 2.597333e-03
 -0.250000 	 -0.100000 	 3.495014e-03
 -0.250000 	 -0.050000 	 4.190451e-03
 -0.250000 	 0.000000 	 4.456307e-03
 -0.250000 	 0.050000 	 4.191176e-03
 -0.250000 	 0.100000 	 3.494738e-03
 -0.250000 	 0.150000 	 2.598182e-03
 -0.250000 	 0.200000 	 1.742626e-03
 -0.250000 	 0.250000 	 1.073580e-03
 -0.250000 	 0.300000 	 6.198777e-04
 -0.250000 	 0.350000 	 3.417756e-04
 -0.250000 	 0.400000 	 1.830906e-04
 -0.250000 	 0.450000 	 9.646915e-05
 -0.250000 	 0.500000 	 5.051209e-05
 -0.250000 	 0.550000 	 2.650389e-05
 -0.250000 	 0.600000 	 1.402254e-05
 -0.250000 	 0.650000 	 7.505234e-06
 -0.250000 	 0.700000 	 4.074846e-06
 -0.250000 	 0.750000 	 2.249485e-06
 -0.250000 	 0.800000 	 1.264914e-06
 -0.250000 	 0.850000 	 7.234621e-07
 -0.250000 	 0.900000 	 4.223113e-07
 -0.250000 	 0.950000 	 2.510501e-07
 -0.250000 	 1.000000 	 1.517489e-07
 -0.200000 	 -1.000000 	 1.489771e-07
 -0.200000 	 -0.950000 	 2.490186e-07
 -0.200000 	 -0.900000 	 4.244731e-07
 -0.200000 	 -0.850000 	 7.385882e-07
 -0.200000 	 -0.800000 	 1.312376e-06
 -0.200000 	 -0.750000 	 2.383345e-06
 -0.200000 	 -0.700000 	 4.413998e-06
 -0.200000 	 -0.650000 	 8.344682e-06
 -0.200000 	 -0.600000 	 1.604264e-05
 -0.200000 	 -0.550000 	 3.133850e-05
 -0.200000 	 -0.500000 	 6.195074e-05
 -0.200000 	 -0.450000 	 1.230969e-04
 -0.200000 	 -0.400000 	 2.441166e-04
 -0.200000 	 -0.350000 	 4.773074e-04
 -0.200000 	 -0.300000 	 9.079331e-04
 -0.200000 	 -0.250000 	 1.647166e-03
 -0.200000 	 -0.200000 	 2.783935e-03
 -0.200000 	 -0.150000 	 4.278336e-03
 -0.200000 	 -0.100000 	 5.845856e-03
 -0.200000 	 -0.050000 	 7.024215e-03
 -0.200000 	 0.000000 	 7.457571e-03
 -0.200000 	 0.050000 	 7.023229e-03
 -0.200000 	 0.100000 	 5.845668e-03
 -0.200000 	 0.150000 	 4.279782e-03
 -0.200000 	 0.200000 	 2.784119e-03
 -0.200000 	 0.250000 	 1.646437e-03
 -0.200000 	 0.300000 	 9.075161e-04
 -0.200000 	 0.350000 	 4.771710e-04
 -0.200000 	 0.400000 	 2.439984e-04
 -0.200000 	 0.450000 	 1.230818e-04
 -0.200000 	 0.500000 	 6.193858e-05
 -0.200000 	 0.550000 	 3.136024e-05
 -0.200000 	 0.600000 	 1.604150e-05
 -0.200000 	 0.650000 	 8.340712e-06
 -0.200000 	 0.700000 	 4.416834e-06
 -0.200000 	 0.750000 	 2.383399e-06
 -0.200000 	 0.800000 	 1.313079e-06
 -0.200000 	 0.850000 	 7.391735e-07
 -0.200000 	 0.900000 	 4.243559e-07
 -0.200000 	 0.950000 	 2.488015e-07
 -0.200000 	 1.000000 	 1.488055e-07
 -0.150000 	 -1.000000 	 1.412338e-07
 -0.150000 	 -0.950000 	 2.384137e-07
 -0.150000 	 -0.900000 	 4.105731e-07
 -0.150000 	 -0.850000 	 7.244921e-07
 -0.150000 	 -0.800000 	 1.304182e-06
 -0.150000 	 -0.750000 	 2.412143e-06
 -0.150000 	 -0.700000 	 4.553102e-06
 -0.150000 	 -0.650000 	 8.803046e-06
 -0.150000 	 -0.600000 	 1.737378e-05
 -0.150000 	 -0.550000 	 3.491354e-05
 -0.150000 	 -0.500000 	 7.126222e-05
 -0.150000 	 -0.450000 	 1.467171e-04
 -0.150000 	 -0.400000 	 3.024401e-04
 -0.150000 	 -0.350000 	 6.160995e-04
 -0.150000 	 -0.300000 	 1.223399e-03
 -0.150000 	 -0.250000 	 2.312187e-03
 -0.150000 	 -0.200000 	 4.043268e-03
 -0.150000 	 -0.150000 	 6.308179e-03
 -0.150000 	 -0.100000 	 8.509438e-03
 -0.150000 	 -0.050000 	 9.865389e-03
 -0.150000 	 0.000000 	 1.023222e-02
 -0.150000 	 0.050000 	 9.860953e-03
 -0.150000 	 0.100000 	 8.512208e-03
 -0.150000 	 0.150000 	 6.311547e-03
 -0.150000 	 0.200000 	 4.042056e-03
 -0.150000 	 0.250000 	 2.311857e-03
 -0.150000 	 0.300000 	 1.223308e-03
 -0.150000 	 0.350000 	 6.161609e-04
 -0.150000 	 0.400000 	 3.022668e-04
 -0.150000 	 0.450000 	 1.466966e-04
 -0.150000 	 0.500000 	 7.124448e-05
 -0.150000 	 0.550000 	 3.493565e-05
 -0.150000 	 0.600000 	 1.739101e-05
 -0.150000 	 0.650000 	 8.802982e-06
 -0.150000 	 0.700000 	 4.559046e-06
 -0.150000 	 0.750000 	 2.410687e-06
 -0.150000 	 0.800000 	 1.306291e-06
 -0.150000 	 0.850000 	 7.240344e-07
 -0.150000 	 0.900000 	 4.106517e-07
 -0.150000 	 0.950000 	 2.384239e-07
 -0.150000 	 1.000000 	 1.413105e-07
 -0.100000 	 -1.000000 	 1.290006e-07
 -0.100000 	 -0.950000 	 2.193731e-07
 -0.100000 	 -0.900000 	 3.809773e-07
 -0.100000 	 -0.850000 	 6.796089e-07
 -0.100000 	 -0.800000 	 1.240439e-06
 -0.100000 	 -0.750000 	 2.322584e-06
 -0.100000 	 -0.700000 	 4.463761e-06
 -0.100000 	 -0.650000 	 8.785843e-06
 -0.100000 	 -0.600000 	 1.770698e-05
 -0.100000 	 -0.550000 	 3.644700e-05
 -0.100000 	 -0.500000 	 7.629249e-05
 -0.100000 	 -0.450000 	 1.616113e-04
 -0.100000 	 -0.400000 	 3.436777e-04
 -0.100000 	 -0.350000 	 7.244209e-04
 -0.100000 	 -0.300000 	 1.488138e-03
 -0.100000 	 -0.250000 	 2.900527e-03
 -0.100000 	 -0.200000 	 5.173314e-03
 -0.100000 	 -0.150000 	 7.995632e-03
 -0.100000 	 -0.100000 	 1.001516e-02
 -0.100000 	 -0.050000 	 9.767326e-03
 -0.100000 	 0.000000 	 8.876040e-03
 -0.100000 	 0.050000 	 9.766740e-03
 -0.100000 	 0.100000 	 1.001352e-02
 -0.100000 	 0.150000 	 7.997793e-03
 -0.100000 	 0.200000 	 5.172586e-03
 -0.100000 	 0.250000 	 2.900080e-03
 -0.100000 	 0.300000 	 1.488119e-03
 -0.100000 	 0.350000 	 7.248643e-04
 -0.100000 	 0.400000 	 3.436110e-04
 -0.100000 	 0.450000 	 1.616035e-04
 -0.100000 	 0.500000 	 7.625291e-05
 -0.100000 	 0.550000 	 3.641956e-05
 -0.100000 	 0.600000 	 1.769193e-05
 -0.100000 	 0.650000 	 8.790532e-06
 -0.100000 	 0.700000 	 4.463065e-06
 -0.100000 	 0.750000 	 2.321722e-06
 -0.100000 	 0.800000 	 1.239494e-06
 -0.100000 	 0.850000 	 6.789551e-07
 -0.100000 	 0.900000 	 3.808568e-07
 -0.100000 	 0.950000 	 2.190876e-07
 -0.100000 	 1.000000 	 1.289443e-07
 -0.050000 	 -1.000000 	 1.133717e-07
 -0.050000 	 -0.950000 	 1.936916e-07
 -0.050000 	 -0.900000 	 3.393368e-07
 -0.050000 	 -0.850000 	 6.078473e-07
 -0.050000 	 -0.800000 	 1.121495e-06
 -0.050000 	 -0.750000 	 2.120939e-06
 -0.050000 	 -0.700000 	 4.128561e-06
 -0.050000 	 -0.650000 	 8.255791e-06
 -0.050000 	 -0.600000 	 1.688533e-05
 -0.050000 	 -0.550000 	 3.534819e-05
 -0.050000 	 -0.500000 	 7.541514e-05
 -0.050000 	 -0.450000 	 1.631021e-04
 -0.050000 	 -0.400000 	 3.544932e-04
 -0.050000 	 -0.350000 	 7.641263e-04
 -0.050000 	 -0.300000 	 1.602954e-03
 -0.050000 	 -0.250000 	 3.182781e-03
 -0.050000 	 -0.200000 	 5.701558e-03
 -0.050000 	 -0.150000 	 8.504725e-03
 -0.050000 	 -0.100000 	 8.900858e-03
 -0.050000 	 -0.050000 	 3.673478e-03
 -0.050000 	 0.000000 	 -1.517019e-03
 -0.050000 	 0.050000 	 3.675795e-03
 -0.050000 	 0.100000 	 8.896867e-03
 -0.050000 	 0.150000 	 8.502439e-03
 -0.050000 	 0.200000 	 5.702692e-03
 -0.050000 	 0.250000 	 3.182372e-03
 -0.050000 	 0.300000 	 1.603696e-03
 -0.050000 	 0.350000 	 7.640362e-04
 -0.050000 	 0.400000 	 3.545544e-04
 -0.050000 	 0.450000 	 1.631085e-04
 -0.050000 	 0.500000 	 7.547706e-05
 -0.050000 	 0.550000 	 3.536362e-05
 -0.050000 	 0.600000 	 1.687755e-05
 -0.050000 	 0.650000 	 8.242744e-06
 -0.050000 	 0.700000 	 4.128073e-06
 -0.050000 	 0.750000 	 2.124454e-06
 -0.050000 	 0.800000 	 1.120803e-06
 -0.050000 	 0.850000 	 6.084947e-07
 -0.050000 	 0.900000 	 3.385094e-07
 -0.050000 	 0.950000 	 1.935618e-07
 -0.050000 	 1.000000 	 1.132959e-07
 0.000000 	 -1.000000 	 9.575040e-08
 0.000000 	 -0.950000 	 1.636294e-07
 0.000000 	 -0.900000 	 2.873585e-07
 0.000000 	 -0.850000 	 5.192206e-07
 0.000000 	 -0.800000 	 9.616096e-07
 0.000000 	 -0.750000 	 1.835014e-06
 0.000000 	 -0.700000 	 3.602602e-06
 0.000000 	 -0.650000 	 7.261282e-06
 0.000000 	 -0.600000 	 1.502986e-05
 0.000000 	 -0.550000 	 3.179590e-05
 0.000000 	 -0.500000 	 6.855752e-05
 0.000000 	 -0.450000 	 1.499459e-04
 0.000000 	 -0.400000 	 3.293018e-04
 0.000000 	 -0.350000 	 7.167071e-04
 0.000000 	 -0.300000 	 1.516157e-03
 0.000000 	 -0.250000 	 3.022803e-03
 0.000000 	 -0.200000 	 5.377775e-03
 0.000000 	 -0.150000 	 7.708562e-03
 0.000000 	 -0.100000 	 6.597316e-03
 0.000000 	 -0.050000 	 -2.777276e-03
 0.000000 	 0.000000 	 -1.336003e-02
 0.000000 	 0.050000 	 -2.777199e-03
 0.000000 	 0.100000 	 6.598690e-03
 0.000000 	 0.150000 	 7.709488e-03
 0.000000 	 0.200000 	 5.377750e-03
 0.000000 	 0.250000 	 3.021296e-03
 0.000000 	 0.300000 	 1.515899e-03
 0.000000 	 0.350000 	 7.164858e-04
 0.000000 	 0.400000 	 3.291931e-04
 0.000000 	 0.450000 	 1.498033e-04
 0.000000 	 0.500000 	 6.861607e-05
 0.000000 	 0.550000 	 3.182713e-05
 0.000000 	 0.600000 	 1.503347e-05
 0.000000 	 0.650000 	 7.261520e-06
 0.000000 	 0.700000 	 3.604732e-06
 0.000000 	 0.750000 	 1.837576e-06
 0.000000 	 0.800000 	 9.630554e-07
 0.000000 	 0.850000 	 5.190190e-07
 0.000000 	 0.900000 	 2.875493e-07
 0.000000 	 0.950000 	 1.638004e-07
 0.000000 	 1.000000 	 9.560569e-08
 0.050000 	 -1.000000 	 7.749308e-08
 0.050000 	 -0.950000 	 1.324436e-07
 0.050000 	 -0.900000 	 2.327454e-07
 0.050000 	 -0.850000 	 4.209969e-07
 0.050000 	 -0.800000 	 7.846835e-07
 0.050000 	 -0.750000 	 1.503369e-06
 0.050000 	 -0.700000 	 2.961035e-06
 0.050000 	 -0.650000 	 6.001215e-06
 0.050000 	 -0.600000 	 1.246234e-05
 0.050000 	 -0.550000 	 2.649433e-05
 0.050000 	 -0.500000 	 5.729840e-05
 0.050000 	 -0.450000 	 1.253134e-04
 0.050000 	 -0.400000 	 2.749548e-04
 0.050000 	 -0.350000 	 5.969609e-04
 0.050000 	 -0.300000 	 1.255139e-03
 0.050000 	 -0.250000 	 2.480300e-03
 0.050000 	 -0.200000 	 4.371256e-03
 0.050000 	 -0.150000 	 6.236832e-03
 0.050000 	 -0.100000 	 5.642638e-03
 0.050000 	 -0.050000 	 -4.783718e-05
 0.050000 	 0.000000 	 -5.159957e-03
 0.050000 	 0.050000 	 -4.618898e-05
 0.050000 	 0.100000 	 5.642366e-03
 0.050000 	 0.150000 	 6.238633e-03
 0.050000 	 0.200000 	 4.372711e-03
 0.050000 	 0.250000 	 2.481277e-03
 0.050000 	 0.300000 	 1.255322e-03
 0.050000 	 0.350000 	 5.967031e-04
 0.050000 	 0.400000 	 2.747608e-04
 0.050000 	 0.450000 	 1.253747e-04
 0.050000 	 0.500000 	 5.727077e-05
 0.050000 	 0.550000 	 2.649114e-05
 0.050000 	 0.600000 	 1.247148e-05
 0.050000 	 0.650000 	 6.001110e-06
 0.050000 	 0.700000 	 2.963198e-06
 0.050000 	 0.750000 	 1.503327e-06
 0.050000 	 0.800000 	 7.845918e-07
 0.050000 	 0.850000 	 4.209499e-07
 0.050000 	 0.900000 	 2.331560e-07
 0.050000 	 0.950000 	 1.321904e-07
 0.050000 	 1.000000 	 7.738738e-08
 0.100000 	 -1.000000 	 5.979780e-08
 0.100000 	 -0.950000 	 1.021584e-07
 0.100000 	 -0.900000 	 1.793641e-07
 0.100000 	 -0.850000 	 3.249057e-07
 0.100000 	 -0.800000 	 6.055329e-07
 0.100000 	 -0.750000 	 1.163401e-06
 0.100000 	 -0.700000 	 2.292214e-06
 0.100000 	 -0.650000 	 4.653454e-06
 0.100000 	 -0.600000 	 9.647983e-06
 0.100000 	 -0.550000 	 2.043408e-05
 0.100000 	 -0.500000 	 4.398586e-05
 0.100000 	 -0.450000 	 9.554499e-05
 0.100000 	 -0.400000 	 2.073003e-04
 0.100000 	 -0.350000 	 4.432937e-04
 0.100000 	 -0.300000 	 9.166250e-04
 0.100000 	 -0.250000 	 1.780632e-03
 0.100000 	 -0.200000 	 3.109572e-03
 0.100000 	 -0.150000 	 4.555713e-03
 0.100000 	 -0.100000 	 5.039772e-03
 0.100000 	 -0.050000 	 3.718827e-03
 0.100000 	 0.000000 	 2.514306e-03
 0.100000 	 0.050000 	 3.721918e-03
 0.100000 	 0.100000 	 5.041106e-03
 0.100000 	 0.150000 	 4.556132e-03
 0.100000 	 0.200000 	 3.108431e-03
 0.100000 	 0.250000 	 1.780373e-03
 0.100000 	 0.300000 	 9.169424e-04
 0.100000 	 0.350000 	 4.431662e-04
 0.100000 	 0.400000 	 2.072930e-04
 0.100000 	 0.450000 	 9.551804e-05
 0.100000 	 0.500000 	 4.396334e-05
 0.100000 	 0.550000 	 2.045909e-05
 0.100000 	 0.600000 	 9.652079e-06
 0.100000 	 0.650000 	 4.652253e-06
 0.100000 	 0.700000 	 2.296750e-06
 0.100000 	 0.750000 	 1.163200e-06
 0.100000 	 0.800000 	 6.054916e-07
 0.100000 	 0.850000 	 3.247987e-07
 0.100000 	 0.900000 	 1.794771e-07
 0.100000 	 0.950000 	 1.021115e-07
 0.100000 	 1.000000 	 5.999509e-08
 0.150000 	 -1.000000 	 4.417575e-08
 0.150000 	 -0.950000 	 7.507843e-08
 0.150000 	 -0.900000 	 1.319497e-07
 0.150000 	 -0.850000 	 2.379989e-07
 0.150000 	 -0.800000 	 4.435328e-07
 0.150000 	 -0.750000 	 8.514994e-07
 0.150000 	 -0.700000 	 1.677888e-06
 0.150000 	 -0.650000 	 3.393079e-06
 0.150000 	 -0.600000 	 7.000876e-06
 0.150000 	 -0.550000 	 1.469823e-05
 0.150000 	 -0.500000 	 3.126911e-05
 0.150000 	 -0.450000 	 6.688070e-05
 0.150000 	 -0.400000 	 1.421879e-04
 0.150000 	 -0.350000 	 2.971320e-04
 0.150000 	 -0.300000 	 5.989324e-04
 0.150000 	 -0.250000 	 1.136542e-03
 0.150000 	 -0.200000 	 1.958457e-03
 0.150000 	 -0.150000 	 2.944882e-03
 0.150000 	 -0.100000 	 3.707396e-03
 0.150000 	 -0.050000 	 3.922224e-03
 0.150000 	 0.000000 	 3.870218e-03
 0.150000 	 0.050000 	 3.921191e-03
 0.150000 	 0.100000 	 3.707803e-03
 0.150000 	 0.150000 	 2.944125e-03
 0.150000 	 0.200000 	 1.958344e-03
 0.150000 	 0.250000 	 1.135828e-03
 0.150000 	 0.300000 	 5.993344e-04
 0.150000 	 0.350000 	 2.971359e-04
 0.150000 	 0.400000 	 1.422047e-04
 0.150000 	 0.450000 	 6.684444e-05
 0.150000 	 0.500000 	 3.127849e-05
 0.150000 	 0.550000 	 1.469991e-05
 0.150000 	 0.600000 	 6.998668e-06
 0.150000 	 0.650000 	 3.386805e-06
 0.150000 	 0.700000 	 1.677781e-06
 0.150000 	 0.750000 	 8.502971e-07
 0.150000 	 0.800000 	 4.432843e-07
 0.150000 	 0.850000 	 2.382555e-07
 0.150000 	 0.900000 	 1.318442e-07
 0.150000 	 0.950000 	 7.492916e-08
 0.150000 	 1.000000 	 4.415600e-08
 0.200000 	 -1.000000 	 3.109410e-08
 0.200000 	 -0.950000 	 5.244649e-08
 0.200000 	 -0.900000 	 9.197572e-08
 0.200000 	 -0.850000 	 1.660705e-07
 0.200000 	 -0.800000 	 3.081898e-07
 0.200000 	 -0.750000 	 5.906335e-07
 0.200000 	 -0.700000 	 1.158205e-06
 0.200000 	 -0.650000 	 2.328945e-06
 0.200000 	 -0.600000 	 4.771126e-06
 0.200000 	 -0.550000 	 9.901393e-06
 0.200000 	 -0.500000 	 2.073160e-05
 0.200000 	 -0.450000 	 4.335326e-05
 0.200000 	 -0.400000 	 8.995250e-05
 0.200000 	 -0.350000 	 1.826192e-04
 0.200000 	 -0.300000 	 3.567373e-04
 0.200000 	 -0.250000 	 6.567436e-04
 0.200000 	 -0.200000 	 1.111093e-03
 0.200000 	 -0.150000 	 1.681513e-03
 0.200000 	 -0.100000 	 2.230322e-03
 0.200000 	 -0.050000 	 2.592447e-03
 0.200000 	 0.000000 	 2.708020e-03
 0.200000 	 0.050000 	 2.592142e-03
 0.200000 	 0.100000 	 2.229321e-03
 0.200000 	 0.150000 	 1.681923e-03
 0.200000 	 0.200000 	 1.111366e-03
 0.200000 	 0.250000 	 6.570258e-04
 0.200000 	 0.300000 	 3.566651e-04
 0.200000 	 0.350000 	 1.825648e-04
 0.200000 	 0.400000 	 9.002241e-05
 0.200000 	 0.450000 	 4.334292e-05
 0.200000 	 0.500000 	 2.073081e-05
 0.200000 	 0.550000 	 9.878063e-06
 0.200000 	 0.600000 	 4.768679e-06
 0.200000 	 0.650000 	 2.332306e-06
 0.200000 	 0.700000 	 1.161246e-06
 0.200000 	 0.750000 	 5.912873e-07
 0.200000 	 0.800000 	 3.081767e-07
 0.200000 	 0.850000 	 1.654342e-07
 0.200000 	 0.900000 	 9.166716e-08
 0.200000 	 0.950000 	 5.260542e-08
 0.200000 	 1.000000 	 3.113785e-08
 0.250000 	 -1.000000 	 2.080411e-08
 0.250000 	 -0.950000 	 3.504950e-08
 0.250000 	 -0.900000 	 6.092298e-08
 0.250000 	 -0.850000 	 1.098881e-07
 0.250000 	 -0.800000 	 2.038733e-07
 0.250000 	 -0.750000 	 3.892089e-07
 0.250000 	 -0.700000 	 7.628337e-07
 0.250000 	 -0.650000 	 1.520820e-06
 0.250000 	 -0.600000 	 3.080515e-06
 0.250000 	 -0.550000 	 6.303967e-06
 0.250000 	 -0.500000 	 1.292636e-05
 0.250000 	 -0.450000 	 2.640129e-05
 0.250000 	 -0.400000 	 5.312102e-05
 0.250000 	 -0.350000 	 1.044611e-04
 0.250000 	 -0.300000 	 1.971493e-04
 0.250000 	 -0.250000 	 3.514149e-04
 0.250000 	 -0.200000 	 5.794072e-04
 0.250000 	 -0.150000 	 8.671801e-04
 0.250000 	 -0.100000 	 1.161190e-03
 0.250000 	 -0.050000 	 1.380179e-03
 0.250000 	 0.000000 	 1.460293e-03
 0.250000 	 0.050000 	 1.379090e-03
 0.250000 	 0.100000 	 1.160750e-03
 0.250000 	 0.150000 	 8.676172e-04
 0.250000 	 0.200000 	 5.794802e-04
 0.250000 	 0.250000 	 3.514585e-04
 0.250000 	 0.300000 	 1.971287e-04
 0.250000 	 0.350000 	 1.045667e-04
 0.250000 	 0.400000 	 5.321107e-05
 0.250000 	 0.450000 	 2.641171e-05
 0.250000 	 0.500000 	 1.291730e-05
 0.250000 	 0.550000 	 6.311593e-06
 0.250000 	 0.600000 	 3.080685e-06
 0.250000 	 0.650000 	 1.518899e-06
 0.250000 	 0.700000 	 7.622771e-07
 0.250000 	 0.750000 	 3.890229e-07
 0.250000 	 0.800000 	 2.039037e-07
 0.250000 	 0.850000 	 1.093726e-07
 0.250000 	 0.900000 	 6.106907e-08
 0.250000 	 0.950000 	 3.503104e-08
 0.250000 	 1.000000 	 2.087097e-08
 0.300000 	 -1.000000 	 1.337471e-08
 0.300000 	 -0.950000 	 2.217355e-08
 0.300000 	 -0.900000 	 3.859349e-08
 0.300000 	 -0.850000 	 6.940354e-08
 0.300000 	 -0.800000 	 1.288340e-07
 0.300000 	 -0.750000 	 2.469895e-07
 0.300000 	 -0.700000 	 4.812940e-07
 0.300000 	 -0.650000 	 9.539899e-07
 0.300000 	 -0.600000 	 1.904243e-06
 0.300000 	 -0.550000 	 3.826440e-06
 0.300000 	 -0.500000 	 7.679122e-06
 0.300000 	 -0.450000 	 1.528526e-05
 0.300000 	 -0.400000 	 2.986581e-05
 0.300000 	 -0.350000 	 5.658124e-05
 0.300000 	 -0.300000 	 1.030466e-04
 0.300000 	 -0.250000 	 1.774574e-04
 0.300000 	 -0.200000 	 2.838817e-04
 0.300000 	 -0.150000 	 4.159038e-04
 0.300000 	 -0.100000 	 5.516283e-04
 0.300000 	 -0.050000 	 6.542354e-04
 0.300000 	 0.000000 	 6.928506e-04
 0.300000 	 0.050000 	 6.539503e-04
 0.300000 	 0.100000 	 5.515736e-04
 0.300000 	 0.150000 	 4.162339e-04
 0.300000 	 0.200000 	 2.837912e-04
 0.300000 	 0.250000 	 1.775429e-04
 0.300000 	 0.300000 	 1.030792e-04
 0.300000 	 0.350000 	 5.667394e-05
 0.300000 	 0.400000 	 2.981929e-05
 0.300000 	 0.450000 	 1.527689e-05
 0.300000 	 0.500000 	 7.689571e-06
 0.300000 	 0.550000 	 3.823870e-06
 0.300000 	 0.600000 	 1.903262e-06
 0.300000 	 0.650000 	 9.508146e-07
 0.300000 	 0.700000 	 4.797877e-07
 0.300000 	 0.750000 	 2.466474e-07
 0.300000 	 0.800000 	 1.290935e-07
 0.300000 	 0.850000 	 6.939876e-08
 0.300000 	 0.900000 	 3.869229e-08
 0.300000 	 0.950000 	 2.222940e-08
 0.300000 	 1.000000 	 1.331073e-08
 0.350000 	 -1.000000 	 8.149750e-09
 0.350000 	 -0.950000 	 1.355655e-08
 0.350000 	 -0.900000 	 2.332114e-08
 0.350000 	 -0.850000 	 4.219747e-08
 0.350000 	 -0.800000 	 7.870301e-08
 0.350000 	 -0.750000 	 1.501123e-07
 0.350000 	 -0.700000 	 2.928472e-07
 0.350000 	 -0.650000 	 5.759292e-07
 0.350000 	 -0.600000 	 1.137685e-06
 0.350000 	 -0.550000 	 2.250176e-06
 0.350000 	 -0.500000 	 4.415214e-06
 0.350000 	 -0.450000 	 8.522546e-06
 0.350000 	 -0.400000 	 1.614554e-05
 0.350000 	 -0.350000 	 2.956363e-05
 0.350000 	 -0.300000 	 5.186836e-05
 0.350000 	 -0.250000 	 8.612812e-05
 0.350000 	 -0.200000 	 1.336185e-04
 0.350000 	 -0.150000 	 1.906093e-04
 0.350000 	 -0.100000 	 2.482276e-04
 0.350000 	 -0.050000 	 2.917261e-04
 0.350000 	 0.000000 	 3.079429e-04
 0.350000 	 0.050000 	 2.917525e-04
 0.350000 	 0.100000 	 2.481333e-04
 0.350000 	 0.150000 	 1.907084e-04
 0.350000 	 0.200000 	 1.335177e-04
 0.350000 	 0.250000 	 8.619985e-05
 0.350000 	 0.300000 	 5.186802e-05
 0.350000 	 0.350000 	 2.957349e-05
 0.350000 	 0.400000 	 1.613659e-05
 0.350000 	 0.450000 	 8.526524e-06
 0.350000 	 0.500000 	 4.417416e-06
 0.350000 	 0.550000 	 2.251409e-06
 0.350000 	 0.600000 	 1.139395e-06
 0.350000 	 0.650000 	 5.762278e-07
 0.350000 	 0.700000 	 2.923386e-07
 0.350000 	 0.750000 	 1.511110e-07
 0.350000 	 0.800000 	 7.881098e-08
 0.350000 	 0.850000 	 4.227504e-08
 0.350000 	 0.900000 	 2.345433e-08
 0.350000 	 0.950000 	 1.350695e-08
 0.350000 	 1.000000 	 8.090400e-09
 0.400000 	 -1.000000 	 4.757219e-09
 0.400000 	 -0.950000 	 7.925473e-09
 0.400000 	 -0.900000 	 1.376258e-08
 0.400000 	 -0.850000 	 2.524925e-08
 0.400000 	 -0.800000 	 4.708759e-08
 0.400000 	 -0.750000 	 9.042051e-08
 0.400000 	 -0.700000 	 1.761245e-07
 0.400000 	 -0.650000 	 3.431897e-07
 0.400000 	 -0.600000 	 6.668971e-07
 0.400000 	 -0.550000 	 1.297041e-06
 0.400000 	 -0.500000 	 2.480111e-06
 0.400000 	 -0.450000 	 4.666959e-06
 0.400000 	 -0.400000 	 8.533868e-06
 0.400000 	 -0.350000 	 1.507695e-05
 0.400000 	 -0.300000 	 2.553905e-05
 0.400000 	 -0.250000 	 4.095359e-05
 0.400000 	 -0.200000 	 6.151531e-05
 0.400000 	 -0.150000 	 8.542954e-05
 0.400000 	 -0.100000 	 1.090239e-04
 0.400000 	 -0.050000 	 1.265368e-04
 0.400000 	 0.000000 	 1.331151e-04
 0.400000 	 0.050000 	 1.265900e-04
 0.400000 	 0.100000 	 1.089438e-04
 0.400000 	 0.150000 	 8.548836e-05
 0.400000 	 0.200000 	 6.143256e-05
 0.400000 	 0.250000 	 4.096414e-05
 0.400000 	 0.300000 	 2.553846e-05
 0.400000 	 0.350000 	 1.509316e-05
 0.400000 	 0.400000 	 8.534405e-06
 0.400000 	 0.450000 	 4.661947e-06
 0.400000 	 0.500000 	 2.482373e-06
 0.400000 	 0.550000 	 1.297273e-06
 0.400000 	 0.600000 	 6.696294e-07
 0.400000 	 0.650000 	 3.421309e-07
 0.400000 	 0.700000 	 1.753644e-07
 0.400000 	 0.750000 	 9.017646e-08
 0.400000 	 0.800000 	 4.700082e-08
 0.400000 	 0.850000 	 2.490406e-08
 0.400000 	 0.900000 	 1.386192e-08
 0.400000 	 0.950000 	 7.911902e-09
 0.400000 	 1.000000 	 4.805648e-09
 0.450000 	 -1.000000 	 2.851438e-09
 0.450000 	 -0.950000 	 4.711629e-09
 0.450000 	 -0.900000 	 8.248413e-09
 0.450000 	 -0.850000 	 1.507945e-08
 0.450000 	 -0.800000 	 2.834730e-08
 0.450000 	 -0.750000 	 5.476055e-08
 0.450000 	 -0.700000 	 1.058638e-07
 0.450000 	 -0.650000 	 2.039692e-07
 0.450000 	 -0.600000 	 3.917872e-07
 0.450000 	 -0.550000 	 7.437715e-07
 0.450000 	 -0.500000 	 1.387415e-06
 0.450000 	 -0.450000 	 2.530940e-06
 0.450000 	 -0.400000 	 4.477734e-06
 0.450000 	 -0.350000 	 7.660656e-06
 0.450000 	 -0.300000 	 1.250590e-05
 0.450000 	 -0.250000 	 1.936415e-05
 0.450000 	 -0.200000 	 2.819089e-05
 0.450000 	 -0.150000 	 3.818085e-05
 0.450000 	 -0.100000 	 4.769634e-05
 0.450000 	 -0.050000 	 5.469028e-05
 0.450000 	 0.000000 	 5.721448e-05
 0.450000 	 0.050000 	 5.463991e-05
 0.450000 	 0.100000 	 4.771214e-05
 0.450000 	 0.150000 	 3.811287e-05
 0.450000 	 0.200000 	 2.818597e-05
 0.450000 	 0.250000 	 1.938615e-05
 0.450000 	 0.300000 	 1.252242e-05
 0.450000 	 0.350000 	 7.649384e-06
 0.450000 	 0.400000 	 4.483428e-06
 0.450000 	 0.450000 	 2.529128e-06
 0.450000 	 0.500000 	 1.388364e-06
 0.450000 	 0.550000 	 7.436024e-07
 0.450000 	 0.600000 	 3.917060e-07
 0.450000 	 0.650000 	 2.038724e-07
 0.450000 	 0.700000 	 1.053209e-07
 0.450000 	 0.750000 	 5.458104e-08
 0.450000 	 0.800000 	 2.850604e-08
 0.450000 	 0.850000 	 1.494159e-08
 0.450000 	 0.900000 	 8.217496e-09
 0.450000 	 0.950000 	 4.718736e-09
 0.450000 	 1.000000 	 2.843318e-09
 0.500000 	 -1.000000 	 1.848406e-09
 0.500000 	 -0.950000 	 3.012188e-09
 0.500000 	 -0.900000 	 5.176638e-09
 0.500000 	 -0.850000 	 9.629270e-09
 0.500000 	 -0.800000 	 1.798175e-08
 0.500000 	 -0.750000 	 3.458974e-08
 0.500000 	 -0.700000 	 6.569783e-08
 0.500000 	 -0.650000 	 1.253543e-07
 0.500000 	 -0.600000 	 2.353457e-07
 0.500000 	 -0.550000 	 4.323418e-07
 0.500000 	 -0.500000 	 7.849364e-07
 0.500000 	 -0.450000 	 1.386487e-06
 0.500000 	 -0.400000 	 2.371850e-06
 0.500000 	 -0.350000 	 3.915270e-06
 0.500000 	 -0.300000 	 6.175769e-06
 0.500000 	 -0.250000 	 9.251280e-06
 0.500000 	 -0.200000 	 1.304960e-05
 0.500000 	 -0.150000 	 1.721976e-05
 0.500000 	 -0.100000 	 2.111604e-05
 0.500000 	 -0.050000 	 2.390853e-05
 0.500000 	 0.000000 	 2.492684e-05
 0.500000 	 0.050000 	 2.392099e-05
 0.500000 	 0.100000 	 2.109827e-05
 0.500000 	 0.150000 	 1.722928e-05
 0.500000 	 0.200000 	 1.305301e-05
 0.500000 	 0.250000 	 9.246616e-06
 0.500000 	 0.300000 	 6.178701e-06
 0.500000 	 0.350000 	 3.906189e-06
 0.500000 	 0.400000 	 2.373055e-06
 0.500000 	 0.450000 	 1.386603e-06
 0.500000 	 0.500000 	 7.821873e-07
 0.500000 	 0.550000 	 4.334848e-07
 0.500000 	 0.600000 	 2.348138e-07
 0.500000 	 0.650000 	 1.247566e-07
 0.500000 	 0.700000 	 6.594401e-08
 0.500000 	 0.750000 	 3.435570e-08
 0.500000 	 0.800000 	 1.826014e-08
 0.500000 	 0.850000 	 9.670486e-09
 0.500000 	 0.900000 	 5.282133e-09
 0.500000 	 0.950000 	 3.042219e-09
 0.500000 	 1.000000 	 1.838626e-09
 0.550000 	 -1.000000 	 1.355672e-09
 0.550000 	 -0.950000 	 2.212825e-09
 0.550000 	 -0.900000 	 3.766658e-09
 0.550000 	 -0.850000 	 6.788319e-09
 0.550000 	 -0.800000 	 1.250127e-08
 0.550000 	 -0.750000 	 2.324837e-08
 0.550000 	 -0.700000 	 4.335946e-08
 0.550000 	 -0.650000 	 7.984977e-08
 0.550000 	 -0.600000 	 1.456141e-07
 0.550000 	 -0.550000 	 2.603398e-07
 0.550000 	 -0.500000 	 4.559637e-07
 0.550000 	 -0.450000 	 7.772135e-07
 0.550000 	 -0.400000 	 1.280187e-06
 0.550000 	 -0.350000 	 2.039283e-06
 0.550000 	 -0.300000 	 3.107761e-06
 0.550000 	 -0.250000 	 4.499958e-06
 0.550000 	 -0.200000 	 6.177810e-06
 0.550000 	 -0.150000 	 7.965311e-06
 0.550000 	 -0.100000 	 9.592251e-06
 0.550000 	 -0.050000 	 1.073053e-05
 0.550000 	 0.000000 	 1.114022e-05
 0.550000 	 0.050000 	 1.073393e-05
 0.550000 	 0.100000 	 9.575023e-06
 0.550000 	 0.150000 	 7.958803e-06
 0.550000 	 0.200000 	 6.180125e-06
 0.550000 	 0.250000 	 4.506396e-06
 0.550000 	 0.300000 	 3.104659e-06
 0.550000 	 0.350000 	 2.042318e-06
 0.550000 	 0.400000 	 1.281603e-06
 0.550000 	 0.450000 	 7.755624e-07
 0.550000 	 0.500000 	 4.550554e-07
 0.550000 	 0.550000 	 2.605187e-07
 0.550000 	 0.600000 	 1.453686e-07
 0.550000 	 0.650000 	 7.992607e-08
 0.550000 	 0.700000 	 4.320951e-08
 0.550000 	 0.750000 	 2.333768e-08
 0.550000 	 0.800000 	 1.256373e-08
 0.550000 	 0.850000 	 6.742903e-09
 0.550000 	 0.900000 	 3.777589e-09
 0.550000 	 0.950000 	 2.212647e-09
 0.550000 	 1.000000 	 1.346548e-09
 0.600000 	 -1.000000 	 1.202414e-09
 0.600000 	 -0.950000 	 1.872916e-09
 0.600000 	 -0.900000 	 3.127229e-09
 0.600000 	 -0.850000 	 5.440372e-09
 0.600000 	 -0.800000 	 9.553167e-09
 0.600000 	 -0.750000 	 1.711390e-08
 0.600000 	 -0.700000 	 3.059000e-08
 0.600000 	 -0.650000 	 5.400155e-08
 0.600000 	 -0.600000 	 9.460044e-08
 0.600000 	 -0.550000 	 1.625298e-07
 0.600000 	 -0.500000 	 2.740676e-07
 0.600000 	 -0.450000 	 4.475343e-07
 0.600000 	 -0.400000 	 7.130891e-07
 0.600000 	 -0.350000 	 1.095131e-06
 0.600000 	 -0.300000 	 1.610819e-06
 0.600000 	 -0.250000 	 2.264134e-06
 0.600000 	 -0.200000 	 3.021160e-06
 0.600000 	 -0.150000 	 3.803226e-06
 0.600000 	 -0.100000 	 4.497371e-06
 0.600000 	 -0.050000 	 4.982307e-06
 0.600000 	 0.000000 	 5.153514e-06
 0.600000 	 0.050000 	 4.986198e-06
 0.600000 	 0.100000 	 4.502367e-06
 0.600000 	 0.150000 	 3.800007e-06
 0.600000 	 0.200000 	 3.021210e-06
 0.600000 	 0.250000 	 2.269130e-06
 0.600000 	 0.300000 	 1.610848e-06
 0.600000 	 0.350000 	 1.094232e-06
 0.600000 	 0.400000 	 7.129657e-07
 0.600000 	 0.450000 	 4.475088e-07
 0.600000 	 0.500000 	 2.736982e-07
 0.600000 	 0.550000 	 1.623555e-07
 0.600000 	 0.600000 	 9.418123e-08
 0.600000 	 0.650000 	 5.378257e-08
 0.600000 	 0.700000 	 3.060834e-08
 0.600000 	 0.750000 	 1.714739e-08
 0.600000 	 0.800000 	 9.568818e-09
 0.600000 	 0.850000 	 5.434675e-09
 0.600000 	 0.900000 	 3.159578e-09
 0.600000 	 0.950000 	 1.919726e-09
 0.600000 	 1.000000 	 1.188279e-09
 0.650000 	 -1.000000 	 1.172470e-09
 0.650000 	 -0.950000 	 1.833768e-09
 0.650000 	 -0.900000 	 2.888327e-09
 0.650000 	 -0.850000 	 4.768926e-09
 0.650000 	 -0.800000 	 7.933719e-09
 0.650000 	 -0.750000 	 1.342890e-08
 0.650000 	 -0.700000 	 2.291169e-08
 0.650000 	 -0.650000 	 3.875661e-08
 0.650000 	 -0.600000 	 6.435918e-08
 0.650000 	 -0.550000 	 1.059978e-07
 0.650000 	 -0.500000 	 1.712070e-07
 0.650000 	 -0.450000 	 2.691421e-07
 0.650000 	 -0.400000 	 4.123182e-07
 0.650000 	 -0.350000 	 6.099036e-07
 0.650000 	 -0.300000 	 8.685924e-07
 0.650000 	 -0.250000 	 1.183127e-06
 0.650000 	 -0.200000 	 1.536475e-06
 0.650000 	 -0.150000 	 1.892568e-06
 0.650000 	 -0.100000 	 2.202575e-06
 0.650000 	 -0.050000 	 2.416103e-06
 0.650000 	 0.000000 	 2.493352e-06
 0.650000 	 0.050000 	 2.415950e-06
 0.650000 	 0.100000 	 2.202486e-06
 0.650000 	 0.150000 	 1.892726e-06
 0.650000 	 0.200000 	 1.535342e-06
 0.650000 	 0.250000 	 1.183433e-06
 0.650000 	 0.300000 	 8.683932e-07
 0.650000 	 0.350000 	 6.107475e-07
 0.650000 	 0.400000 	 4.121423e-07
 0.650000 	 0.450000 	 2.692577e-07
 0.650000 	 0.500000 	 1.711499e-07
 0.650000 	 0.550000 	 1.060507e-07
 0.650000 	 0.600000 	 6.454845e-08
 0.650000 	 0.650000 	 3.855158e-08
 0.650000 	 0.700000 	 2.282617e-08
 0.650000 	 0.750000 	 1.344117e-08
 0.650000 	 0.800000 	 8.070085e-09
 0.650000 	 0.850000 	 4.715611e-09
 0.650000 	 0.900000 	 2.903529e-09
 0.650000 	 0.950000 	 1.815366e-09
 0.650000 	 1.000000 	 1.194561e-09
 0.700000 	 -1.000000 	 1.212033e-09
 0.700000 	 -0.950000 	 1.806953e-09
 0.700000 	 -0.900000 	 2.758081e-09
 0.700000 	 -0.850000 	 4.364662e-09
 0.700000 	 -0.800000 	 6.912262e-09
 0.700000 	 -0.750000 	 1.113302e-08
 0.700000 	 -0.700000 	 1.795559e-08
 0.700000 	 -0.650000 	 2.876670e-08
 0.700000 	 -0.600000 	 4.557464e-08
 0.700000 	 -0.550000 	 7.211712e-08
 0.700000 	 -0.500000 	 1.116254e-07
 0.700000 	 -0.450000 	 1.679973e-07
 0.700000 	 -0.400000 	 2.474243e-07
 0.700000 	 -0.350000 	 3.531122e-07
 0.700000 	 -0.300000 	 4.866800e-07
 0.700000 	 -0.250000 	 6.440244e-07
 0.700000 	 -0.200000 	 8.150254e-07
 0.700000 	 -0.150000 	 9.834028e-07
 0.700000 	 -0.100000 	 1.130290e-06
 0.700000 	 -0.050000 	 1.225036e-06
 0.700000 	 0.000000 	 1.260925e-06
 0.700000 	 0.050000 	 1.226494e-06
 0.700000 	 0.100000 	 1.127634e-06
 0.700000 	 0.150000 	 9.829380e-07
 0.700000 	 0.200000 	 8.139500e-07
 0.700000 	 0.250000 	 6.442874e-07
 0.700000 	 0.300000 	 4.877445e-07
 0.700000 	 0.350000 	 3.541593e-07
 0.700000 	 0.400000 	 2.475413e-07
 0.700000 	 0.450000 	 1.683603e-07
 0.700000 	 0.500000 	 1.116134e-07
 0.700000 	 0.550000 	 7.191932e-08
 0.700000 	 0.600000 	 4.599248e-08
 0.700000 	 0.650000 	 2.877848e-08
 0.700000 	 0.700000 	 1.787469e-08
 0.700000 	 0.750000 	 1.114016e-08
 0.700000 	 0.800000 	 6.931278e-09
 0.700000 	 0.850000 	 4.332417e-09
 0.700000 	 0.900000 	 2.777374e-09
 0.700000 	 0.950000 	 1.809291e-09
 0.700000 	 1.000000 	 1.213876e-09
 0.750000 	 -1.000000 	 1.222146e-09
 0.750000 	 -0.950000 	 1.770056e-09
 0.750000 	 -0.900000 	 2.633917e-09
 0.750000 	 -0.850000 	 3.991411e-09
 0.750000 	 -0.800000 	 6.066882e-09
 0.750000 	 -0.750000 	 9.323000e-09
 0.750000 	 -0.700000 	 1.430115e-08
 0.750000 	 -0.650000 	 2.204848e-08
 0.750000 	 -0.600000 	 3.355704e-08
 0.750000 	 -0.550000 	 5.029477e-08
 0.750000 	 -0.500000 	 7.487190e-08
 0.750000 	 -0.450000 	 1.090380e-07
 0.750000 	 -0.400000 	 1.544372e-07
 0.750000 	 -0.350000 	 2.129231e-07
 0.750000 	 -0.300000 	 2.844520e-07
 0.750000 	 -0.250000 	 3.656421e-07
 0.750000 	 -0.200000 	 4.525287e-07
 0.750000 	 -0.150000 	 5.353564e-07
 0.750000 	 -0.100000 	 6.060921e-07
 0.750000 	 -0.050000 	 6.511286e-07
 0.750000 	 0.000000 	 6.691769e-07
 0.750000 	 0.050000 	 6.522858e-07
 0.750000 	 0.100000 	 6.046725e-07
 0.750000 	 0.150000 	 5.347105e-07
 0.750000 	 0.200000 	 4.522260e-07
 0.750000 	 0.250000 	 3.655173e-07
 0.750000 	 0.300000 	 2.841425e-07
 0.750000 	 0.350000 	 2.128719e-07
 0.750000 	 0.400000 	 1.543210e-07
 0.750000 	 0.450000 	 1.089151e-07
 0.750000 	 0.500000 	 7.494140e-08
 0.750000 	 0.550000 	 5.045145e-08
 0.750000 	 0.600000 	 3.358401e-08
 0.750000 	 0.650000 	 2.202818e-08
 0.750000 	 0.700000 	 1.435373e-08
 0.750000 	 0.750000 	 9.376345e-09
 0.750000 	 0.800000 	 6.083022e-09
 0.750000 	 0.850000 	 3.992861e-09
 0.750000 	 0.900000 	 2.632669e-09
 0.750000 	 0.950000 	 1.772678e-09
 0.750000 	 1.000000 	 1.215557e-09
 0.800000 	 -1.000000 	 1.202463e-09
 0.800000 	 -0.950000 	 1.710325e-09
 0.800000 	 -0.900000 	 2.474843e-09
 0.800000 	 -0.850000 	 3.611985e-09
 0.800000 	 -0.800000 	 5.295925e-09
 0.800000 	 -0.750000 	 7.817724e-09
 0.800000 	 -0.700000 	 1.154984e-08
 0.800000 	 -0.650000 	 1.709728e-08
 0.800000 	 -0.600000 	 2.498004e-08
 0.800000 	 -0.550000 	 3.620924e-08
 0.800000 	 -0.500000 	 5.173523e-08
 0.800000 	 -0.450000 	 7.264081e-08
 0.800000 	 -0.400000 	 9.920033e-08
 0.800000 	 -0.350000 	 1.325984e-07
 0.800000 	 -0.300000 	 1.721640e-07
 0.800000 	 -0.250000 	 2.156840e-07
 0.800000 	 -0.200000 	 2.611832e-07
 0.800000 	 -0.150000 	 3.045438e-07
 0.800000 	 -0.100000 	 3.389390e-07
 0.800000 	 -0.050000 	 3.628399e-07
 0.800000 	 0.000000 	 3.709245e-07
 0.800000 	 0.050000 	 3.625968e-07
 0.800000 	 0.100000 	 3.393663e-07
 0.800000 	 0.150000 	 3.042153e-07
 0.800000 	 0.200000 	 2.613542e-07
 0.800000 	 0.250000 	 2.161063e-07
 0.800000 	 0.300000 	 1.721852e-07
 0.800000 	 0.350000 	 1.325388e-07
 0.800000 	 0.400000 	 9.922300e-08
 0.800000 	 0.450000 	 7.240961e-08
 0.800000 	 0.500000 	 5.173908e-08
 0.800000 	 0.550000 	 3.623457e-08
 0.800000 	 0.600000 	 2.505148e-08
 0.800000 	 0.650000 	 1.709470e-08
 0.800000 	 0.700000 	 1.159648e-08
 0.800000 	 0.750000 	 7.827337e-09
 0.800000 	 0.800000 	 5.312813e-09
 0.800000 	 0.850000 	 3.598039e-09
 0.800000 	 0.900000 	 2.468300e-09
 0.800000 	 0.950000 	 1.715082e-09
 0.800000 	 1.000000 	 1.196599e-09
 0.850000 	 -1.000000 	 1.145353e-09
 0.850000 	 -0.950000 	 1.603825e-09
 0.850000 	 -0.900000 	 2.259626e-09
 0.850000 	 -0.850000 	 3.216408e-09
 0.850000 	 -0.800000 	 4.584199e-09
 0.850000 	 -0.750000 	 6.539710e-09
 0.850000 	 -0.700000 	 9.350780e-09
 0.850000 	 -0.650000 	 1.332965e-08
 0.850000 	 -0.600000 	 1.881472e-08
 0.850000 	 -0.550000 	 2.640317e-08
 0.850000 	 -0.500000 	 3.642428e-08
 0.850000 	 -0.450000 	 4.942273e-08
 0.850000 	 -0.400000 	 6.569200e-08
 0.850000 	 -0.350000 	 8.509974e-08
 0.850000 	 -0.300000 	 1.075463e-07
 0.850000 	 -0.250000 	 1.321383e-07
 0.850000 	 -0.200000 	 1.568272e-07
 0.850000 	 -0.150000 	 1.794376e-07
 0.850000 	 -0.100000 	 1.977238e-07
 0.850000 	 -0.050000 	 2.102154e-07
 0.850000 	 0.000000 	 2.141714e-07
 0.850000 	 0.050000 	 2.104626e-07
 0.850000 	 0.100000 	 1.982890e-07
 0.850000 	 0.150000 	 1.795871e-07
 0.850000 	 0.200000 	 1.565590e-07
 0.850000 	 0.250000 	 1.320761e-07
 0.850000 	 0.300000 	 1.075596e-07
 0.850000 	 0.350000 	 8.530672e-08
 0.850000 	 0.400000 	 6.550825e-08
 0.850000 	 0.450000 	 4.936589e-08
 0.850000 	 0.500000 	 3.639766e-08
 0.850000 	 0.550000 	 2.636148e-08
 0.850000 	 0.600000 	 1.881309e-08
 0.850000 	 0.650000 	 1.331455e-08
 0.850000 	 0.700000 	 9.362929e-09
 0.850000 	 0.750000 	 6.546134e-09
 0.850000 	 0.800000 	 4.581863e-09
 0.850000 	 0.850000 	 3.207169e-09
 0.850000 	 0.900000 	 2.258741e-09
 0.850000 	 0.950000 	 1.598801e-09
 0.850000 	 1.000000 	 1.143691e-09
 0.900000 	 -1.000000 	 1.063198e-09
 0.900000 	 -0.950000 	 1.457916e-09
 0.900000 	 -0.900000 	 2.022639e-09
 0.900000 	 -0.850000 	 2.803273e-09
 0.900000 	 -0.800000 	 3.892126e-09
 0.900000 	 -0.750000 	 5.422864e-09
 0.900000 	 -0.700000 	 7.527320e-09
 0.900000 	 -0.650000 	 1.040292e-08
 0.900000 	 -0.600000 	 1.425026e-08
 0.900000 	 -0.550000 	 1.935068e-08
 0.900000 	 -0.500000 	 2.598035e-08
 0.900000 	 -0.450000 	 3.423620e-08
 0.900000 	 -0.400000 	 4.426353e-08
 0.900000 	 -0.350000 	 5.601367e-08
 0.900000 	 -0.300000 	 6.916113e-08
 0.900000 	 -0.250000 	 8.311592e-08
 0.900000 	 -0.200000 	 9.692727e-08
 0.900000 	 -0.150000 	 1.095352e-07
 0.900000 	 -0.100000 	 1.196417e-07
 0.900000 	 -0.050000 	 1.263598e-07
 0.900000 	 0.000000 	 1.286154e-07
 0.900000 	 0.050000 	 1.263322e-07
 0.900000 	 0.100000 	 1.196983e-07
 0.900000 	 0.150000 	 1.096077e-07
 0.900000 	 0.200000 	 9.708617e-08
 0.900000 	 0.250000 	 8.314891e-08
 0.900000 	 0.300000 	 6.920028e-08
 0.900000 	 0.350000 	 5.606730e-08
 0.900000 	 0.400000 	 4.428247e-08
 0.900000 	 0.450000 	 3.423163e-08
 0.900000 	 0.500000 	 2.594355e-08
 0.900000 	 0.550000 	 1.936957e-08
 0.900000 	 0.600000 	 1.425675e-08
 0.900000 	 0.650000 	 1.039573e-08
 0.900000 	 0.700000 	 7.544605e-09
 0.900000 	 0.750000 	 5.429972e-09
 0.900000 	 0.800000 	 3.898204e-09
 0.900000 	 0.850000 	 2.803446e-09
 0.900000 	 0.900000 	 2.014857e-09
 0.900000 	 0.950000 	 1.463626e-09
 0.900000 	 1.000000 	 1.062057e-09
 0.950000 	 -1.000000 	 9.637318e-10
 0.950000 	 -0.950000 	 1.304423e-09
 0.950000 	 -0.900000 	 1.767231e-09
 0.950000 	 -0.850000 	 2.398371e-09
 0.950000 	 -0.800000 	 3.268266e-09
 0.950000 	 -0.750000 	 4.430652e-09
 0.950000 	 -0.700000 	 6.007410e-09
 0.950000 	 -0.650000 	 8.085905e-09
 0.950000 	 -0.600000 	 1.081966e-08
 0.950000 	 -0.550000 	 1.430497e-08
 0.950000 	 -0.500000 	 1.866640e-08
 0.950000 	 -0.450000 	 2.405117e-08
 0.950000 	 -0.400000 	 3.034806e-08
 0.950000 	 -0.350000 	 3.756580e-08
 0.950000 	 -0.300000 	 4.548226e-08
 0.950000 	 -0.250000 	 5.367776e-08
 0.950000 	 -0.200000 	 6.169248e-08
 0.950000 	 -0.150000 	 6.883353e-08
 0.950000 	 -0.100000 	 7.459312e-08
 0.950000 	 -0.050000 	 7.826024e-08
 0.950000 	 0.000000 	 7.948345e-08
 0.950000 	 0.050000 	 7.820564e-08
 0.950000 	 0.100000 	 7.447865e-08
 0.950000 	 0.150000 	 6.880549e-08
 0.950000 	 0.200000 	 6.166538e-08
 0.950000 	 0.250000 	 5.372145e-08
 0.950000 	 0.300000 	 4.544601e-08
 0.950000 	 0.350000 	 3.761452e-08
 0.950000 	 0.400000 	 3.033354e-08
 0.950000 	 0.450000 	 2.398447e-08
 0.950000 	 0.500000 	 1.866824e-08
 0.950000 	 0.550000 	 1.429528e-08
 0.950000 	 0.600000 	 1.081333e-08
 0.950000 	 0.650000 	 8.094638e-09
 0.950000 	 0.700000 	 6.011990e-09
 0.950000 	 0.750000 	 4.436469e-09
 0.950000 	 0.800000 	 3.269516e-09
 0.950000 	 0.850000 	 2.401658e-09
 0.950000 	 0.900000 	 1.766624e-09
 0.950000 	 0.950000 	 1.301695e-09
 0.950000 	 1.000000 	 9.625268e-10
 1.000000 	 -1.000000 	 8.571156e-10
 1.000000 	 -0.950000 	 1.139253e-09
 1.000000 	 -0.900000 	 1.519308e-09
 1.000000 	 -0.850000 	 2.029768e-09
 1.000000 	 -0.800000 	 2.706045e-09
 1.000000 	 -0.750000 	 3.597438e-09
 1.000000 	 -0.700000 	 4.753682e-09
 1.000000 	 -0.650000 	 6.276379e-09
 1.000000 	 -0.600000 	 8.200029e-09
 1.000000 	 -0.550000 	 1.060809e-08
 1.000000 	 -0.500000 	 1.352405e-08
 1.000000 	 -0.450000 	 1.703822e-08
 1.000000 	 -0.400000 	 2.106963e-08
 1.000000 	 -0.350000 	 2.558854e-08
 1.000000 	 -0.300000 	 3.047578e-08
 1.000000 	 -0.250000 	 3.541679e-08
 1.000000 	 -0.200000 	 4.010926e-08
 1.000000 	 -0.150000 	 4.426929e-08
 1.000000 	 -0.100000 	 4.760656e-08
 1.000000 	 -0.050000 	 4.973687e-08
 1.000000 	 0.000000 	 5.049138e-08
 1.000000 	 0.050000 	 4.974522e-08
 1.000000 	 0.100000 	 4.757890e-08
 1.000000 	 0.150000 	 4.435994e-08
 1.000000 	 0.200000 	 4.012754e-08
 1.000000 	 0.250000 	 3.538549e-08
 1.000000 	 0.300000 	 3.042190e-08
 1.000000 	 0.350000 	 2.560069e-08
 1.000000 	 0.400000 	 2.108226e-08
 1.000000 	 0.450000 	 1.704335e-08
 1.000000 	 0.500000 	 1.353650e-08
 1.000000 	 0.550000 	 1.059212e-08
 1.000000 	 0.600000 	 8.190257e-09
 1.000000 	 0.650000 	 6.276773e-09
 1.000000 	 0.700000 	 4.758544e-09
 1.000000 	 0.750000 	 3.601390e-09
 1.000000 	 0.800000 	 2.708517e-09
 1.000000 	 0.850000 	 2.026485e-09
 1.000000 	 0.900000 	 1.522836e-09
 1.000000 	 0.950000 	 1.140685e-09
 1.000000 	 1.000000 	 8.551833e-10
