 -1.000000 	 -1.000000 	 1.332636e-05
 -1.000000 	 -0.950000 	 1.652143e-05
 -1.000000 	 -0.900000 	 2.042921e-05
 -1.000000 	 -0.850000 	 2.519493e-05
 -1.000000 	 -0.800000 	 3.093978e-05
 -1.000000 	 -0.750000 	 3.783263e-05
 -1.000000 	 -0.700000 	 4.600456e-05
 -1.000000 	 -0.650000 	 5.555889e-05
 -1.000000 	 -0.600000 	 6.661398e-05
 -1.000000 	 -0.550000 	 7.916924e-05
 -1.000000 	 -0.500000 	 9.321286e-05
 -1.000000 	 -0.450000 	 1.085252e-04
 -1.000000 	 -0.400000 	 1.248553e-04
 -1.000000 	 -0.350000 	 1.417545e-04
 -1.000000 	 -0.300000 	 1.586968e-04
 -1.000000 	 -0.250000 	 1.749474e-04
 -1.000000 	 -0.200000 	 1.896844e-04
 -1.000000 	 -0.150000 	 2.022710e-04
 -1.000000 	 -0.100000 	 2.118292e-04
 -1.000000 	 -0.050000 	 2.178128e-04
 -1.000000 	 0.000000 	 2.198604e-04
 -1.000000 	 0.050000 	 2.177939e-04
 -1.000000 	 0.100000 	 2.118009e-04
 -1.000000 	 0.150000 	 2.022233e-04
 -1.000000 	 0.200000 	 1.897131e-04
 -1.000000 	 0.250000 	 1.749334e-04
 -1.000000 	 0.300000 	 1.586947e-04
 -1.000000 	 0.350000 	 1.417834e-04
 -1.000000 	 0.400000 	 1.248925e-04
 -1.000000 	 0.450000 	 1.085373e-04
 -1.000000 	 0.500000 	 9.321141e-05
 -1.000000 	 0.550000 	 7.918861e-05
 -1.000000 	 0.600000 	 6.661467e-05
 -1.000000 	 0.650000 	 5.555515e-05
 -1.000000 	 0.700000 	 4.599769e-05
 -1.000000 	 0.750000 	 3.783401e-05
 -1.000000 	 0.800000 	 3.094437e-05
 -1.000000 	 0.850000 	 2.518834e-05
 -1.000000 	 0.900000 	 2.043123e-05
 -1.000000 	 0.950000 	 1.652255e-05
 -1.000000 	 1.000000 	 1.332547e-05
 -0.950000 	 -1.000000 	 1.679367e-05
 -0.950000 	 -0.950000 	 2.104283e-05
 -0.950000 	 -0.900000 	 2.631690e-05
 -0.950000 	 -0.850000 	 3.281871e-05
 -0.950000 	 -0.800000 	 4.077989e-05
 -0.950000 	 -0.750000 	 5.044764e-05
 -0.950000 	 -0.700000 	 6.208569e-05
 -0.950000 	 -0.650000 	 7.590132e-05
 -0.950000 	 -0.600000 	 9.208765e-05
 -0.950000 	 -0.550000 	 1.107703e-04
 -0.950000 	 -0.500000 	 1.319029e-04
 -0.950000 	 -0.450000 	 1.552869e-04
 -0.950000 	 -0.400000 	 1.805089e-04
 -0.950000 	 -0.350000 	 2.070251e-04
 -0.950000 	 -0.300000 	 2.337733e-04
 -0.950000 	 -0.250000 	 2.597702e-04
 -0.950000 	 -0.200000 	 2.835736e-04
 -0.950000 	 -0.150000 	 3.039421e-04
 -0.950000 	 -0.100000 	 3.195703e-04
 -0.950000 	 -0.050000 	 3.293839e-04
 -0.950000 	 0.000000 	 3.327153e-04
 -0.950000 	 0.050000 	 3.293172e-04
 -0.950000 	 0.100000 	 3.195101e-04
 -0.950000 	 0.150000 	 3.039396e-04
 -0.950000 	 0.200000 	 2.835473e-04
 -0.950000 	 0.250000 	 2.596975e-04
 -0.950000 	 0.300000 	 2.337886e-04
 -0.950000 	 0.350000 	 2.069943e-04
 -0.950000 	 0.400000 	 1.805414e-04
 -0.950000 	 0.450000 	 1.553022e-04
 -0.950000 	 0.500000 	 1.318925e-04
 -0.950000 	 0.550000 	 1.107523e-04
 -0.950000 	 0.600000 	 9.208359e-05
 -0.950000 	 0.650000 	 7.589514e-05
 -0.950000 	 0.700000 	 6.209258e-05
 -0.950000 	 0.750000 	 5.045466e-05
 -0.950000 	 0.800000 	 4.077787e-05
 -0.950000 	 0.850000 	 3.281596e-05
 -0.950000 	 0.900000 	 2.631304e-05
 -0.950000 	 0.950000 	 2.104654e-05
 -0.950000 	 1.000000 	 1.679463e-05
 -0.900000 	 -1.000000 	 2.110741e-05
 -0.900000 	 -0.950000 	 2.673900e-05
 -0.900000 	 -0.900000 	 3.383195e-05
 -0.900000 	 -0.850000 	 4.270168e-05
 -0.900000 	 -0.800000 	 5.371125e-05
 -0.900000 	 -0.750000 	 6.731542e-05
 -0.900000 	 -0.700000 	 8.388321e-05
 -0.900000 	 -0.650000 	 1.038702e-04
 -0.900000 	 -0.600000 	 1.276965e-04
 -0.900000 	 -0.550000 	 1.555703e-04
 -0.900000 	 -0.500000 	 1.876153e-04
 -0.900000 	 -0.450000 	 2.235566e-04
 -0.900000 	 -0.400000 	 2.628999e-04
 -0.900000 	 -0.350000 	 3.047625e-04
 -0.900000 	 -0.300000 	 3.475563e-04
 -0.900000 	 -0.250000 	 3.895489e-04
 -0.900000 	 -0.200000 	 4.284362e-04
 -0.900000 	 -0.150000 	 4.619213e-04
 -0.900000 	 -0.100000 	 4.878144e-04
 -0.900000 	 -0.050000 	 5.040899e-04
 -0.900000 	 0.000000 	 5.097249e-04
 -0.900000 	 0.050000 	 5.040759e-04
 -0.900000 	 0.100000 	 4.878459e-04
 -0.900000 	 0.150000 	 4.619450e-04
 -0.900000 	 0.200000 	 4.284186e-04
 -0.900000 	 0.250000 	 3.895745e-04
 -0.900000 	 0.300000 	 3.476326e-04
 -0.900000 	 0.350000 	 3.047435e-04
 -0.900000 	 0.400000 	 2.629768e-04
 -0.900000 	 0.450000 	 2.235575e-04
 -0.900000 	 0.500000 	 1.875832e-04
 -0.900000 	 0.550000 	 1.555875e-04
 -0.900000 	 0.600000 	 1.276948e-04
 -0.900000 	 0.650000 	 1.038804e-04
 -0.900000 	 0.700000 	 8.388232e-05
 -0.900000 	 0.750000 	 6.730217e-05
 -0.900000 	 0.800000 	 5.373027e-05
 -0.900000 	 0.850000 	 4.269382e-05
 -0.900000 	 0.900000 	 3.383683e-05
 -0.900000 	 0.950000 	 2.674382e-05
 -0.900000 	 1.000000 	 2.110836e-05
 -0.850000 	 -1.000000 	 2.642747e-05
 -0.850000 	 -0.950000 	 3.387852e-05
 -0.850000 	 -0.900000 	 4.338443e-05
 -0.850000 	 -0.850000 	 5.544993e-05
 -0.850000 	 -0.800000 	 7.068467e-05
 -0.850000 	 -0.750000 	 8.973783e-05
 -0.850000 	 -0.700000 	 1.133962e-04
 -0.850000 	 -0.650000 	 1.423840e-04
 -0.850000 	 -0.600000 	 1.774553e-04
 -0.850000 	 -0.550000 	 2.192213e-04
 -0.850000 	 -0.500000 	 2.679922e-04
 -0.850000 	 -0.450000 	 3.236320e-04
 -0.850000 	 -0.400000 	 3.855612e-04
 -0.850000 	 -0.350000 	 4.521865e-04
 -0.850000 	 -0.300000 	 5.214286e-04
 -0.850000 	 -0.250000 	 5.900837e-04
 -0.850000 	 -0.200000 	 6.543851e-04
 -0.850000 	 -0.150000 	 7.103380e-04
 -0.850000 	 -0.100000 	 7.536791e-04
 -0.850000 	 -0.050000 	 7.812760e-04
 -0.850000 	 0.000000 	 7.908247e-04
 -0.850000 	 0.050000 	 7.814210e-04
 -0.850000 	 0.100000 	 7.537734e-04
 -0.850000 	 0.150000 	 7.102323e-04
 -0.850000 	 0.200000 	 6.543046e-04
 -0.850000 	 0.250000 	 5.900491e-04
 -0.850000 	 0.300000 	 5.213470e-04
 -0.850000 	 0.350000 	 4.522292e-04
 -0.850000 	 0.400000 	 3.854955e-04
 -0.850000 	 0.450000 	 3.235991e-04
 -0.850000 	 0.500000 	 2.679609e-04
 -0.850000 	 0.550000 	 2.192484e-04
 -0.850000 	 0.600000 	 1.774698e-04
 -0.850000 	 0.650000 	 1.423969e-04
 -0.850000 	 0.700000 	 1.133693e-04
 -0.850000 	 0.750000 	 8.973054e-05
 -0.850000 	 0.800000 	 7.067849e-05
 -0.850000 	 0.850000 	 5.544702e-05
 -0.850000 	 0.900000 	 4.338981e-05
 -0.850000 	 0.950000 	 3.387937e-05
 -0.850000 	 1.000000 	 2.643102e-05
 -0.800000 	 -1.000000 	 3.293443e-05
 -0.800000 	 -0.950000 	 4.273129e-05
 -0.800000 	 -0.900000 	 5.542213e-05
 -0.800000 	 -0.850000 	 7.179425e-05
 -0.800000 	 -0.800000 	 9.274476e-05
 -0.800000 	 -0.750000 	 1.194506e-04
 -0.800000 	 -0.700000 	 1.531063e-04
 -0.800000 	 -0.650000 	 1.951199e-04
 -0.800000 	 -0.600000 	 2.468826e-04
 -0.800000 	 -0.550000 	 3.095618e-04
 -0.800000 	 -0.500000 	 3.841588e-04
 -0.800000 	 -0.450000 	 4.707760e-04
 -0.800000 	 -0.400000 	 5.686482e-04
 -0.800000 	 -0.350000 	 6.758808e-04
 -0.800000 	 -0.300000 	 7.889320e-04
 -0.800000 	 -0.250000 	 9.023371e-04
 -0.800000 	 -0.200000 	 1.009968e-03
 -0.800000 	 -0.150000 	 1.104545e-03
 -0.800000 	 -0.100000 	 1.178489e-03
 -0.800000 	 -0.050000 	 1.225751e-03
 -0.800000 	 0.000000 	 1.242001e-03
 -0.800000 	 0.050000 	 1.225782e-03
 -0.800000 	 0.100000 	 1.178537e-03
 -0.800000 	 0.150000 	 1.104475e-03
 -0.800000 	 0.200000 	 1.010036e-03
 -0.800000 	 0.250000 	 9.024259e-04
 -0.800000 	 0.300000 	 7.886938e-04
 -0.800000 	 0.350000 	 6.758051e-04
 -0.800000 	 0.400000 	 5.686860e-04
 -0.800000 	 0.450000 	 4.706258e-04
 -0.800000 	 0.500000 	 3.841119e-04
 -0.800000 	 0.550000 	 3.095685e-04
 -0.800000 	 0.600000 	 2.468812e-04
 -0.800000 	 0.650000 	 1.951665e-04
 -0.800000 	 0.700000 	 1.531279e-04
 -0.800000 	 0.750000 	 1.194525e-04
 -0.800000 	 0.800000 	 9.275576e-05
 -0.800000 	 0.850000 	 7.177389e-05
 -0.800000 	 0.900000 	 5.543251e-05
 -0.800000 	 0.950000 	 4.273417e-05
 -0.800000 	 1.000000 	 3.293654e-05
 -0.750000 	 -1.000000 	 4.081090e-05
 -0.750000 	 -0.950000 	 5.362401e-05
 -0.750000 	 -0.900000 	 7.045149e-05
 -0.750000 	 -0.850000 	 9.249838e-05
 -0.750000 	 -0.800000 	 1.212286e-04
 -0.750000 	 -0.750000 	 1.584882e-04
 -0.750000 	 -0.700000 	 2.062990e-04
 -0.750000 	 -0.650000 	 2.671380e-04
 -0.750000 	 -0.600000 	 3.434713e-04
 -0.750000 	 -0.550000 	 4.376413e-04
 -0.750000 	 -0.500000 	 5.520124e-04
 -0.750000 	 -0.450000 	 6.870625e-04
 -0.750000 	 -0.400000 	 8.428218e-04
 -0.750000 	 -0.350000 	 1.016414e-03
 -0.750000 	 -0.300000 	 1.202535e-03
 -0.750000 	 -0.250000 	 1.392203e-03
 -0.750000 	 -0.200000 	 1.574847e-03
 -0.750000 	 -0.150000 	 1.736421e-03
 -0.750000 	 -0.100000 	 1.864083e-03
 -0.750000 	 -0.050000 	 1.946584e-03
 -0.750000 	 0.000000 	 1.974490e-03
 -0.750000 	 0.050000 	 1.946507e-03
 -0.750000 	 0.100000 	 1.864400e-03
 -0.750000 	 0.150000 	 1.736395e-03
 -0.750000 	 0.200000 	 1.574427e-03
 -0.750000 	 0.250000 	 1.392373e-03
 -0.750000 	 0.300000 	 1.202580e-03
 -0.750000 	 0.350000 	 1.016480e-03
 -0.750000 	 0.400000 	 8.428863e-04
 -0.750000 	 0.450000 	 6.871690e-04
 -0.750000 	 0.500000 	 5.519422e-04
 -0.750000 	 0.550000 	 4.376656e-04
 -0.750000 	 0.600000 	 3.434413e-04
 -0.750000 	 0.650000 	 2.671679e-04
 -0.750000 	 0.700000 	 2.062812e-04
 -0.750000 	 0.750000 	 1.584607e-04
 -0.750000 	 0.800000 	 1.212306e-04
 -0.750000 	 0.850000 	 9.247966e-05
 -0.750000 	 0.900000 	 7.043858e-05
 -0.750000 	 0.950000 	 5.360870e-05
 -0.750000 	 1.000000 	 4.081582e-05
 -0.700000 	 -1.000000 	 5.021086e-05
 -0.700000 	 -0.950000 	 6.681999e-05
 -0.700000 	 -0.900000 	 8.895570e-05
 -0.700000 	 -0.850000 	 1.185070e-04
 -0.700000 	 -0.800000 	 1.576451e-04
 -0.700000 	 -0.750000 	 2.093262e-04
 -0.700000 	 -0.700000 	 2.769314e-04
 -0.700000 	 -0.650000 	 3.646268e-04
 -0.700000 	 -0.600000 	 4.768972e-04
 -0.700000 	 -0.550000 	 6.184066e-04
 -0.700000 	 -0.500000 	 7.934539e-04
 -0.700000 	 -0.450000 	 1.005337e-03
 -0.700000 	 -0.400000 	 1.253978e-03
 -0.700000 	 -0.350000 	 1.536626e-03
 -0.700000 	 -0.300000 	 1.845390e-03
 -0.700000 	 -0.250000 	 2.165599e-03
 -0.700000 	 -0.200000 	 2.477814e-03
 -0.700000 	 -0.150000 	 2.757915e-03
 -0.700000 	 -0.100000 	 2.981615e-03
 -0.700000 	 -0.050000 	 3.126547e-03
 -0.700000 	 0.000000 	 3.177291e-03
 -0.700000 	 0.050000 	 3.126065e-03
 -0.700000 	 0.100000 	 2.981735e-03
 -0.700000 	 0.150000 	 2.758296e-03
 -0.700000 	 0.200000 	 2.477599e-03
 -0.700000 	 0.250000 	 2.165148e-03
 -0.700000 	 0.300000 	 1.845327e-03
 -0.700000 	 0.350000 	 1.536775e-03
 -0.700000 	 0.400000 	 1.254100e-03
 -0.700000 	 0.450000 	 1.005370e-03
 -0.700000 	 0.500000 	 7.935147e-04
 -0.700000 	 0.550000 	 6.184250e-04
 -0.700000 	 0.600000 	 4.769799e-04
 -0.700000 	 0.650000 	 3.646508e-04
 -0.700000 	 0.700000 	 2.768711e-04
 -0.700000 	 0.750000 	 2.092959e-04
 -0.700000 	 0.800000 	 1.576326e-04
 -0.700000 	 0.850000 	 1.184856e-04
 -0.700000 	 0.900000 	 8.896044e-05
 -0.700000 	 0.950000 	 6.681641e-05
 -0.700000 	 1.000000 	 5.020982e-05
 -0.650000 	 -1.000000 	 6.126956e-05
 -0.650000 	 -0.950000 	 8.260566e-05
 -0.650000 	 -0.900000 	 1.114987e-04
 -0.650000 	 -0.850000 	 1.506716e-04
 -0.650000 	 -0.800000 	 2.035946e-04
 -0.650000 	 -0.750000 	 2.746379e-04
 -0.650000 	 -0.700000 	 3.696394e-04
 -0.650000 	 -0.650000 	 4.953132e-04
 -0.650000 	 -0.600000 	 6.597568e-04
 -0.650000 	 -0.550000 	 8.715988e-04
 -0.650000 	 -0.500000 	 1.139906e-03
 -0.650000 	 -0.450000 	 1.471404e-03
 -0.650000 	 -0.400000 	 1.869322e-03
 -0.650000 	 -0.350000 	 2.331497e-03
 -0.650000 	 -0.300000 	 2.845786e-03
 -0.650000 	 -0.250000 	 3.390363e-03
 -0.650000 	 -0.200000 	 3.929497e-03
 -0.650000 	 -0.150000 	 4.420836e-03
 -0.650000 	 -0.100000 	 4.816597e-03
 -0.650000 	 -0.050000 	 5.075032e-03
 -0.650000 	 0.000000 	 5.164784e-03
 -0.650000 	 0.050000 	 5.074733e-03
 -0.650000 	 0.100000 	 4.818407e-03
 -0.650000 	 0.150000 	 4.421149e-03
 -0.650000 	 0.200000 	 3.928680e-03
 -0.650000 	 0.250000 	 3.389654e-03
 -0.650000 	 0.300000 	 2.845863e-03
 -0.650000 	 0.350000 	 2.331188e-03
 -0.650000 	 0.400000 	 1.869590e-03
 -0.650000 	 0.450000 	 1.471301e-03
 -0.650000 	 0.500000 	 1.139872e-03
 -0.650000 	 0.550000 	 8.717359e-04
 -0.650000 	 0.600000 	 6.597159e-04
 -0.650000 	 0.650000 	 4.953521e-04
 -0.650000 	 0.700000 	 3.696806e-04
 -0.650000 	 0.750000 	 2.746742e-04
 -0.650000 	 0.800000 	 2.035650e-04
 -0.650000 	 0.850000 	 1.506624e-04
 -0.650000 	 0.900000 	 1.114974e-04
 -0.650000 	 0.950000 	 8.258884e-05
 -0.650000 	 1.000000 	 6.128734e-05
 -0.600000 	 -1.000000 	 7.408966e-05
 -0.600000 	 -0.950000 	 1.011413e-04
 -0.600000 	 -0.900000 	 1.384580e-04
 -0.600000 	 -0.850000 	 1.898333e-04
 -0.600000 	 -0.800000 	 2.605595e-04
 -0.600000 	 -0.750000 	 3.574742e-04
 -0.600000 	 -0.700000 	 4.896205e-04
 -0.600000 	 -0.650000 	 6.682023e-04
 -0.600000 	 -0.600000 	 9.075248e-04
 -0.600000 	 -0.550000 	 1.222941e-03
 -0.600000 	 -0.500000 	 1.631647e-03
 -0.600000 	 -0.450000 	 2.149364e-03
 -0.600000 	 -0.400000 	 2.786188e-03
 -0.600000 	 -0.350000 	 3.542174e-03
 -0.600000 	 -0.300000 	 4.403505e-03
 -0.600000 	 -0.250000 	 5.332801e-03
 -0.600000 	 -0.200000 	 6.270922e-03
 -0.600000 	 -0.150000 	 7.138680e-03
 -0.600000 	 -0.100000 	 7.848096e-03
 -0.600000 	 -0.050000 	 8.313569e-03
 -0.600000 	 0.000000 	 8.475113e-03
 -0.600000 	 0.050000 	 8.312987e-03
 -0.600000 	 0.100000 	 7.849250e-03
 -0.600000 	 0.150000 	 7.140411e-03
 -0.600000 	 0.200000 	 6.270548e-03
 -0.600000 	 0.250000 	 5.333012e-03
 -0.600000 	 0.300000 	 4.403646e-03
 -0.600000 	 0.350000 	 3.542100e-03
 -0.600000 	 0.400000 	 2.785880e-03
 -0.600000 	 0.450000 	 2.148762e-03
 -0.600000 	 0.500000 	 1.631709e-03
 -0.600000 	 0.550000 	 1.222993e-03
 -0.600000 	 0.600000 	 9.078871e-04
 -0.600000 	 0.650000 	 6.683969e-04
 -0.600000 	 0.700000 	 4.896518e-04
 -0.600000 	 0.750000 	 3.573715e-04
 -0.600000 	 0.800000 	 2.605310e-04
 -0.600000 	 0.850000 	 1.898106e-04
 -0.600000 	 0.900000 	 1.384661e-04
 -0.600000 	 0.950000 	 1.011630e-04
 -0.600000 	 1.000000 	 7.410129e-05
 -0.550000 	 -1.000000 	 8.860303e-05
 -0.550000 	 -0.950000 	 1.225033e-04
 -0.550000 	 -0.900000 	 1.700153e-04
 -0.550000 	 -0.850000 	 2.366221e-04
 -0.550000 	 -0.800000 	 3.299532e-04
 -0.550000 	 -0.750000 	 4.604949e-04
 -0.550000 	 -0.700000 	 6.422704e-04
 -0.550000 	 -0.650000 	 8.934630e-04
 -0.550000 	 -0.600000 	 1.237755e-03
 -0.550000 	 -0.550000 	 1.703117e-03
 -0.550000 	 -0.500000 	 2.321628e-03
 -0.550000 	 -0.450000 	 3.123996e-03
 -0.550000 	 -0.400000 	 4.139182e-03
 -0.550000 	 -0.350000 	 5.373496e-03
 -0.550000 	 -0.300000 	 6.816254e-03
 -0.550000 	 -0.250000 	 8.404520e-03
 -0.550000 	 -0.200000 	 1.004669e-02
 -0.550000 	 -0.150000 	 1.158793e-02
 -0.550000 	 -0.100000 	 1.286258e-02
 -0.550000 	 -0.050000 	 1.370947e-02
 -0.550000 	 0.000000 	 1.400653e-02
 -0.550000 	 0.050000 	 1.370943e-02
 -0.550000 	 0.100000 	 1.286416e-02
 -0.550000 	 0.150000 	 1.158854e-02
 -0.550000 	 0.200000 	 1.004750e-02
 -0.550000 	 0.250000 	 8.405956e-03
 -0.550000 	 0.300000 	 6.816631e-03
 -0.550000 	 0.350000 	 5.374984e-03
 -0.550000 	 0.400000 	 4.138639e-03
 -0.550000 	 0.450000 	 3.124106e-03
 -0.550000 	 0.500000 	 2.321612e-03
 -0.550000 	 0.550000 	 1.703043e-03
 -0.550000 	 0.600000 	 1.237669e-03
 -0.550000 	 0.650000 	 8.934315e-04
 -0.550000 	 0.700000 	 6.422758e-04
 -0.550000 	 0.750000 	 4.605267e-04
 -0.550000 	 0.800000 	 3.299832e-04
 -0.550000 	 0.850000 	 2.366346e-04
 -0.550000 	 0.900000 	 1.700198e-04
 -0.550000 	 0.950000 	 1.225315e-04
 -0.550000 	 1.000000 	 8.859833e-05
 -0.500000 	 -1.000000 	 1.046624e-04
 -0.500000 	 -0.950000 	 1.465645e-04
 -0.500000 	 -0.900000 	 2.061735e-04
 -0.500000 	 -0.850000 	 2.911781e-04
 -0.500000 	 -0.800000 	 4.125862e-04
 -0.500000 	 -0.750000 	 5.856440e-04
 -0.500000 	 -0.700000 	 8.319194e-04
 -0.500000 	 -0.650000 	 1.180092e-03
 -0.500000 	 -0.600000 	 1.669133e-03
 -0.500000 	 -0.550000 	 2.346946e-03
 -0.500000 	 -0.500000 	 3.272346e-03
 -0.500000 	 -0.450000 	 4.507082e-03
 -0.500000 	 -0.400000 	 6.108291e-03
 -0.500000 	 -0.350000 	 8.116799e-03
 -0.500000 	 -0.300000 	 1.051980e-02
 -0.500000 	 -0.250000 	 1.323767e-02
 -0.500000 	 -0.200000 	 1.609572e-02
 -0.500000 	 -0.150000 	 1.884186e-02
 -0.500000 	 -0.100000 	 2.114938e-02
 -0.500000 	 -0.050000 	 2.268808e-02
 -0.500000 	 0.000000 	 2.323517e-02
 -0.500000 	 0.050000 	 2.269213e-02
 -0.500000 	 0.100000 	 2.114772e-02
 -0.500000 	 0.150000 	 1.884315e-02
 -0.500000 	 0.200000 	 1.609785e-02
 -0.500000 	 0.250000 	 1.323549e-02
 -0.500000 	 0.300000 	 1.051821e-02
 -0.500000 	 0.350000 	 8.116142e-03
 -0.500000 	 0.400000 	 6.109559e-03
 -0.500000 	 0.450000 	 4.506751e-03
 -0.500000 	 0.500000 	 3.272454e-03
 -0.500000 	 0.550000 	 2.346984e-03
 -0.500000 	 0.600000 	 1.669159e-03
 -0.500000 	 0.650000 	 1.180310e-03
 -0.500000 	 0.700000 	 8.318424e-04
 -0.500000 	 0.750000 	 5.856980e-04
 -0.500000 	 0.800000 	 4.126614e-04
 -0.500000 	 0.850000 	 2.911714e-04
 -0.500000 	 0.900000 	 2.061657e-04
 -0.500000 	 0.950000 	 1.465737e-04
 -0.500000 	 1.000000 	 1.046481e-04
 -0.450000 	 -1.000000 	 1.219539e-04
 -0.450000 	 -0.950000 	 1.728547e-04
 -0.450000 	 -0.900000 	 2.464291e-04
 -0.450000 	 -0.850000 	 3.530939e-04
 -0.450000 	 -0.800000 	 5.080907e-04
 -0.450000 	 -0.750000 	 7.335751e-04
 -0.450000 	 -0.700000 	 1.061434e-03
 -0.450000 	 -0.650000 	 1.535699e-03
 -0.450000 	 -0.600000 	 2.218272e-03
 -0.450000 	 -0.550000 	 3.189892e-03
 -0.450000 	 -0.500000 	 4.550501e-03
 -0.450000 	 -0.450000 	 6.422523e-03
 -0.450000 	 -0.400000 	 8.920505e-03
 -0.450000 	 -0.350000 	 1.214423e-02
 -0.450000 	 -0.300000 	 1.610847e-02
 -0.450000 	 -0.250000 	 2.071915e-02
 -0.450000 	 -0.200000 	 2.569088e-02
 -0.450000 	 -0.150000 	 3.055607e-02
 -0.450000 	 -0.100000 	 3.470453e-02
 -0.450000 	 -0.050000 	 3.751499e-02
 -0.450000 	 0.000000 	 3.850984e-02
 -0.450000 	 0.050000 	 3.751454e-02
 -0.450000 	 0.100000 	 3.471486e-02
 -0.450000 	 0.150000 	 3.055435e-02
 -0.450000 	 0.200000 	 2.569058e-02
 -0.450000 	 0.250000 	 2.071553e-02
 -0.450000 	 0.300000 	 1.610713e-02
 -0.450000 	 0.350000 	 1.214335e-02
 -0.450000 	 0.400000 	 8.920382e-03
 -0.450000 	 0.450000 	 6.421217e-03
 -0.450000 	 0.500000 	 4.551328e-03
 -0.450000 	 0.550000 	 3.189713e-03
 -0.450000 	 0.600000 	 2.218188e-03
 -0.450000 	 0.650000 	 1.535572e-03
 -0.450000 	 0.700000 	 1.061371e-03
 -0.450000 	 0.750000 	 7.336350e-04
 -0.450000 	 0.800000 	 5.081888e-04
 -0.450000 	 0.850000 	 3.530547e-04
 -0.450000 	 0.900000 	 2.464205e-04
 -0.450000 	 0.950000 	 1.728465e-04
 -0.450000 	 1.000000 	 1.219761e-04
 -0.400000 	 -1.000000 	 1.400118e-04
 -0.400000 	 -0.950000 	 2.007546e-04
 -0.400000 	 -0.900000 	 2.898107e-04
 -0.400000 	 -0.850000 	 4.209428e-04
 -0.400000 	 -0.800000 	 6.150640e-04
 -0.400000 	 -0.750000 	 9.026774e-04
 -0.400000 	 -0.700000 	 1.329922e-03
 -0.400000 	 -0.650000 	 1.961964e-03
 -0.400000 	 -0.600000 	 2.893800e-03
 -0.400000 	 -0.550000 	 4.257751e-03
 -0.400000 	 -0.500000 	 6.219671e-03
 -0.400000 	 -0.450000 	 8.999061e-03
 -0.400000 	 -0.400000 	 1.282604e-02
 -0.400000 	 -0.350000 	 1.790972e-02
 -0.400000 	 -0.300000 	 2.435488e-02
 -0.400000 	 -0.250000 	 3.206530e-02
 -0.400000 	 -0.200000 	 4.059138e-02
 -0.400000 	 -0.150000 	 4.911095e-02
 -0.400000 	 -0.100000 	 5.651911e-02
 -0.400000 	 -0.050000 	 6.159397e-02
 -0.400000 	 0.000000 	 6.339180e-02
 -0.400000 	 0.050000 	 6.159406e-02
 -0.400000 	 0.100000 	 5.651703e-02
 -0.400000 	 0.150000 	 4.911434e-02
 -0.400000 	 0.200000 	 4.058392e-02
 -0.400000 	 0.250000 	 3.206055e-02
 -0.400000 	 0.300000 	 2.435054e-02
 -0.400000 	 0.350000 	 1.790805e-02
 -0.400000 	 0.400000 	 1.282370e-02
 -0.400000 	 0.450000 	 8.998807e-03
 -0.400000 	 0.500000 	 6.220369e-03
 -0.400000 	 0.550000 	 4.256317e-03
 -0.400000 	 0.600000 	 2.894066e-03
 -0.400000 	 0.650000 	 1.962018e-03
 -0.400000 	 0.700000 	 1.329938e-03
 -0.400000 	 0.750000 	 9.028461e-04
 -0.400000 	 0.800000 	 6.150545e-04
 -0.400000 	 0.850000 	 4.210183e-04
 -0.400000 	 0.900000 	 2.898028e-04
 -0.400000 	 0.950000 	 2.007599e-04
 -0.400000 	 1.000000 	 1.400255e-04
 -0.350000 	 -1.000000 	 1.581977e-04
 -0.350000 	 -0.950000 	 2.292178e-04
 -0.350000 	 -0.900000 	 3.348611e-04
 -0.350000 	 -0.850000 	 4.927034e-04
 -0.350000 	 -0.800000 	 7.301260e-04
 -0.350000 	 -0.750000 	 1.088463e-03
 -0.350000 	 -0.700000 	 1.631072e-03
 -0.350000 	 -0.650000 	 2.453055e-03
 -0.350000 	 -0.600000 	 3.692714e-03
 -0.350000 	 -0.550000 	 5.553183e-03
 -0.350000 	 -0.500000 	 8.311024e-03
 -0.350000 	 -0.450000 	 1.232878e-02
 -0.350000 	 -0.400000 	 1.803633e-02
 -0.350000 	 -0.350000 	 2.585958e-02
 -0.350000 	 -0.300000 	 3.610435e-02
 -0.350000 	 -0.250000 	 4.871770e-02
 -0.350000 	 -0.200000 	 6.303315e-02
 -0.350000 	 -0.150000 	 7.765288e-02
 -0.350000 	 -0.100000 	 9.059751e-02
 -0.350000 	 -0.050000 	 9.955096e-02
 -0.350000 	 0.000000 	 1.027670e-01
 -0.350000 	 0.050000 	 9.955434e-02
 -0.350000 	 0.100000 	 9.059652e-02
 -0.350000 	 0.150000 	 7.767359e-02
 -0.350000 	 0.200000 	 6.301663e-02
 -0.350000 	 0.250000 	 4.870641e-02
 -0.350000 	 0.300000 	 3.610541e-02
 -0.350000 	 0.350000 	 2.586279e-02
 -0.350000 	 0.400000 	 1.803492e-02
 -0.350000 	 0.450000 	 1.233007e-02
 -0.350000 	 0.500000 	 8.311521e-03
 -0.350000 	 0.550000 	 5.552093e-03
 -0.350000 	 0.600000 	 3.692801e-03
 -0.350000 	 0.650000 	 2.452726e-03
 -0.350000 	 0.700000 	 1.631368e-03
 -0.350000 	 0.750000 	 1.088631e-03
 -0.350000 	 0.800000 	 7.301669e-04
 -0.350000 	 0.850000 	 4.926936e-04
 -0.350000 	 0.900000 	 3.347731e-04
 -0.350000 	 0.950000 	 2.292209e-04
 -0.350000 	 1.000000 	 1.581639e-04
 -0.300000 	 -1.000000 	 1.755788e-04
 -0.300000 	 -0.950000 	 2.569201e-04
 -0.300000 	 -0.900000 	 3.792276e-04
 -0.300000 	 -0.850000 	 5.647777e-04
 -0.300000 	 -0.800000 	 8.478832e-04
 -0.300000 	 -0.750000 	 1.282714e-03
 -0.300000 	 -0.700000 	 1.953137e-03
 -0.300000 	 -0.650000 	 2.989676e-03
 -0.300000 	 -0.600000 	 4.589347e-03
 -0.300000 	 -0.550000 	 7.049870e-03
 -0.300000 	 -0.500000 	 1.079773e-02
 -0.300000 	 -0.450000 	 1.641762e-02
 -0.300000 	 -0.400000 	 2.465358e-02
 -0.300000 	 -0.350000 	 3.629806e-02
 -0.300000 	 -0.300000 	 5.204577e-02
 -0.300000 	 -0.250000 	 7.201832e-02
 -0.300000 	 -0.200000 	 9.530944e-02
 -0.300000 	 -0.150000 	 1.196834e-01
 -0.300000 	 -0.100000 	 1.414627e-01
 -0.300000 	 -0.050000 	 1.567776e-01
 -0.300000 	 0.000000 	 1.622740e-01
 -0.300000 	 0.050000 	 1.567577e-01
 -0.300000 	 0.100000 	 1.414663e-01
 -0.300000 	 0.150000 	 1.196657e-01
 -0.300000 	 0.200000 	 9.531395e-02
 -0.300000 	 0.250000 	 7.200039e-02
 -0.300000 	 0.300000 	 5.204919e-02
 -0.300000 	 0.350000 	 3.630729e-02
 -0.300000 	 0.400000 	 2.465428e-02
 -0.300000 	 0.450000 	 1.641800e-02
 -0.300000 	 0.500000 	 1.079768e-02
 -0.300000 	 0.550000 	 7.051213e-03
 -0.300000 	 0.600000 	 4.591012e-03
 -0.300000 	 0.650000 	 2.989785e-03
 -0.300000 	 0.700000 	 1.953213e-03
 -0.300000 	 0.750000 	 1.282665e-03
 -0.300000 	 0.800000 	 8.479978e-04
 -0.300000 	 0.850000 	 5.647461e-04
 -0.300000 	 0.900000 	 3.792461e-04
 -0.300000 	 0.950000 	 2.569040e-04
 -0.300000 	 1.000000 	 1.755945e-04
 -0.250000 	 -1.000000 	 1.913185e-04
 -0.250000 	 -0.950000 	 2.822979e-04
 -0.250000 	 -0.900000 	 4.206792e-04
 -0.250000 	 -0.850000 	 6.329144e-04
 -0.250000 	 -0.800000 	 9.615714e-04
 -0.250000 	 -0.750000 	 1.473527e-03
 -0.250000 	 -0.700000 	 2.276607e-03
 -0.250000 	 -0.650000 	 3.540415e-03
 -0.250000 	 -0.600000 	 5.533392e-03
 -0.250000 	 -0.550000 	 8.669842e-03
 -0.250000 	 -0.500000 	 1.356480e-02
 -0.250000 	 -0.450000 	 2.111414e-02
 -0.250000 	 -0.400000 	 3.249873e-02
 -0.250000 	 -0.350000 	 4.912057e-02
 -0.250000 	 -0.300000 	 7.228747e-02
 -0.250000 	 -0.250000 	 1.025632e-01
 -0.250000 	 -0.200000 	 1.388671e-01
 -0.250000 	 -0.150000 	 1.775607e-01
 -0.250000 	 -0.100000 	 2.127248e-01
 -0.250000 	 -0.050000 	 2.374472e-01
 -0.250000 	 0.000000 	 2.463612e-01
 -0.250000 	 0.050000 	 2.374386e-01
 -0.250000 	 0.100000 	 2.127055e-01
 -0.250000 	 0.150000 	 1.775842e-01
 -0.250000 	 0.200000 	 1.388557e-01
 -0.250000 	 0.250000 	 1.025754e-01
 -0.250000 	 0.300000 	 7.230137e-02
 -0.250000 	 0.350000 	 4.911694e-02
 -0.250000 	 0.400000 	 3.250342e-02
 -0.250000 	 0.450000 	 2.111445e-02
 -0.250000 	 0.500000 	 1.356636e-02
 -0.250000 	 0.550000 	 8.666971e-03
 -0.250000 	 0.600000 	 5.532782e-03
 -0.250000 	 0.650000 	 3.540697e-03
 -0.250000 	 0.700000 	 2.276205e-03
 -0.250000 	 0.750000 	 1.473409e-03
 -0.250000 	 0.800000 	 9.615285e-04
 -0.250000 	 0.850000 	 6.330249e-04
 -0.250000 	 0.900000 	 4.206769e-04
 -0.250000 	 0.950000 	 2.823039e-04
 -0.250000 	 1.000000 	 1.913345e-04
 -0.200000 	 -1.000000 	 2.044717e-04
 -0.200000 	 -0.950000 	 3.038286e-04
 -0.200000 	 -0.900000 	 4.563707e-04
 -0.200000 	 -0.850000 	 6.926209e-04
 -0.200000 	 -0.800000 	 1.062461e-03
 -0.200000 	 -0.750000 	 1.646082e-03
 -0.200000 	 -0.700000 	 2.574989e-03
 -0.200000 	 -0.650000 	 4.060583e-03
 -0.200000 	 -0.600000 	 6.444315e-03
 -0.200000 	 -0.550000 	 1.027151e-02
 -0.200000 	 -0.500000 	 1.638653e-02
 -0.200000 	 -0.450000 	 2.604870e-02
 -0.200000 	 -0.400000 	 4.101776e-02
 -0.200000 	 -0.350000 	 6.350303e-02
 -0.200000 	 -0.300000 	 9.580063e-02
 -0.200000 	 -0.250000 	 1.392624e-01
 -0.200000 	 -0.200000 	 1.926025e-01
 -0.200000 	 -0.150000 	 2.506056e-01
 -0.200000 	 -0.100000 	 3.036867e-01
 -0.200000 	 -0.050000 	 3.409373e-01
 -0.200000 	 0.000000 	 3.543207e-01
 -0.200000 	 0.050000 	 3.408804e-01
 -0.200000 	 0.100000 	 3.036900e-01
 -0.200000 	 0.150000 	 2.505832e-01
 -0.200000 	 0.200000 	 1.926001e-01
 -0.200000 	 0.250000 	 1.392243e-01
 -0.200000 	 0.300000 	 9.579484e-02
 -0.200000 	 0.350000 	 6.350341e-02
 -0.200000 	 0.400000 	 4.100759e-02
 -0.200000 	 0.450000 	 2.604381e-02
 -0.200000 	 0.500000 	 1.638745e-02
 -0.200000 	 0.550000 	 1.027338e-02
 -0.200000 	 0.600000 	 6.445167e-03
 -0.200000 	 0.650000 	 4.059906e-03
 -0.200000 	 0.700000 	 2.574537e-03
 -0.200000 	 0.750000 	 1.646461e-03
 -0.200000 	 0.800000 	 1.062366e-03
 -0.200000 	 0.850000 	 6.927223e-04
 -0.200000 	 0.900000 	 4.563013e-04
 -0.200000 	 0.950000 	 3.038112e-04
 -0.200000 	 1.000000 	 2.044719e-04
 -0.150000 	 -1.000000 	 2.141266e-04
 -0.150000 	 -0.950000 	 3.199355e-04
 -0.150000 	 -0.900000 	 4.834173e-04
 -0.150000 	 -0.850000 	 7.388880e-04
 -0.150000 	 -0.800000 	 1.142140e-03
 -0.150000 	 -0.750000 	 1.785661e-03
 -0.150000 	 -0.700000 	 2.819791e-03
 -0.150000 	 -0.650000 	 4.496441e-03
 -0.150000 	 -0.600000 	 7.227392e-03
 -0.150000 	 -0.550000 	 1.168344e-02
 -0.150000 	 -0.500000 	 1.893605e-02
 -0.150000 	 -0.450000 	 3.061911e-02
 -0.150000 	 -0.400000 	 4.916443e-02
 -0.150000 	 -0.350000 	 7.769932e-02
 -0.150000 	 -0.300000 	 1.198024e-01
 -0.150000 	 -0.250000 	 1.779460e-01
 -0.150000 	 -0.200000 	 2.511827e-01
 -0.150000 	 -0.150000 	 3.320558e-01
 -0.150000 	 -0.100000 	 4.065545e-01
 -0.150000 	 -0.050000 	 4.586453e-01
 -0.150000 	 0.000000 	 4.769985e-01
 -0.150000 	 0.050000 	 4.585267e-01
 -0.150000 	 0.100000 	 4.066000e-01
 -0.150000 	 0.150000 	 3.321432e-01
 -0.150000 	 0.200000 	 2.511373e-01
 -0.150000 	 0.250000 	 1.779232e-01
 -0.150000 	 0.300000 	 1.197831e-01
 -0.150000 	 0.350000 	 7.769422e-02
 -0.150000 	 0.400000 	 4.915677e-02
 -0.150000 	 0.450000 	 3.062464e-02
 -0.150000 	 0.500000 	 1.893210e-02
 -0.150000 	 0.550000 	 1.168431e-02
 -0.150000 	 0.600000 	 7.227257e-03
 -0.150000 	 0.650000 	 4.497443e-03
 -0.150000 	 0.700000 	 2.819950e-03
 -0.150000 	 0.750000 	 1.785470e-03
 -0.150000 	 0.800000 	 1.142320e-03
 -0.150000 	 0.850000 	 7.390193e-04
 -0.150000 	 0.900000 	 4.834287e-04
 -0.150000 	 0.950000 	 3.199308e-04
 -0.150000 	 1.000000 	 2.141639e-04
 -0.100000 	 -1.000000 	 2.197128e-04
 -0.100000 	 -0.950000 	 3.295054e-04
 -0.100000 	 -0.900000 	 4.999982e-04
 -0.100000 	 -0.850000 	 7.677722e-04
 -0.100000 	 -0.800000 	 1.193568e-03
 -0.100000 	 -0.750000 	 1.876901e-03
 -0.100000 	 -0.700000 	 2.985535e-03
 -0.100000 	 -0.650000 	 4.798772e-03
 -0.100000 	 -0.600000 	 7.782925e-03
 -0.100000 	 -0.550000 	 1.270973e-02
 -0.100000 	 -0.500000 	 2.083143e-02
 -0.100000 	 -0.450000 	 3.413938e-02
 -0.100000 	 -0.400000 	 5.558886e-02
 -0.100000 	 -0.350000 	 8.927050e-02
 -0.100000 	 -0.300000 	 1.399596e-01
 -0.100000 	 -0.250000 	 2.115805e-01
 -0.100000 	 -0.200000 	 3.038975e-01
 -0.100000 	 -0.150000 	 4.082003e-01
 -0.100000 	 -0.100000 	 5.058598e-01
 -0.100000 	 -0.050000 	 5.745975e-01
 -0.100000 	 0.000000 	 5.991144e-01
 -0.100000 	 0.050000 	 5.747182e-01
 -0.100000 	 0.100000 	 5.057290e-01
 -0.100000 	 0.150000 	 4.081839e-01
 -0.100000 	 0.200000 	 3.039229e-01
 -0.100000 	 0.250000 	 2.115724e-01
 -0.100000 	 0.300000 	 1.399741e-01
 -0.100000 	 0.350000 	 8.928119e-02
 -0.100000 	 0.400000 	 5.558517e-02
 -0.100000 	 0.450000 	 3.413560e-02
 -0.100000 	 0.500000 	 2.083308e-02
 -0.100000 	 0.550000 	 1.270886e-02
 -0.100000 	 0.600000 	 7.782593e-03
 -0.100000 	 0.650000 	 4.799062e-03
 -0.100000 	 0.700000 	 2.985880e-03
 -0.100000 	 0.750000 	 1.877244e-03
 -0.100000 	 0.800000 	 1.193413e-03
 -0.100000 	 0.850000 	 7.678197e-04
 -0.100000 	 0.900000 	 4.999693e-04
 -0.100000 	 0.950000 	 3.294693e-04
 -0.100000 	 1.000000 	 2.197069e-04
 -0.050000 	 -1.000000 	 2.207265e-04
 -0.050000 	 -0.950000 	 3.316641e-04
 -0.050000 	 -0.900000 	 5.045400e-04
 -0.050000 	 -0.850000 	 7.767864e-04
 -0.050000 	 -0.800000 	 1.211260e-03
 -0.050000 	 -0.750000 	 1.911087e-03
 -0.050000 	 -0.700000 	 3.052369e-03
 -0.050000 	 -0.650000 	 4.928008e-03
 -0.050000 	 -0.600000 	 8.030768e-03
 -0.050000 	 -0.550000 	 1.319214e-02
 -0.050000 	 -0.500000 	 2.176365e-02
 -0.050000 	 -0.450000 	 3.592643e-02
 -0.050000 	 -0.400000 	 5.899704e-02
 -0.050000 	 -0.350000 	 9.563927e-02
 -0.050000 	 -0.300000 	 1.514920e-01
 -0.050000 	 -0.250000 	 2.317008e-01
 -0.050000 	 -0.200000 	 3.371166e-01
 -0.050000 	 -0.150000 	 4.596046e-01
 -0.050000 	 -0.100000 	 5.799133e-01
 -0.050000 	 -0.050000 	 6.726125e-01
 -0.050000 	 0.000000 	 7.101885e-01
 -0.050000 	 0.050000 	 6.725631e-01
 -0.050000 	 0.100000 	 5.799226e-01
 -0.050000 	 0.150000 	 4.596759e-01
 -0.050000 	 0.200000 	 3.370899e-01
 -0.050000 	 0.250000 	 2.317191e-01
 -0.050000 	 0.300000 	 1.515416e-01
 -0.050000 	 0.350000 	 9.562178e-02
 -0.050000 	 0.400000 	 5.901481e-02
 -0.050000 	 0.450000 	 3.592694e-02
 -0.050000 	 0.500000 	 2.176359e-02
 -0.050000 	 0.550000 	 1.319129e-02
 -0.050000 	 0.600000 	 8.030925e-03
 -0.050000 	 0.650000 	 4.926822e-03
 -0.050000 	 0.700000 	 3.052251e-03
 -0.050000 	 0.750000 	 1.911421e-03
 -0.050000 	 0.800000 	 1.211076e-03
 -0.050000 	 0.850000 	 7.769337e-04
 -0.050000 	 0.900000 	 5.045225e-04
 -0.050000 	 0.950000 	 3.316383e-04
 -0.050000 	 1.000000 	 2.206945e-04
 0.000000 	 -1.000000 	 2.171398e-04
 0.000000 	 -0.950000 	 3.263690e-04
 0.000000 	 -0.900000 	 4.965482e-04
 0.000000 	 -0.850000 	 7.649958e-04
 0.000000 	 -0.800000 	 1.193151e-03
 0.000000 	 -0.750000 	 1.884054e-03
 0.000000 	 -0.700000 	 3.010025e-03
 0.000000 	 -0.650000 	 4.864010e-03
 0.000000 	 -0.600000 	 7.935718e-03
 0.000000 	 -0.550000 	 1.304634e-02
 0.000000 	 -0.500000 	 2.155452e-02
 0.000000 	 -0.450000 	 3.563806e-02
 0.000000 	 -0.400000 	 5.861535e-02
 0.000000 	 -0.350000 	 9.520259e-02
 0.000000 	 -0.300000 	 1.512254e-01
 0.000000 	 -0.250000 	 2.320847e-01
 0.000000 	 -0.200000 	 3.394093e-01
 0.000000 	 -0.150000 	 4.669503e-01
 0.000000 	 -0.100000 	 5.990598e-01
 0.000000 	 -0.050000 	 7.150044e-01
 0.000000 	 0.000000 	 7.757111e-01
 0.000000 	 0.050000 	 7.149355e-01
 0.000000 	 0.100000 	 5.991272e-01
 0.000000 	 0.150000 	 4.669779e-01
 0.000000 	 0.200000 	 3.393950e-01
 0.000000 	 0.250000 	 2.320623e-01
 0.000000 	 0.300000 	 1.512039e-01
 0.000000 	 0.350000 	 9.519545e-02
 0.000000 	 0.400000 	 5.861982e-02
 0.000000 	 0.450000 	 3.562739e-02
 0.000000 	 0.500000 	 2.155631e-02
 0.000000 	 0.550000 	 1.305120e-02
 0.000000 	 0.600000 	 7.936099e-03
 0.000000 	 0.650000 	 4.863898e-03
 0.000000 	 0.700000 	 3.010513e-03
 0.000000 	 0.750000 	 1.884238e-03
 0.000000 	 0.800000 	 1.193069e-03
 0.000000 	 0.850000 	 7.649927e-04
 0.000000 	 0.900000 	 4.964794e-04
 0.000000 	 0.950000 	 3.263819e-04
 0.000000 	 1.000000 	 2.171242e-04
 0.050000 	 -1.000000 	 2.091644e-04
 0.050000 	 -0.950000 	 3.139288e-04
 0.050000 	 -0.900000 	 4.768998e-04
 0.050000 	 -0.850000 	 7.332969e-04
 0.050000 	 -0.800000 	 1.141411e-03
 0.050000 	 -0.750000 	 1.798434e-03
 0.050000 	 -0.700000 	 2.866448e-03
 0.050000 	 -0.650000 	 4.618167e-03
 0.050000 	 -0.600000 	 7.512201e-03
 0.050000 	 -0.550000 	 1.230684e-02
 0.050000 	 -0.500000 	 2.024950e-02
 0.050000 	 -0.450000 	 3.332145e-02
 0.050000 	 -0.400000 	 5.453607e-02
 0.050000 	 -0.350000 	 8.810480e-02
 0.050000 	 -0.300000 	 1.391245e-01
 0.050000 	 -0.250000 	 2.123219e-01
 0.050000 	 -0.200000 	 3.090634e-01
 0.050000 	 -0.150000 	 4.242240e-01
 0.050000 	 -0.100000 	 5.438424e-01
 0.050000 	 -0.050000 	 6.464400e-01
 0.050000 	 0.000000 	 6.926903e-01
 0.050000 	 0.050000 	 6.464044e-01
 0.050000 	 0.100000 	 5.438543e-01
 0.050000 	 0.150000 	 4.242114e-01
 0.050000 	 0.200000 	 3.092008e-01
 0.050000 	 0.250000 	 2.123576e-01
 0.050000 	 0.300000 	 1.391455e-01
 0.050000 	 0.350000 	 8.811444e-02
 0.050000 	 0.400000 	 5.452693e-02
 0.050000 	 0.450000 	 3.332601e-02
 0.050000 	 0.500000 	 2.024850e-02
 0.050000 	 0.550000 	 1.230712e-02
 0.050000 	 0.600000 	 7.511404e-03
 0.050000 	 0.650000 	 4.619083e-03
 0.050000 	 0.700000 	 2.866831e-03
 0.050000 	 0.750000 	 1.798659e-03
 0.050000 	 0.800000 	 1.141438e-03
 0.050000 	 0.850000 	 7.333776e-04
 0.050000 	 0.900000 	 4.768995e-04
 0.050000 	 0.950000 	 3.139462e-04
 0.050000 	 1.000000 	 2.091816e-04
 0.100000 	 -1.000000 	 1.974910e-04
 0.100000 	 -0.950000 	 2.955133e-04
 0.100000 	 -0.900000 	 4.472868e-04
 0.100000 	 -0.850000 	 6.849297e-04
 0.100000 	 -0.800000 	 1.061717e-03
 0.100000 	 -0.750000 	 1.664335e-03
 0.100000 	 -0.700000 	 2.637507e-03
 0.100000 	 -0.650000 	 4.223979e-03
 0.100000 	 -0.600000 	 6.820279e-03
 0.100000 	 -0.550000 	 1.108342e-02
 0.100000 	 -0.500000 	 1.807903e-02
 0.100000 	 -0.450000 	 2.945697e-02
 0.100000 	 -0.400000 	 4.767930e-02
 0.100000 	 -0.350000 	 7.609204e-02
 0.100000 	 -0.300000 	 1.186014e-01
 0.100000 	 -0.250000 	 1.786231e-01
 0.100000 	 -0.200000 	 2.566052e-01
 0.100000 	 -0.150000 	 3.473973e-01
 0.100000 	 -0.100000 	 4.386445e-01
 0.100000 	 -0.050000 	 5.109319e-01
 0.100000 	 0.000000 	 5.397128e-01
 0.100000 	 0.050000 	 5.108050e-01
 0.100000 	 0.100000 	 4.387082e-01
 0.100000 	 0.150000 	 3.474396e-01
 0.100000 	 0.200000 	 2.565944e-01
 0.100000 	 0.250000 	 1.786154e-01
 0.100000 	 0.300000 	 1.186140e-01
 0.100000 	 0.350000 	 7.609050e-02
 0.100000 	 0.400000 	 4.768039e-02
 0.100000 	 0.450000 	 2.945326e-02
 0.100000 	 0.500000 	 1.807730e-02
 0.100000 	 0.550000 	 1.108692e-02
 0.100000 	 0.600000 	 6.820894e-03
 0.100000 	 0.650000 	 4.223376e-03
 0.100000 	 0.700000 	 2.637644e-03
 0.100000 	 0.750000 	 1.664325e-03
 0.100000 	 0.800000 	 1.061384e-03
 0.100000 	 0.850000 	 6.849319e-04
 0.100000 	 0.900000 	 4.471863e-04
 0.100000 	 0.950000 	 2.954616e-04
 0.100000 	 1.000000 	 1.975041e-04
 0.150000 	 -1.000000 	 1.828565e-04
 0.150000 	 -0.950000 	 2.722619e-04
 0.150000 	 -0.900000 	 4.098017e-04
 0.150000 	 -0.850000 	 6.239127e-04
 0.150000 	 -0.800000 	 9.606868e-04
 0.150000 	 -0.750000 	 1.494819e-03
 0.150000 	 -0.700000 	 2.349885e-03
 0.150000 	 -0.650000 	 3.726809e-03
 0.150000 	 -0.600000 	 5.954313e-03
 0.150000 	 -0.550000 	 9.563431e-03
 0.150000 	 -0.500000 	 1.539370e-02
 0.150000 	 -0.450000 	 2.471815e-02
 0.150000 	 -0.400000 	 3.937190e-02
 0.150000 	 -0.350000 	 6.174635e-02
 0.150000 	 -0.300000 	 9.449532e-02
 0.150000 	 -0.250000 	 1.396348e-01
 0.150000 	 -0.200000 	 1.968483e-01
 0.150000 	 -0.150000 	 2.617252e-01
 0.150000 	 -0.100000 	 3.245122e-01
 0.150000 	 -0.050000 	 3.716708e-01
 0.150000 	 0.000000 	 3.892857e-01
 0.150000 	 0.050000 	 3.716239e-01
 0.150000 	 0.100000 	 3.245342e-01
 0.150000 	 0.150000 	 2.617242e-01
 0.150000 	 0.200000 	 1.968531e-01
 0.150000 	 0.250000 	 1.396218e-01
 0.150000 	 0.300000 	 9.451088e-02
 0.150000 	 0.350000 	 6.173932e-02
 0.150000 	 0.400000 	 3.936933e-02
 0.150000 	 0.450000 	 2.472020e-02
 0.150000 	 0.500000 	 1.539426e-02
 0.150000 	 0.550000 	 9.564894e-03
 0.150000 	 0.600000 	 5.955473e-03
 0.150000 	 0.650000 	 3.727260e-03
 0.150000 	 0.700000 	 2.349918e-03
 0.150000 	 0.750000 	 1.495004e-03
 0.150000 	 0.800000 	 9.607029e-04
 0.150000 	 0.850000 	 6.240508e-04
 0.150000 	 0.900000 	 4.098986e-04
 0.150000 	 0.950000 	 2.721836e-04
 0.150000 	 1.000000 	 1.828204e-04
 0.200000 	 -1.000000 	 1.661209e-04
 0.200000 	 -0.950000 	 2.457910e-04
 0.200000 	 -0.900000 	 3.674776e-04
 0.200000 	 -0.850000 	 5.552540e-04
 0.200000 	 -0.800000 	 8.472445e-04
 0.200000 	 -0.750000 	 1.305765e-03
 0.200000 	 -0.700000 	 2.030554e-03
 0.200000 	 -0.650000 	 3.181822e-03
 0.200000 	 -0.600000 	 5.016141e-03
 0.200000 	 -0.550000 	 7.936839e-03
 0.200000 	 -0.500000 	 1.256226e-02
 0.200000 	 -0.450000 	 1.981014e-02
 0.200000 	 -0.400000 	 3.092680e-02
 0.200000 	 -0.350000 	 4.748739e-02
 0.200000 	 -0.300000 	 7.109231e-02
 0.200000 	 -0.250000 	 1.027500e-01
 0.200000 	 -0.200000 	 1.418023e-01
 0.200000 	 -0.150000 	 1.848339e-01
 0.200000 	 -0.100000 	 2.254352e-01
 0.200000 	 -0.050000 	 2.549535e-01
 0.200000 	 0.000000 	 2.657524e-01
 0.200000 	 0.050000 	 2.549281e-01
 0.200000 	 0.100000 	 2.254157e-01
 0.200000 	 0.150000 	 1.848803e-01
 0.200000 	 0.200000 	 1.418032e-01
 0.200000 	 0.250000 	 1.027651e-01
 0.200000 	 0.300000 	 7.110568e-02
 0.200000 	 0.350000 	 4.748581e-02
 0.200000 	 0.400000 	 3.092869e-02
 0.200000 	 0.450000 	 1.980796e-02
 0.200000 	 0.500000 	 1.256557e-02
 0.200000 	 0.550000 	 7.935895e-03
 0.200000 	 0.600000 	 5.015647e-03
 0.200000 	 0.650000 	 3.181718e-03
 0.200000 	 0.700000 	 2.030589e-03
 0.200000 	 0.750000 	 1.305735e-03
 0.200000 	 0.800000 	 8.472543e-04
 0.200000 	 0.850000 	 5.552013e-04
 0.200000 	 0.900000 	 3.675003e-04
 0.200000 	 0.950000 	 2.458078e-04
 0.200000 	 1.000000 	 1.660975e-04
 0.250000 	 -1.000000 	 1.482858e-04
 0.250000 	 -0.950000 	 2.177464e-04
 0.250000 	 -0.900000 	 3.228014e-04
 0.250000 	 -0.850000 	 4.831436e-04
 0.250000 	 -0.800000 	 7.298763e-04
 0.250000 	 -0.750000 	 1.111457e-03
 0.250000 	 -0.700000 	 1.706688e-03
 0.250000 	 -0.650000 	 2.636088e-03
 0.250000 	 -0.600000 	 4.090938e-03
 0.250000 	 -0.550000 	 6.361685e-03
 0.250000 	 -0.500000 	 9.876793e-03
 0.250000 	 -0.450000 	 1.524947e-02
 0.250000 	 -0.400000 	 2.328065e-02
 0.250000 	 -0.350000 	 3.492439e-02
 0.250000 	 -0.300000 	 5.105288e-02
 0.250000 	 -0.250000 	 7.206488e-02
 0.250000 	 -0.200000 	 9.725477e-02
 0.250000 	 -0.150000 	 1.243329e-01
 0.250000 	 -0.100000 	 1.492895e-01
 0.250000 	 -0.050000 	 1.670690e-01
 0.250000 	 0.000000 	 1.735534e-01
 0.250000 	 0.050000 	 1.670708e-01
 0.250000 	 0.100000 	 1.492529e-01
 0.250000 	 0.150000 	 1.243704e-01
 0.250000 	 0.200000 	 9.726050e-02
 0.250000 	 0.250000 	 7.204868e-02
 0.250000 	 0.300000 	 5.104759e-02
 0.250000 	 0.350000 	 3.493288e-02
 0.250000 	 0.400000 	 2.328485e-02
 0.250000 	 0.450000 	 1.525008e-02
 0.250000 	 0.500000 	 9.876874e-03
 0.250000 	 0.550000 	 6.361294e-03
 0.250000 	 0.600000 	 4.090777e-03
 0.250000 	 0.650000 	 2.636337e-03
 0.250000 	 0.700000 	 1.706444e-03
 0.250000 	 0.750000 	 1.111685e-03
 0.250000 	 0.800000 	 7.298445e-04
 0.250000 	 0.850000 	 4.831504e-04
 0.250000 	 0.900000 	 3.227949e-04
 0.250000 	 0.950000 	 2.177230e-04
 0.250000 	 1.000000 	 1.482794e-04
 0.300000 	 -1.000000 	 1.302144e-04
 0.300000 	 -0.950000 	 1.895552e-04
 0.300000 	 -0.900000 	 2.782468e-04
 0.300000 	 -0.850000 	 4.120091e-04
 0.300000 	 -0.800000 	 6.150593e-04
 0.300000 	 -0.750000 	 9.247666e-04
 0.300000 	 -0.700000 	 1.399035e-03
 0.300000 	 -0.650000 	 2.127300e-03
 0.300000 	 -0.600000 	 3.243766e-03
 0.300000 	 -0.550000 	 4.945907e-03
 0.300000 	 -0.500000 	 7.521593e-03
 0.300000 	 -0.450000 	 1.135393e-02
 0.300000 	 -0.400000 	 1.693077e-02
 0.300000 	 -0.350000 	 2.477477e-02
 0.300000 	 -0.300000 	 3.531100e-02
 0.300000 	 -0.250000 	 4.865640e-02
 0.300000 	 -0.200000 	 6.423127e-02
 0.300000 	 -0.150000 	 8.056519e-02
 0.300000 	 -0.100000 	 9.531754e-02
 0.300000 	 -0.050000 	 1.056931e-01
 0.300000 	 0.000000 	 1.094528e-01
 0.300000 	 0.050000 	 1.056943e-01
 0.300000 	 0.100000 	 9.530740e-02
 0.300000 	 0.150000 	 8.057809e-02
 0.300000 	 0.200000 	 6.423634e-02
 0.300000 	 0.250000 	 4.865729e-02
 0.300000 	 0.300000 	 3.531149e-02
 0.300000 	 0.350000 	 2.477348e-02
 0.300000 	 0.400000 	 1.692739e-02
 0.300000 	 0.450000 	 1.135364e-02
 0.300000 	 0.500000 	 7.522015e-03
 0.300000 	 0.550000 	 4.946350e-03
 0.300000 	 0.600000 	 3.243580e-03
 0.300000 	 0.650000 	 2.127216e-03
 0.300000 	 0.700000 	 1.399184e-03
 0.300000 	 0.750000 	 9.248049e-04
 0.300000 	 0.800000 	 6.150470e-04
 0.300000 	 0.850000 	 4.120139e-04
 0.300000 	 0.900000 	 2.782877e-04
 0.300000 	 0.950000 	 1.894595e-04
 0.300000 	 1.000000 	 1.301787e-04
 0.350000 	 -1.000000 	 1.125927e-04
 0.350000 	 -0.950000 	 1.622775e-04
 0.350000 	 -0.900000 	 2.357443e-04
 0.350000 	 -0.850000 	 3.450163e-04
 0.350000 	 -0.800000 	 5.083818e-04
 0.350000 	 -0.750000 	 7.534103e-04
 0.350000 	 -0.700000 	 1.122172e-03
 0.350000 	 -0.650000 	 1.677119e-03
 0.350000 	 -0.600000 	 2.509455e-03
 0.350000 	 -0.550000 	 3.750174e-03
 0.350000 	 -0.500000 	 5.578700e-03
 0.350000 	 -0.450000 	 8.226075e-03
 0.350000 	 -0.400000 	 1.196899e-02
 0.350000 	 -0.350000 	 1.708226e-02
 0.350000 	 -0.300000 	 2.375313e-02
 0.350000 	 -0.250000 	 3.195624e-02
 0.350000 	 -0.200000 	 4.127960e-02
 0.350000 	 -0.150000 	 5.082527e-02
 0.350000 	 -0.100000 	 5.927762e-02
 0.350000 	 -0.050000 	 6.516687e-02
 0.350000 	 0.000000 	 6.727964e-02
 0.350000 	 0.050000 	 6.517429e-02
 0.350000 	 0.100000 	 5.928598e-02
 0.350000 	 0.150000 	 5.083184e-02
 0.350000 	 0.200000 	 4.127732e-02
 0.350000 	 0.250000 	 3.195186e-02
 0.350000 	 0.300000 	 2.375129e-02
 0.350000 	 0.350000 	 1.708074e-02
 0.350000 	 0.400000 	 1.197020e-02
 0.350000 	 0.450000 	 8.225855e-03
 0.350000 	 0.500000 	 5.578222e-03
 0.350000 	 0.550000 	 3.749897e-03
 0.350000 	 0.600000 	 2.509118e-03
 0.350000 	 0.650000 	 1.677066e-03
 0.350000 	 0.700000 	 1.122222e-03
 0.350000 	 0.750000 	 7.533971e-04
 0.350000 	 0.800000 	 5.083778e-04
 0.350000 	 0.850000 	 3.450102e-04
 0.350000 	 0.900000 	 2.357739e-04
 0.350000 	 0.950000 	 1.623036e-04
 0.350000 	 1.000000 	 1.125746e-04
 0.400000 	 -1.000000 	 9.601405e-05
 0.400000 	 -0.950000 	 1.369556e-04
 0.400000 	 -0.900000 	 1.966972e-04
 0.400000 	 -0.850000 	 2.842301e-04
 0.400000 	 -0.800000 	 4.130068e-04
 0.400000 	 -0.750000 	 6.030104e-04
 0.400000 	 -0.700000 	 8.832907e-04
 0.400000 	 -0.650000 	 1.296530e-03
 0.400000 	 -0.600000 	 1.902534e-03
 0.400000 	 -0.550000 	 2.784246e-03
 0.400000 	 -0.500000 	 4.050326e-03
 0.400000 	 -0.450000 	 5.833316e-03
 0.400000 	 -0.400000 	 8.281412e-03
 0.400000 	 -0.350000 	 1.153057e-02
 0.400000 	 -0.300000 	 1.564684e-02
 0.400000 	 -0.250000 	 2.056795e-02
 0.400000 	 -0.200000 	 2.602528e-02
 0.400000 	 -0.150000 	 3.148039e-02
 0.400000 	 -0.100000 	 3.623596e-02
 0.400000 	 -0.050000 	 3.949781e-02
 0.400000 	 0.000000 	 4.066266e-02
 0.400000 	 0.050000 	 3.950222e-02
 0.400000 	 0.100000 	 3.623239e-02
 0.400000 	 0.150000 	 3.148580e-02
 0.400000 	 0.200000 	 2.601820e-02
 0.400000 	 0.250000 	 2.057024e-02
 0.400000 	 0.300000 	 1.564721e-02
 0.400000 	 0.350000 	 1.153075e-02
 0.400000 	 0.400000 	 8.282382e-03
 0.400000 	 0.450000 	 5.832972e-03
 0.400000 	 0.500000 	 4.049871e-03
 0.400000 	 0.550000 	 2.784510e-03
 0.400000 	 0.600000 	 1.902310e-03
 0.400000 	 0.650000 	 1.296585e-03
 0.400000 	 0.700000 	 8.831749e-04
 0.400000 	 0.750000 	 6.029042e-04
 0.400000 	 0.800000 	 4.129656e-04
 0.400000 	 0.850000 	 2.842547e-04
 0.400000 	 0.900000 	 1.966815e-04
 0.400000 	 0.950000 	 1.369482e-04
 0.400000 	 1.000000 	 9.601782e-05
 0.450000 	 -1.000000 	 8.085715e-05
 0.450000 	 -0.950000 	 1.140695e-04
 0.450000 	 -0.900000 	 1.618480e-04
 0.450000 	 -0.850000 	 2.307880e-04
 0.450000 	 -0.800000 	 3.305130e-04
 0.450000 	 -0.750000 	 4.750944e-04
 0.450000 	 -0.700000 	 6.843080e-04
 0.450000 	 -0.650000 	 9.860080e-04
 0.450000 	 -0.600000 	 1.418472e-03
 0.450000 	 -0.550000 	 2.032667e-03
 0.450000 	 -0.500000 	 2.891751e-03
 0.450000 	 -0.450000 	 4.069646e-03
 0.450000 	 -0.400000 	 5.641764e-03
 0.450000 	 -0.350000 	 7.669717e-03
 0.450000 	 -0.300000 	 1.016752e-02
 0.450000 	 -0.250000 	 1.307360e-02
 0.450000 	 -0.200000 	 1.621620e-02
 0.450000 	 -0.150000 	 1.929713e-02
 0.450000 	 -0.100000 	 2.193512e-02
 0.450000 	 -0.050000 	 2.372307e-02
 0.450000 	 0.000000 	 2.435637e-02
 0.450000 	 0.050000 	 2.372343e-02
 0.450000 	 0.100000 	 2.193336e-02
 0.450000 	 0.150000 	 1.929882e-02
 0.450000 	 0.200000 	 1.621843e-02
 0.450000 	 0.250000 	 1.307429e-02
 0.450000 	 0.300000 	 1.016651e-02
 0.450000 	 0.350000 	 7.668273e-03
 0.450000 	 0.400000 	 5.641074e-03
 0.450000 	 0.450000 	 4.069202e-03
 0.450000 	 0.500000 	 2.891216e-03
 0.450000 	 0.550000 	 2.032275e-03
 0.450000 	 0.600000 	 1.418632e-03
 0.450000 	 0.650000 	 9.860570e-04
 0.450000 	 0.700000 	 6.841816e-04
 0.450000 	 0.750000 	 4.750965e-04
 0.450000 	 0.800000 	 3.305432e-04
 0.450000 	 0.850000 	 2.307611e-04
 0.450000 	 0.900000 	 1.618213e-04
 0.450000 	 0.950000 	 1.140632e-04
 0.450000 	 1.000000 	 8.084184e-05
 0.500000 	 -1.000000 	 6.733522e-05
 0.500000 	 -0.950000 	 9.389164e-05
 0.500000 	 -0.900000 	 1.315402e-04
 0.500000 	 -0.850000 	 1.850522e-04
 0.500000 	 -0.800000 	 2.612112e-04
 0.500000 	 -0.750000 	 3.695145e-04
 0.500000 	 -0.700000 	 5.230813e-04
 0.500000 	 -0.650000 	 7.399612e-04
 0.500000 	 -0.600000 	 1.043861e-03
 0.500000 	 -0.550000 	 1.464886e-03
 0.500000 	 -0.500000 	 2.039057e-03
 0.500000 	 -0.450000 	 2.805339e-03
 0.500000 	 -0.400000 	 3.801342e-03
 0.500000 	 -0.350000 	 5.051426e-03
 0.500000 	 -0.300000 	 6.549709e-03
 0.500000 	 -0.250000 	 8.251652e-03
 0.500000 	 -0.200000 	 1.004886e-02
 0.500000 	 -0.150000 	 1.177655e-02
 0.500000 	 -0.100000 	 1.323354e-02
 0.500000 	 -0.050000 	 1.420751e-02
 0.500000 	 0.000000 	 1.455252e-02
 0.500000 	 0.050000 	 1.421079e-02
 0.500000 	 0.100000 	 1.323258e-02
 0.500000 	 0.150000 	 1.177826e-02
 0.500000 	 0.200000 	 1.005005e-02
 0.500000 	 0.250000 	 8.250810e-03
 0.500000 	 0.300000 	 6.550063e-03
 0.500000 	 0.350000 	 5.051688e-03
 0.500000 	 0.400000 	 3.801192e-03
 0.500000 	 0.450000 	 2.805322e-03
 0.500000 	 0.500000 	 2.038920e-03
 0.500000 	 0.550000 	 1.464683e-03
 0.500000 	 0.600000 	 1.043910e-03
 0.500000 	 0.650000 	 7.399302e-04
 0.500000 	 0.700000 	 5.231683e-04
 0.500000 	 0.750000 	 3.694894e-04
 0.500000 	 0.800000 	 2.612130e-04
 0.500000 	 0.850000 	 1.850583e-04
 0.500000 	 0.900000 	 1.315652e-04
 0.500000 	 0.950000 	 9.390061e-05
 0.500000 	 1.000000 	 6.733673e-05
 0.550000 	 -1.000000 	 5.552337e-05
 0.550000 	 -0.950000 	 7.651806e-05
 0.550000 	 -0.900000 	 1.058351e-04
 0.550000 	 -0.850000 	 1.468587e-04
 0.550000 	 -0.800000 	 2.041915e-04
 0.550000 	 -0.750000 	 2.842619e-04
 0.550000 	 -0.700000 	 3.956038e-04
 0.550000 	 -0.650000 	 5.493951e-04
 0.550000 	 -0.600000 	 7.603886e-04
 0.550000 	 -0.550000 	 1.045836e-03
 0.550000 	 -0.500000 	 1.425067e-03
 0.550000 	 -0.450000 	 1.918908e-03
 0.550000 	 -0.400000 	 2.544307e-03
 0.550000 	 -0.350000 	 3.309242e-03
 0.550000 	 -0.300000 	 4.204026e-03
 0.550000 	 -0.250000 	 5.195617e-03
 0.550000 	 -0.200000 	 6.221627e-03
 0.550000 	 -0.150000 	 7.190472e-03
 0.550000 	 -0.100000 	 7.993378e-03
 0.550000 	 -0.050000 	 8.527921e-03
 0.550000 	 0.000000 	 8.713346e-03
 0.550000 	 0.050000 	 8.527162e-03
 0.550000 	 0.100000 	 7.992720e-03
 0.550000 	 0.150000 	 7.189413e-03
 0.550000 	 0.200000 	 6.219529e-03
 0.550000 	 0.250000 	 5.195235e-03
 0.550000 	 0.300000 	 4.203604e-03
 0.550000 	 0.350000 	 3.309215e-03
 0.550000 	 0.400000 	 2.544343e-03
 0.550000 	 0.450000 	 1.918968e-03
 0.550000 	 0.500000 	 1.424962e-03
 0.550000 	 0.550000 	 1.045491e-03
 0.550000 	 0.600000 	 7.603815e-04
 0.550000 	 0.650000 	 5.494747e-04
 0.550000 	 0.700000 	 3.955599e-04
 0.550000 	 0.750000 	 2.842321e-04
 0.550000 	 0.800000 	 2.041909e-04
 0.550000 	 0.850000 	 1.468550e-04
 0.550000 	 0.900000 	 1.058376e-04
 0.550000 	 0.950000 	 7.650753e-05
 0.550000 	 1.000000 	 5.552056e-05
 0.600000 	 -1.000000 	 4.538928e-05
 0.600000 	 -0.950000 	 6.179777e-05
 0.600000 	 -0.900000 	 8.440681e-05
 0.600000 	 -0.850000 	 1.155010e-04
 0.600000 	 -0.800000 	 1.581927e-04
 0.600000 	 -0.750000 	 2.168014e-04
 0.600000 	 -0.700000 	 2.966499e-04
 0.600000 	 -0.650000 	 4.047658e-04
 0.600000 	 -0.600000 	 5.497553e-04
 0.600000 	 -0.550000 	 7.412876e-04
 0.600000 	 -0.500000 	 9.902456e-04
 0.600000 	 -0.450000 	 1.306404e-03
 0.600000 	 -0.400000 	 1.697558e-03
 0.600000 	 -0.350000 	 2.164136e-03
 0.600000 	 -0.300000 	 2.697366e-03
 0.600000 	 -0.250000 	 3.276049e-03
 0.600000 	 -0.200000 	 3.861779e-03
 0.600000 	 -0.150000 	 4.407020e-03
 0.600000 	 -0.100000 	 4.853527e-03
 0.600000 	 -0.050000 	 5.146484e-03
 0.600000 	 0.000000 	 5.249287e-03
 0.600000 	 0.050000 	 5.146565e-03
 0.600000 	 0.100000 	 4.852946e-03
 0.600000 	 0.150000 	 4.406707e-03
 0.600000 	 0.200000 	 3.863045e-03
 0.600000 	 0.250000 	 3.275696e-03
 0.600000 	 0.300000 	 2.697537e-03
 0.600000 	 0.350000 	 2.164118e-03
 0.600000 	 0.400000 	 1.697490e-03
 0.600000 	 0.450000 	 1.306542e-03
 0.600000 	 0.500000 	 9.902892e-04
 0.600000 	 0.550000 	 7.413083e-04
 0.600000 	 0.600000 	 5.497425e-04
 0.600000 	 0.650000 	 4.047451e-04
 0.600000 	 0.700000 	 2.966440e-04
 0.600000 	 0.750000 	 2.168159e-04
 0.600000 	 0.800000 	 1.582219e-04
 0.600000 	 0.850000 	 1.154739e-04
 0.600000 	 0.900000 	 8.439698e-05
 0.600000 	 0.950000 	 6.181710e-05
 0.600000 	 1.000000 	 4.538219e-05
 0.650000 	 -1.000000 	 3.683127e-05
 0.650000 	 -0.950000 	 4.955384e-05
 0.650000 	 -0.900000 	 6.679318e-05
 0.650000 	 -0.850000 	 9.015911e-05
 0.650000 	 -0.800000 	 1.217136e-04
 0.650000 	 -0.750000 	 1.642489e-04
 0.650000 	 -0.700000 	 2.210885e-04
 0.650000 	 -0.650000 	 2.965080e-04
 0.650000 	 -0.600000 	 3.954813e-04
 0.650000 	 -0.550000 	 5.235825e-04
 0.650000 	 -0.500000 	 6.862120e-04
 0.650000 	 -0.450000 	 8.883429e-04
 0.650000 	 -0.400000 	 1.132132e-03
 0.650000 	 -0.350000 	 1.417111e-03
 0.650000 	 -0.300000 	 1.735440e-03
 0.650000 	 -0.250000 	 2.073849e-03
 0.650000 	 -0.200000 	 2.411612e-03
 0.650000 	 -0.150000 	 2.720312e-03
 0.650000 	 -0.100000 	 2.969783e-03
 0.650000 	 -0.050000 	 3.133577e-03
 0.650000 	 0.000000 	 3.189418e-03
 0.650000 	 0.050000 	 3.133224e-03
 0.650000 	 0.100000 	 2.969809e-03
 0.650000 	 0.150000 	 2.720217e-03
 0.650000 	 0.200000 	 2.411232e-03
 0.650000 	 0.250000 	 2.074334e-03
 0.650000 	 0.300000 	 1.735144e-03
 0.650000 	 0.350000 	 1.416931e-03
 0.650000 	 0.400000 	 1.132124e-03
 0.650000 	 0.450000 	 8.880382e-04
 0.650000 	 0.500000 	 6.861496e-04
 0.650000 	 0.550000 	 5.234759e-04
 0.650000 	 0.600000 	 3.954311e-04
 0.650000 	 0.650000 	 2.965101e-04
 0.650000 	 0.700000 	 2.211070e-04
 0.650000 	 0.750000 	 1.642250e-04
 0.650000 	 0.800000 	 1.217513e-04
 0.650000 	 0.850000 	 9.015726e-05
 0.650000 	 0.900000 	 6.680583e-05
 0.650000 	 0.950000 	 4.955100e-05
 0.650000 	 1.000000 	 3.683283e-05
 0.700000 	 -1.000000 	 2.969968e-05
 0.700000 	 -0.950000 	 3.948329e-05
 0.700000 	 -0.900000 	 5.255825e-05
 0.700000 	 -0.850000 	 6.998068e-05
 0.700000 	 -0.800000 	 9.315119e-05
 0.700000 	 -0.750000 	 1.237705e-04
 0.700000 	 -0.700000 	 1.639947e-04
 0.700000 	 -0.650000 	 2.163578e-04
 0.700000 	 -0.600000 	 2.836751e-04
 0.700000 	 -0.550000 	 3.690166e-04
 0.700000 	 -0.500000 	 4.750861e-04
 0.700000 	 -0.450000 	 6.039760e-04
 0.700000 	 -0.400000 	 7.562641e-04
 0.700000 	 -0.350000 	 9.307305e-04
 0.700000 	 -0.300000 	 1.122113e-03
 0.700000 	 -0.250000 	 1.321636e-03
 0.700000 	 -0.200000 	 1.517426e-03
 0.700000 	 -0.150000 	 1.693778e-03
 0.700000 	 -0.100000 	 1.835374e-03
 0.700000 	 -0.050000 	 1.926957e-03
 0.700000 	 0.000000 	 1.958618e-03
 0.700000 	 0.050000 	 1.926954e-03
 0.700000 	 0.100000 	 1.835314e-03
 0.700000 	 0.150000 	 1.693824e-03
 0.700000 	 0.200000 	 1.517210e-03
 0.700000 	 0.250000 	 1.321725e-03
 0.700000 	 0.300000 	 1.121927e-03
 0.700000 	 0.350000 	 9.307210e-04
 0.700000 	 0.400000 	 7.564198e-04
 0.700000 	 0.450000 	 6.039914e-04
 0.700000 	 0.500000 	 4.750187e-04
 0.700000 	 0.550000 	 3.689775e-04
 0.700000 	 0.600000 	 2.836925e-04
 0.700000 	 0.650000 	 2.163551e-04
 0.700000 	 0.700000 	 1.639896e-04
 0.700000 	 0.750000 	 1.237735e-04
 0.700000 	 0.800000 	 9.315615e-05
 0.700000 	 0.850000 	 6.997759e-05
 0.700000 	 0.900000 	 5.255314e-05
 0.700000 	 0.950000 	 3.948119e-05
 0.700000 	 1.000000 	 2.969374e-05
 0.750000 	 -1.000000 	 2.382179e-05
 0.750000 	 -0.950000 	 3.129514e-05
 0.750000 	 -0.900000 	 4.114561e-05
 0.750000 	 -0.850000 	 5.407666e-05
 0.750000 	 -0.800000 	 7.099243e-05
 0.750000 	 -0.750000 	 9.296353e-05
 0.750000 	 -0.700000 	 1.213146e-04
 0.750000 	 -0.650000 	 1.575519e-04
 0.750000 	 -0.600000 	 2.032467e-04
 0.750000 	 -0.550000 	 2.599891e-04
 0.750000 	 -0.500000 	 3.292081e-04
 0.750000 	 -0.450000 	 4.117101e-04
 0.750000 	 -0.400000 	 5.072782e-04
 0.750000 	 -0.350000 	 6.143916e-04
 0.750000 	 -0.300000 	 7.300135e-04
 0.750000 	 -0.250000 	 8.488078e-04
 0.750000 	 -0.200000 	 9.635472e-04
 0.750000 	 -0.150000 	 1.065498e-03
 0.750000 	 -0.100000 	 1.146407e-03
 0.750000 	 -0.050000 	 1.198609e-03
 0.750000 	 0.000000 	 1.216816e-03
 0.750000 	 0.050000 	 1.198624e-03
 0.750000 	 0.100000 	 1.146447e-03
 0.750000 	 0.150000 	 1.065538e-03
 0.750000 	 0.200000 	 9.632669e-04
 0.750000 	 0.250000 	 8.486251e-04
 0.750000 	 0.300000 	 7.299633e-04
 0.750000 	 0.350000 	 6.145235e-04
 0.750000 	 0.400000 	 5.073236e-04
 0.750000 	 0.450000 	 4.116977e-04
 0.750000 	 0.500000 	 3.292247e-04
 0.750000 	 0.550000 	 2.599976e-04
 0.750000 	 0.600000 	 2.032300e-04
 0.750000 	 0.650000 	 1.575448e-04
 0.750000 	 0.700000 	 1.213364e-04
 0.750000 	 0.750000 	 9.296968e-05
 0.750000 	 0.800000 	 7.098544e-05
 0.750000 	 0.850000 	 5.407550e-05
 0.750000 	 0.900000 	 4.114516e-05
 0.750000 	 0.950000 	 3.130301e-05
 0.750000 	 1.000000 	 2.381780e-05
 0.800000 	 -1.000000 	 1.903227e-05
 0.800000 	 -0.950000 	 2.471708e-05
 0.800000 	 -0.900000 	 3.210022e-05
 0.800000 	 -0.850000 	 4.165428e-05
 0.800000 	 -0.800000 	 5.395415e-05
 0.800000 	 -0.750000 	 6.966990e-05
 0.800000 	 -0.700000 	 8.960316e-05
 0.800000 	 -0.650000 	 1.146314e-04
 0.800000 	 -0.600000 	 1.456581e-04
 0.800000 	 -0.550000 	 1.834521e-04
 0.800000 	 -0.500000 	 2.286653e-04
 0.800000 	 -0.450000 	 2.816383e-04
 0.800000 	 -0.400000 	 3.419386e-04
 0.800000 	 -0.350000 	 4.083026e-04
 0.800000 	 -0.300000 	 4.787320e-04
 0.800000 	 -0.250000 	 5.499715e-04
 0.800000 	 -0.200000 	 6.178758e-04
 0.800000 	 -0.150000 	 6.777987e-04
 0.800000 	 -0.100000 	 7.246686e-04
 0.800000 	 -0.050000 	 7.547768e-04
 0.800000 	 0.000000 	 7.651376e-04
 0.800000 	 0.050000 	 7.548512e-04
 0.800000 	 0.100000 	 7.246882e-04
 0.800000 	 0.150000 	 6.777924e-04
 0.800000 	 0.200000 	 6.179243e-04
 0.800000 	 0.250000 	 5.500329e-04
 0.800000 	 0.300000 	 4.787730e-04
 0.800000 	 0.350000 	 4.082487e-04
 0.800000 	 0.400000 	 3.418329e-04
 0.800000 	 0.450000 	 2.816291e-04
 0.800000 	 0.500000 	 2.287111e-04
 0.800000 	 0.550000 	 1.834738e-04
 0.800000 	 0.600000 	 1.456492e-04
 0.800000 	 0.650000 	 1.146360e-04
 0.800000 	 0.700000 	 8.960210e-05
 0.800000 	 0.750000 	 6.965998e-05
 0.800000 	 0.800000 	 5.394876e-05
 0.800000 	 0.850000 	 4.165366e-05
 0.800000 	 0.900000 	 3.209790e-05
 0.800000 	 0.950000 	 2.471919e-05
 0.800000 	 1.000000 	 1.902945e-05
 0.850000 	 -1.000000 	 1.514944e-05
 0.850000 	 -0.950000 	 1.945608e-05
 0.850000 	 -0.900000 	 2.497172e-05
 0.850000 	 -0.850000 	 3.200793e-05
 0.850000 	 -0.800000 	 4.092350e-05
 0.850000 	 -0.750000 	 5.215974e-05
 0.850000 	 -0.700000 	 6.615700e-05
 0.850000 	 -0.650000 	 8.347001e-05
 0.850000 	 -0.600000 	 1.045143e-04
 0.850000 	 -0.550000 	 1.297367e-04
 0.850000 	 -0.500000 	 1.594668e-04
 0.850000 	 -0.450000 	 1.936068e-04
 0.850000 	 -0.400000 	 2.318125e-04
 0.850000 	 -0.350000 	 2.732573e-04
 0.850000 	 -0.300000 	 3.166486e-04
 0.850000 	 -0.250000 	 3.598432e-04
 0.850000 	 -0.200000 	 4.005237e-04
 0.850000 	 -0.150000 	 4.360111e-04
 0.850000 	 -0.100000 	 4.637000e-04
 0.850000 	 -0.050000 	 4.813695e-04
 0.850000 	 0.000000 	 4.874232e-04
 0.850000 	 0.050000 	 4.814328e-04
 0.850000 	 0.100000 	 4.637311e-04
 0.850000 	 0.150000 	 4.360405e-04
 0.850000 	 0.200000 	 4.004826e-04
 0.850000 	 0.250000 	 3.598553e-04
 0.850000 	 0.300000 	 3.166349e-04
 0.850000 	 0.350000 	 2.732670e-04
 0.850000 	 0.400000 	 2.318383e-04
 0.850000 	 0.450000 	 1.935768e-04
 0.850000 	 0.500000 	 1.594215e-04
 0.850000 	 0.550000 	 1.297650e-04
 0.850000 	 0.600000 	 1.045199e-04
 0.850000 	 0.650000 	 8.345010e-05
 0.850000 	 0.700000 	 6.617979e-05
 0.850000 	 0.750000 	 5.216302e-05
 0.850000 	 0.800000 	 4.092712e-05
 0.850000 	 0.850000 	 3.200352e-05
 0.850000 	 0.900000 	 2.497133e-05
 0.850000 	 0.950000 	 1.945946e-05
 0.850000 	 1.000000 	 1.514798e-05
 0.900000 	 -1.000000 	 1.202992e-05
 0.900000 	 -0.950000 	 1.528488e-05
 0.900000 	 -0.900000 	 1.939633e-05
 0.900000 	 -0.850000 	 2.456690e-05
 0.900000 	 -0.800000 	 3.102823e-05
 0.900000 	 -0.750000 	 3.903715e-05
 0.900000 	 -0.700000 	 4.888204e-05
 0.900000 	 -0.650000 	 6.084540e-05
 0.900000 	 -0.600000 	 7.519106e-05
 0.900000 	 -0.550000 	 9.209428e-05
 0.900000 	 -0.500000 	 1.116910e-04
 0.900000 	 -0.450000 	 1.338122e-04
 0.900000 	 -0.400000 	 1.582561e-04
 0.900000 	 -0.350000 	 1.843346e-04
 0.900000 	 -0.300000 	 2.112158e-04
 0.900000 	 -0.250000 	 2.378085e-04
 0.900000 	 -0.200000 	 2.624955e-04
 0.900000 	 -0.150000 	 2.838627e-04
 0.900000 	 -0.100000 	 3.004656e-04
 0.900000 	 -0.050000 	 3.109484e-04
 0.900000 	 0.000000 	 3.144925e-04
 0.900000 	 0.050000 	 3.109313e-04
 0.900000 	 0.100000 	 3.003933e-04
 0.900000 	 0.150000 	 2.838737e-04
 0.900000 	 0.200000 	 2.625158e-04
 0.900000 	 0.250000 	 2.377609e-04
 0.900000 	 0.300000 	 2.112615e-04
 0.900000 	 0.350000 	 1.843671e-04
 0.900000 	 0.400000 	 1.582293e-04
 0.900000 	 0.450000 	 1.338292e-04
 0.900000 	 0.500000 	 1.116641e-04
 0.900000 	 0.550000 	 9.208983e-05
 0.900000 	 0.600000 	 7.518391e-05
 0.900000 	 0.650000 	 6.085120e-05
 0.900000 	 0.700000 	 4.888750e-05
 0.900000 	 0.750000 	 3.904463e-05
 0.900000 	 0.800000 	 3.102658e-05
 0.900000 	 0.850000 	 2.456594e-05
 0.900000 	 0.900000 	 1.939985e-05
 0.900000 	 0.950000 	 1.528560e-05
 0.900000 	 1.000000 	 1.202883e-05
 0.950000 	 -1.000000 	 9.535775e-06
 0.950000 	 -0.950000 	 1.198819e-05
 0.950000 	 -0.900000 	 1.504953e-05
 0.950000 	 -0.850000 	 1.884915e-05
 0.950000 	 -0.800000 	 2.352306e-05
 0.950000 	 -0.750000 	 2.925141e-05
 0.950000 	 -0.700000 	 3.617414e-05
 0.950000 	 -0.650000 	 4.446965e-05
 0.950000 	 -0.600000 	 5.426815e-05
 0.950000 	 -0.550000 	 6.564179e-05
 0.950000 	 -0.500000 	 7.861325e-05
 0.950000 	 -0.450000 	 9.309137e-05
 0.950000 	 -0.400000 	 1.088051e-04
 0.950000 	 -0.350000 	 1.254236e-04
 0.950000 	 -0.300000 	 1.422999e-04
 0.950000 	 -0.250000 	 1.587517e-04
 0.950000 	 -0.200000 	 1.740011e-04
 0.950000 	 -0.150000 	 1.870181e-04
 0.950000 	 -0.100000 	 1.970371e-04
 0.950000 	 -0.050000 	 2.033587e-04
 0.950000 	 0.000000 	 2.055207e-04
 0.950000 	 0.050000 	 2.033323e-04
 0.950000 	 0.100000 	 1.969985e-04
 0.950000 	 0.150000 	 1.870078e-04
 0.950000 	 0.200000 	 1.739481e-04
 0.950000 	 0.250000 	 1.587777e-04
 0.950000 	 0.300000 	 1.423143e-04
 0.950000 	 0.350000 	 1.254284e-04
 0.950000 	 0.400000 	 1.088303e-04
 0.950000 	 0.450000 	 9.308163e-05
 0.950000 	 0.500000 	 7.859918e-05
 0.950000 	 0.550000 	 6.564965e-05
 0.950000 	 0.600000 	 5.425744e-05
 0.950000 	 0.650000 	 4.446908e-05
 0.950000 	 0.700000 	 3.617733e-05
 0.950000 	 0.750000 	 2.924425e-05
 0.950000 	 0.800000 	 2.352299e-05
 0.950000 	 0.850000 	 1.884531e-05
 0.950000 	 0.900000 	 1.504959e-05
 0.950000 	 0.950000 	 1.198671e-05
 0.950000 	 1.000000 	 9.535128e-06
 1.000000 	 -1.000000 	 7.550425e-06
 1.000000 	 -0.950000 	 9.396225e-06
 1.000000 	 -0.900000 	 1.167365e-05
 1.000000 	 -0.850000 	 1.446178e-05
 1.000000 	 -0.800000 	 1.785112e-05
 1.000000 	 -0.750000 	 2.194194e-05
 1.000000 	 -0.700000 	 2.682725e-05
 1.000000 	 -0.650000 	 3.259270e-05
 1.000000 	 -0.600000 	 3.931614e-05
 1.000000 	 -0.550000 	 4.700190e-05
 1.000000 	 -0.500000 	 5.565142e-05
 1.000000 	 -0.450000 	 6.517550e-05
 1.000000 	 -0.400000 	 7.540281e-05
 1.000000 	 -0.350000 	 8.605822e-05
 1.000000 	 -0.300000 	 9.677922e-05
 1.000000 	 -0.250000 	 1.071265e-04
 1.000000 	 -0.200000 	 1.165826e-04
 1.000000 	 -0.150000 	 1.246492e-04
 1.000000 	 -0.100000 	 1.308209e-04
 1.000000 	 -0.050000 	 1.346985e-04
 1.000000 	 0.000000 	 1.360136e-04
 1.000000 	 0.050000 	 1.346766e-04
 1.000000 	 0.100000 	 1.307932e-04
 1.000000 	 0.150000 	 1.246419e-04
 1.000000 	 0.200000 	 1.165691e-04
 1.000000 	 0.250000 	 1.071117e-04
 1.000000 	 0.300000 	 9.677908e-05
 1.000000 	 0.350000 	 8.606304e-05
 1.000000 	 0.400000 	 7.540282e-05
 1.000000 	 0.450000 	 6.517464e-05
 1.000000 	 0.500000 	 5.565901e-05
 1.000000 	 0.550000 	 4.700115e-05
 1.000000 	 0.600000 	 3.931441e-05
 1.000000 	 0.650000 	 3.259599e-05
 1.000000 	 0.700000 	 2.682758e-05
 1.000000 	 0.750000 	 2.194152e-05
 1.000000 	 0.800000 	 1.785557e-05
 1.000000 	 0.850000 	 1.446021e-05
 1.000000 	 0.900000 	 1.167226e-05
 1.000000 	 0.950000 	 9.396566e-06
 1.000000 	 1.000000 	 7.549370e-06
