 -1.000000 	 -1.000000 	 1.032008e-07
 -1.000000 	 -0.950000 	 1.336380e-07
 -1.000000 	 -0.900000 	 1.725541e-07
 -1.000000 	 -0.850000 	 2.221068e-07
 -1.000000 	 -0.800000 	 2.844540e-07
 -1.000000 	 -0.750000 	 3.623425e-07
 -1.000000 	 -0.700000 	 4.586763e-07
 -1.000000 	 -0.650000 	 5.757416e-07
 -1.000000 	 -0.600000 	 7.163586e-07
 -1.000000 	 -0.550000 	 8.820860e-07
 -1.000000 	 -0.500000 	 1.073520e-06
 -1.000000 	 -0.450000 	 1.289407e-06
 -1.000000 	 -0.400000 	 1.526730e-06
 -1.000000 	 -0.350000 	 1.778535e-06
 -1.000000 	 -0.300000 	 2.037030e-06
 -1.000000 	 -0.250000 	 2.290185e-06
 -1.000000 	 -0.200000 	 2.524506e-06
 -1.000000 	 -0.150000 	 2.726945e-06
 -1.000000 	 -0.100000 	 2.882412e-06
 -1.000000 	 -0.050000 	 2.980637e-06
 -1.000000 	 0.000000 	 3.014048e-06
 -1.000000 	 0.050000 	 2.980325e-06
 -1.000000 	 0.100000 	 2.881847e-06
 -1.000000 	 0.150000 	 2.726456e-06
 -1.000000 	 0.200000 	 2.524791e-06
 -1.000000 	 0.250000 	 2.290411e-06
 -1.000000 	 0.300000 	 2.037050e-06
 -1.000000 	 0.350000 	 1.778754e-06
 -1.000000 	 0.400000 	 1.526913e-06
 -1.000000 	 0.450000 	 1.289612e-06
 -1.000000 	 0.500000 	 1.073622e-06
 -1.000000 	 0.550000 	 8.821360e-07
 -1.000000 	 0.600000 	 7.164221e-07
 -1.000000 	 0.650000 	 5.757248e-07
 -1.000000 	 0.700000 	 4.585800e-07
 -1.000000 	 0.750000 	 3.623964e-07
 -1.000000 	 0.800000 	 2.844839e-07
 -1.000000 	 0.850000 	 2.220231e-07
 -1.000000 	 0.900000 	 1.725916e-07
 -1.000000 	 0.950000 	 1.336581e-07
 -1.000000 	 1.000000 	 1.032058e-07
 -0.950000 	 -1.000000 	 1.366600e-07
 -0.950000 	 -0.950000 	 1.793040e-07
 -0.950000 	 -0.900000 	 2.346653e-07
 -0.950000 	 -0.850000 	 3.061454e-07
 -0.950000 	 -0.800000 	 3.977029e-07
 -0.950000 	 -0.750000 	 5.139304e-07
 -0.950000 	 -0.700000 	 6.600503e-07
 -0.950000 	 -0.650000 	 8.409422e-07
 -0.950000 	 -0.600000 	 1.061667e-06
 -0.950000 	 -0.550000 	 1.326487e-06
 -0.950000 	 -0.500000 	 1.637370e-06
 -0.950000 	 -0.450000 	 1.993429e-06
 -0.950000 	 -0.400000 	 2.390462e-06
 -0.950000 	 -0.350000 	 2.819440e-06
 -0.950000 	 -0.300000 	 3.264085e-06
 -0.950000 	 -0.250000 	 3.705784e-06
 -0.950000 	 -0.200000 	 4.119143e-06
 -0.950000 	 -0.150000 	 4.477068e-06
 -0.950000 	 -0.100000 	 4.756172e-06
 -0.950000 	 -0.050000 	 4.932430e-06
 -0.950000 	 0.000000 	 4.992387e-06
 -0.950000 	 0.050000 	 4.932142e-06
 -0.950000 	 0.100000 	 4.755175e-06
 -0.950000 	 0.150000 	 4.476860e-06
 -0.950000 	 0.200000 	 4.118555e-06
 -0.950000 	 0.250000 	 3.704607e-06
 -0.950000 	 0.300000 	 3.264443e-06
 -0.950000 	 0.350000 	 2.818855e-06
 -0.950000 	 0.400000 	 2.390397e-06
 -0.950000 	 0.450000 	 1.993564e-06
 -0.950000 	 0.500000 	 1.637241e-06
 -0.950000 	 0.550000 	 1.326306e-06
 -0.950000 	 0.600000 	 1.061702e-06
 -0.950000 	 0.650000 	 8.408235e-07
 -0.950000 	 0.700000 	 6.600556e-07
 -0.950000 	 0.750000 	 5.139985e-07
 -0.950000 	 0.800000 	 3.976706e-07
 -0.950000 	 0.850000 	 3.060925e-07
 -0.950000 	 0.900000 	 2.346294e-07
 -0.950000 	 0.950000 	 1.793042e-07
 -0.950000 	 1.000000 	 1.366637e-07
 -0.900000 	 -1.000000 	 1.803745e-07
 -0.900000 	 -0.950000 	 2.398157e-07
 -0.900000 	 -0.900000 	 3.183172e-07
 -0.900000 	 -0.850000 	 4.213420e-07
 -0.900000 	 -0.800000 	 5.555907e-07
 -0.900000 	 -0.750000 	 7.292566e-07
 -0.900000 	 -0.700000 	 9.510203e-07
 -0.900000 	 -0.650000 	 1.230758e-06
 -0.900000 	 -0.600000 	 1.579000e-06
 -0.900000 	 -0.550000 	 2.004078e-06
 -0.900000 	 -0.500000 	 2.512065e-06
 -0.900000 	 -0.450000 	 3.104495e-06
 -0.900000 	 -0.400000 	 3.775762e-06
 -0.900000 	 -0.350000 	 4.513145e-06
 -0.900000 	 -0.300000 	 5.288488e-06
 -0.900000 	 -0.250000 	 6.068288e-06
 -0.900000 	 -0.200000 	 6.807671e-06
 -0.900000 	 -0.150000 	 7.453179e-06
 -0.900000 	 -0.100000 	 7.959731e-06
 -0.900000 	 -0.050000 	 8.280019e-06
 -0.900000 	 0.000000 	 8.391567e-06
 -0.900000 	 0.050000 	 8.279908e-06
 -0.900000 	 0.100000 	 7.959401e-06
 -0.900000 	 0.150000 	 7.453439e-06
 -0.900000 	 0.200000 	 6.805829e-06
 -0.900000 	 0.250000 	 6.068021e-06
 -0.900000 	 0.300000 	 5.289316e-06
 -0.900000 	 0.350000 	 4.512258e-06
 -0.900000 	 0.400000 	 3.776535e-06
 -0.900000 	 0.450000 	 3.104564e-06
 -0.900000 	 0.500000 	 2.512022e-06
 -0.900000 	 0.550000 	 2.004110e-06
 -0.900000 	 0.600000 	 1.579129e-06
 -0.900000 	 0.650000 	 1.230984e-06
 -0.900000 	 0.700000 	 9.509835e-07
 -0.900000 	 0.750000 	 7.291038e-07
 -0.900000 	 0.800000 	 5.557308e-07
 -0.900000 	 0.850000 	 4.213279e-07
 -0.900000 	 0.900000 	 3.183525e-07
 -0.900000 	 0.950000 	 2.398404e-07
 -0.900000 	 1.000000 	 1.804243e-07
 -0.850000 	 -1.000000 	 2.371209e-07
 -0.850000 	 -0.950000 	 3.196999e-07
 -0.850000 	 -0.900000 	 4.305190e-07
 -0.850000 	 -0.850000 	 5.785799e-07
 -0.850000 	 -0.800000 	 7.752680e-07
 -0.850000 	 -0.750000 	 1.033852e-06
 -0.850000 	 -0.700000 	 1.371058e-06
 -0.850000 	 -0.650000 	 1.804790e-06
 -0.850000 	 -0.600000 	 2.354846e-06
 -0.850000 	 -0.550000 	 3.039178e-06
 -0.850000 	 -0.500000 	 3.874593e-06
 -0.850000 	 -0.450000 	 4.867292e-06
 -0.850000 	 -0.400000 	 6.014339e-06
 -0.850000 	 -0.350000 	 7.292440e-06
 -0.850000 	 -0.300000 	 8.662614e-06
 -0.850000 	 -0.250000 	 1.005867e-05
 -0.850000 	 -0.200000 	 1.139782e-05
 -0.850000 	 -0.150000 	 1.258341e-05
 -0.850000 	 -0.100000 	 1.351672e-05
 -0.850000 	 -0.050000 	 1.411688e-05
 -0.850000 	 0.000000 	 1.432483e-05
 -0.850000 	 0.050000 	 1.412081e-05
 -0.850000 	 0.100000 	 1.351921e-05
 -0.850000 	 0.150000 	 1.258230e-05
 -0.850000 	 0.200000 	 1.139545e-05
 -0.850000 	 0.250000 	 1.005900e-05
 -0.850000 	 0.300000 	 8.661322e-06
 -0.850000 	 0.350000 	 7.292358e-06
 -0.850000 	 0.400000 	 6.013940e-06
 -0.850000 	 0.450000 	 4.866736e-06
 -0.850000 	 0.500000 	 3.875038e-06
 -0.850000 	 0.550000 	 3.039820e-06
 -0.850000 	 0.600000 	 2.354976e-06
 -0.850000 	 0.650000 	 1.805071e-06
 -0.850000 	 0.700000 	 1.370714e-06
 -0.850000 	 0.750000 	 1.033721e-06
 -0.850000 	 0.800000 	 7.751150e-07
 -0.850000 	 0.850000 	 5.785685e-07
 -0.850000 	 0.900000 	 4.306546e-07
 -0.850000 	 0.950000 	 3.196959e-07
 -0.850000 	 1.000000 	 2.371060e-07
 -0.800000 	 -1.000000 	 3.099400e-07
 -0.800000 	 -0.950000 	 4.239841e-07
 -0.800000 	 -0.900000 	 5.797424e-07
 -0.800000 	 -0.850000 	 7.917307e-07
 -0.800000 	 -0.800000 	 1.078133e-06
 -0.800000 	 -0.750000 	 1.462820e-06
 -0.800000 	 -0.700000 	 1.974096e-06
 -0.800000 	 -0.650000 	 2.645523e-06
 -0.800000 	 -0.600000 	 3.515557e-06
 -0.800000 	 -0.550000 	 4.621797e-06
 -0.800000 	 -0.500000 	 6.001840e-06
 -0.800000 	 -0.450000 	 7.674010e-06
 -0.800000 	 -0.400000 	 9.646662e-06
 -0.800000 	 -0.350000 	 1.188893e-05
 -0.800000 	 -0.300000 	 1.433601e-05
 -0.800000 	 -0.250000 	 1.686515e-05
 -0.800000 	 -0.200000 	 1.932940e-05
 -0.800000 	 -0.150000 	 2.153872e-05
 -0.800000 	 -0.100000 	 2.329768e-05
 -0.800000 	 -0.050000 	 2.442808e-05
 -0.800000 	 0.000000 	 2.481862e-05
 -0.800000 	 0.050000 	 2.443063e-05
 -0.800000 	 0.100000 	 2.329508e-05
 -0.800000 	 0.150000 	 2.153704e-05
 -0.800000 	 0.200000 	 1.933186e-05
 -0.800000 	 0.250000 	 1.686688e-05
 -0.800000 	 0.300000 	 1.433004e-05
 -0.800000 	 0.350000 	 1.188729e-05
 -0.800000 	 0.400000 	 9.645209e-06
 -0.800000 	 0.450000 	 7.672554e-06
 -0.800000 	 0.500000 	 5.999980e-06
 -0.800000 	 0.550000 	 4.622225e-06
 -0.800000 	 0.600000 	 3.515418e-06
 -0.800000 	 0.650000 	 2.646229e-06
 -0.800000 	 0.700000 	 1.973955e-06
 -0.800000 	 0.750000 	 1.462967e-06
 -0.800000 	 0.800000 	 1.078181e-06
 -0.800000 	 0.850000 	 7.916238e-07
 -0.800000 	 0.900000 	 5.798166e-07
 -0.800000 	 0.950000 	 4.240510e-07
 -0.800000 	 1.000000 	 3.099748e-07
 -0.750000 	 -1.000000 	 4.025783e-07
 -0.750000 	 -0.950000 	 5.590040e-07
 -0.750000 	 -0.900000 	 7.763553e-07
 -0.750000 	 -0.850000 	 1.077530e-06
 -0.750000 	 -0.800000 	 1.492948e-06
 -0.750000 	 -0.750000 	 2.062264e-06
 -0.750000 	 -0.700000 	 2.835415e-06
 -0.750000 	 -0.650000 	 3.873943e-06
 -0.750000 	 -0.600000 	 5.249662e-06
 -0.750000 	 -0.550000 	 7.038530e-06
 -0.750000 	 -0.500000 	 9.319967e-06
 -0.750000 	 -0.450000 	 1.215013e-05
 -0.750000 	 -0.400000 	 1.556439e-05
 -0.750000 	 -0.350000 	 1.953019e-05
 -0.750000 	 -0.300000 	 2.393568e-05
 -0.750000 	 -0.250000 	 2.858700e-05
 -0.750000 	 -0.200000 	 3.319046e-05
 -0.750000 	 -0.150000 	 3.735951e-05
 -0.750000 	 -0.100000 	 4.070741e-05
 -0.750000 	 -0.050000 	 4.289463e-05
 -0.750000 	 0.000000 	 4.364387e-05
 -0.750000 	 0.050000 	 4.289686e-05
 -0.750000 	 0.100000 	 4.071575e-05
 -0.750000 	 0.150000 	 3.735696e-05
 -0.750000 	 0.200000 	 3.318357e-05
 -0.750000 	 0.250000 	 2.859015e-05
 -0.750000 	 0.300000 	 2.394142e-05
 -0.750000 	 0.350000 	 1.953046e-05
 -0.750000 	 0.400000 	 1.556552e-05
 -0.750000 	 0.450000 	 1.215321e-05
 -0.750000 	 0.500000 	 9.319898e-06
 -0.750000 	 0.550000 	 7.038159e-06
 -0.750000 	 0.600000 	 5.248939e-06
 -0.750000 	 0.650000 	 3.874344e-06
 -0.750000 	 0.700000 	 2.835004e-06
 -0.750000 	 0.750000 	 2.061859e-06
 -0.750000 	 0.800000 	 1.493068e-06
 -0.750000 	 0.850000 	 1.077438e-06
 -0.750000 	 0.900000 	 7.760954e-07
 -0.750000 	 0.950000 	 5.588004e-07
 -0.750000 	 1.000000 	 4.025919e-07
 -0.700000 	 -1.000000 	 5.187323e-07
 -0.700000 	 -0.950000 	 7.312844e-07
 -0.700000 	 -0.900000 	 1.031779e-06
 -0.700000 	 -0.850000 	 1.457004e-06
 -0.700000 	 -0.800000 	 2.054961e-06
 -0.700000 	 -0.750000 	 2.892398e-06
 -0.700000 	 -0.700000 	 4.055196e-06
 -0.700000 	 -0.650000 	 5.653181e-06
 -0.700000 	 -0.600000 	 7.821187e-06
 -0.700000 	 -0.550000 	 1.071177e-05
 -0.700000 	 -0.500000 	 1.448752e-05
 -0.700000 	 -0.450000 	 1.929561e-05
 -0.700000 	 -0.400000 	 2.522457e-05
 -0.700000 	 -0.350000 	 3.228286e-05
 -0.700000 	 -0.300000 	 4.030953e-05
 -0.700000 	 -0.250000 	 4.894098e-05
 -0.700000 	 -0.200000 	 5.761646e-05
 -0.700000 	 -0.150000 	 6.562062e-05
 -0.700000 	 -0.100000 	 7.211392e-05
 -0.700000 	 -0.050000 	 7.637002e-05
 -0.700000 	 0.000000 	 7.788086e-05
 -0.700000 	 0.050000 	 7.635917e-05
 -0.700000 	 0.100000 	 7.211194e-05
 -0.700000 	 0.150000 	 6.561385e-05
 -0.700000 	 0.200000 	 5.760823e-05
 -0.700000 	 0.250000 	 4.892039e-05
 -0.700000 	 0.300000 	 4.030110e-05
 -0.700000 	 0.350000 	 3.228553e-05
 -0.700000 	 0.400000 	 2.522717e-05
 -0.700000 	 0.450000 	 1.929670e-05
 -0.700000 	 0.500000 	 1.448725e-05
 -0.700000 	 0.550000 	 1.071202e-05
 -0.700000 	 0.600000 	 7.822216e-06
 -0.700000 	 0.650000 	 5.653415e-06
 -0.700000 	 0.700000 	 4.054075e-06
 -0.700000 	 0.750000 	 2.892357e-06
 -0.700000 	 0.800000 	 2.055220e-06
 -0.700000 	 0.850000 	 1.456758e-06
 -0.700000 	 0.900000 	 1.031863e-06
 -0.700000 	 0.950000 	 7.312702e-07
 -0.700000 	 1.000000 	 5.186673e-07
 -0.650000 	 -1.000000 	 6.621667e-07
 -0.650000 	 -0.950000 	 9.480257e-07
 -0.650000 	 -0.900000 	 1.359905e-06
 -0.650000 	 -0.850000 	 1.953489e-06
 -0.650000 	 -0.800000 	 2.806390e-06
 -0.650000 	 -0.750000 	 4.026452e-06
 -0.650000 	 -0.700000 	 5.763086e-06
 -0.650000 	 -0.650000 	 8.206720e-06
 -0.650000 	 -0.600000 	 1.160471e-05
 -0.650000 	 -0.550000 	 1.625617e-05
 -0.650000 	 -0.500000 	 2.250407e-05
 -0.650000 	 -0.450000 	 3.065969e-05
 -0.650000 	 -0.400000 	 4.100109e-05
 -0.650000 	 -0.350000 	 5.359935e-05
 -0.650000 	 -0.300000 	 6.827702e-05
 -0.650000 	 -0.250000 	 8.444011e-05
 -0.650000 	 -0.200000 	 1.009925e-04
 -0.650000 	 -0.150000 	 1.165151e-04
 -0.650000 	 -0.100000 	 1.292812e-04
 -0.650000 	 -0.050000 	 1.377086e-04
 -0.650000 	 0.000000 	 1.406870e-04
 -0.650000 	 0.050000 	 1.377100e-04
 -0.650000 	 0.100000 	 1.293145e-04
 -0.650000 	 0.150000 	 1.165254e-04
 -0.650000 	 0.200000 	 1.009756e-04
 -0.650000 	 0.250000 	 8.441476e-05
 -0.650000 	 0.300000 	 6.827541e-05
 -0.650000 	 0.350000 	 5.359107e-05
 -0.650000 	 0.400000 	 4.099390e-05
 -0.650000 	 0.450000 	 3.066249e-05
 -0.650000 	 0.500000 	 2.249750e-05
 -0.650000 	 0.550000 	 1.625898e-05
 -0.650000 	 0.600000 	 1.160405e-05
 -0.650000 	 0.650000 	 8.206684e-06
 -0.650000 	 0.700000 	 5.762374e-06
 -0.650000 	 0.750000 	 4.027049e-06
 -0.650000 	 0.800000 	 2.806349e-06
 -0.650000 	 0.850000 	 1.953263e-06
 -0.650000 	 0.900000 	 1.359728e-06
 -0.650000 	 0.950000 	 9.478878e-07
 -0.650000 	 1.000000 	 6.623210e-07
 -0.600000 	 -1.000000 	 8.365661e-07
 -0.600000 	 -0.950000 	 1.215848e-06
 -0.600000 	 -0.900000 	 1.773287e-06
 -0.600000 	 -0.850000 	 2.591918e-06
 -0.600000 	 -0.800000 	 3.794280e-06
 -0.600000 	 -0.750000 	 5.555554e-06
 -0.600000 	 -0.700000 	 8.117552e-06
 -0.600000 	 -0.650000 	 1.181891e-05
 -0.600000 	 -0.600000 	 1.710822e-05
 -0.600000 	 -0.550000 	 2.454909e-05
 -0.600000 	 -0.500000 	 3.481066e-05
 -0.600000 	 -0.450000 	 4.861880e-05
 -0.600000 	 -0.400000 	 6.660527e-05
 -0.600000 	 -0.350000 	 8.914377e-05
 -0.600000 	 -0.300000 	 1.161056e-04
 -0.600000 	 -0.250000 	 1.465359e-04
 -0.600000 	 -0.200000 	 1.783615e-04
 -0.600000 	 -0.150000 	 2.087228e-04
 -0.600000 	 -0.100000 	 2.340856e-04
 -0.600000 	 -0.050000 	 2.509764e-04
 -0.600000 	 0.000000 	 2.568650e-04
 -0.600000 	 0.050000 	 2.509753e-04
 -0.600000 	 0.100000 	 2.340696e-04
 -0.600000 	 0.150000 	 2.087493e-04
 -0.600000 	 0.200000 	 1.783262e-04
 -0.600000 	 0.250000 	 1.465112e-04
 -0.600000 	 0.300000 	 1.161336e-04
 -0.600000 	 0.350000 	 8.915002e-05
 -0.600000 	 0.400000 	 6.661311e-05
 -0.600000 	 0.450000 	 4.861056e-05
 -0.600000 	 0.500000 	 3.480898e-05
 -0.600000 	 0.550000 	 2.454676e-05
 -0.600000 	 0.600000 	 1.711190e-05
 -0.600000 	 0.650000 	 1.182137e-05
 -0.600000 	 0.700000 	 8.118529e-06
 -0.600000 	 0.750000 	 5.553362e-06
 -0.600000 	 0.800000 	 3.794045e-06
 -0.600000 	 0.850000 	 2.591770e-06
 -0.600000 	 0.900000 	 1.773268e-06
 -0.600000 	 0.950000 	 1.215945e-06
 -0.600000 	 1.000000 	 8.366976e-07
 -0.550000 	 -1.000000 	 1.044050e-06
 -0.550000 	 -0.950000 	 1.540383e-06
 -0.550000 	 -0.900000 	 2.283635e-06
 -0.550000 	 -0.850000 	 3.397781e-06
 -0.550000 	 -0.800000 	 5.069370e-06
 -0.550000 	 -0.750000 	 7.573763e-06
 -0.550000 	 -0.700000 	 1.130870e-05
 -0.550000 	 -0.650000 	 1.684939e-05
 -0.550000 	 -0.600000 	 2.497978e-05
 -0.550000 	 -0.550000 	 3.675247e-05
 -0.550000 	 -0.500000 	 5.348220e-05
 -0.550000 	 -0.450000 	 7.665758e-05
 -0.550000 	 -0.400000 	 1.078280e-04
 -0.550000 	 -0.350000 	 1.480355e-04
 -0.550000 	 -0.300000 	 1.975712e-04
 -0.550000 	 -0.250000 	 2.547504e-04
 -0.550000 	 -0.200000 	 3.163196e-04
 -0.550000 	 -0.150000 	 3.760265e-04
 -0.550000 	 -0.100000 	 4.265644e-04
 -0.550000 	 -0.050000 	 4.607691e-04
 -0.550000 	 0.000000 	 4.728177e-04
 -0.550000 	 0.050000 	 4.607361e-04
 -0.550000 	 0.100000 	 4.266070e-04
 -0.550000 	 0.150000 	 3.759974e-04
 -0.550000 	 0.200000 	 3.162974e-04
 -0.550000 	 0.250000 	 2.548161e-04
 -0.550000 	 0.300000 	 1.975644e-04
 -0.550000 	 0.350000 	 1.480544e-04
 -0.550000 	 0.400000 	 1.078257e-04
 -0.550000 	 0.450000 	 7.666201e-05
 -0.550000 	 0.500000 	 5.348680e-05
 -0.550000 	 0.550000 	 3.674884e-05
 -0.550000 	 0.600000 	 2.497563e-05
 -0.550000 	 0.650000 	 1.684626e-05
 -0.550000 	 0.700000 	 1.130929e-05
 -0.550000 	 0.750000 	 7.572658e-06
 -0.550000 	 0.800000 	 5.069931e-06
 -0.550000 	 0.850000 	 3.398101e-06
 -0.550000 	 0.900000 	 2.283762e-06
 -0.550000 	 0.950000 	 1.540612e-06
 -0.550000 	 1.000000 	 1.044024e-06
 -0.500000 	 -1.000000 	 1.284749e-06
 -0.500000 	 -0.950000 	 1.924304e-06
 -0.500000 	 -0.900000 	 2.899386e-06
 -0.500000 	 -0.850000 	 4.390455e-06
 -0.500000 	 -0.800000 	 6.675798e-06
 -0.500000 	 -0.750000 	 1.017779e-05
 -0.500000 	 -0.700000 	 1.553631e-05
 -0.500000 	 -0.650000 	 2.368721e-05
 -0.500000 	 -0.600000 	 3.599837e-05
 -0.500000 	 -0.550000 	 5.436762e-05
 -0.500000 	 -0.500000 	 8.128299e-05
 -0.500000 	 -0.450000 	 1.198176e-04
 -0.500000 	 -0.400000 	 1.732229e-04
 -0.500000 	 -0.350000 	 2.445097e-04
 -0.500000 	 -0.300000 	 3.348421e-04
 -0.500000 	 -0.250000 	 4.423246e-04
 -0.500000 	 -0.200000 	 5.604263e-04
 -0.500000 	 -0.150000 	 6.777545e-04
 -0.500000 	 -0.100000 	 7.791493e-04
 -0.500000 	 -0.050000 	 8.477257e-04
 -0.500000 	 0.000000 	 8.722288e-04
 -0.500000 	 0.050000 	 8.477084e-04
 -0.500000 	 0.100000 	 7.790138e-04
 -0.500000 	 0.150000 	 6.777835e-04
 -0.500000 	 0.200000 	 5.603905e-04
 -0.500000 	 0.250000 	 4.422315e-04
 -0.500000 	 0.300000 	 3.347756e-04
 -0.500000 	 0.350000 	 2.444819e-04
 -0.500000 	 0.400000 	 1.732418e-04
 -0.500000 	 0.450000 	 1.198021e-04
 -0.500000 	 0.500000 	 8.128459e-05
 -0.500000 	 0.550000 	 5.436206e-05
 -0.500000 	 0.600000 	 3.600549e-05
 -0.500000 	 0.650000 	 2.369019e-05
 -0.500000 	 0.700000 	 1.553206e-05
 -0.500000 	 0.750000 	 1.017794e-05
 -0.500000 	 0.800000 	 6.676569e-06
 -0.500000 	 0.850000 	 4.390323e-06
 -0.500000 	 0.900000 	 2.899019e-06
 -0.500000 	 0.950000 	 1.924280e-06
 -0.500000 	 1.000000 	 1.284662e-06
 -0.450000 	 -1.000000 	 1.556924e-06
 -0.450000 	 -0.950000 	 2.365930e-06
 -0.450000 	 -0.900000 	 3.621515e-06
 -0.450000 	 -0.850000 	 5.578544e-06
 -0.450000 	 -0.800000 	 8.641060e-06
 -0.450000 	 -0.750000 	 1.344352e-05
 -0.450000 	 -0.700000 	 2.097648e-05
 -0.450000 	 -0.650000 	 3.273946e-05
 -0.450000 	 -0.600000 	 5.103535e-05
 -0.450000 	 -0.550000 	 7.915190e-05
 -0.450000 	 -0.500000 	 1.216541e-04
 -0.450000 	 -0.450000 	 1.845731e-04
 -0.450000 	 -0.400000 	 2.747847e-04
 -0.450000 	 -0.350000 	 3.992074e-04
 -0.450000 	 -0.300000 	 5.620030e-04
 -0.450000 	 -0.250000 	 7.613922e-04
 -0.450000 	 -0.200000 	 9.863258e-04
 -0.450000 	 -0.150000 	 1.214418e-03
 -0.450000 	 -0.100000 	 1.413689e-03
 -0.450000 	 -0.050000 	 1.551238e-03
 -0.450000 	 0.000000 	 1.600202e-03
 -0.450000 	 0.050000 	 1.551238e-03
 -0.450000 	 0.100000 	 1.414212e-03
 -0.450000 	 0.150000 	 1.214659e-03
 -0.450000 	 0.200000 	 9.862601e-04
 -0.450000 	 0.250000 	 7.611517e-04
 -0.450000 	 0.300000 	 5.618688e-04
 -0.450000 	 0.350000 	 3.991569e-04
 -0.450000 	 0.400000 	 2.747894e-04
 -0.450000 	 0.450000 	 1.845475e-04
 -0.450000 	 0.500000 	 1.216620e-04
 -0.450000 	 0.550000 	 7.915605e-05
 -0.450000 	 0.600000 	 5.103159e-05
 -0.450000 	 0.650000 	 3.274325e-05
 -0.450000 	 0.700000 	 2.097231e-05
 -0.450000 	 0.750000 	 1.344587e-05
 -0.450000 	 0.800000 	 8.641105e-06
 -0.450000 	 0.850000 	 5.578192e-06
 -0.450000 	 0.900000 	 3.621530e-06
 -0.450000 	 0.950000 	 2.366222e-06
 -0.450000 	 1.000000 	 1.557226e-06
 -0.400000 	 -1.000000 	 1.855243e-06
 -0.400000 	 -0.950000 	 2.858102e-06
 -0.400000 	 -0.900000 	 4.441246e-06
 -0.400000 	 -0.850000 	 6.953721e-06
 -0.400000 	 -0.800000 	 1.096805e-05
 -0.400000 	 -0.750000 	 1.740364e-05
 -0.400000 	 -0.700000 	 2.774336e-05
 -0.400000 	 -0.650000 	 4.432522e-05
 -0.400000 	 -0.600000 	 7.082137e-05
 -0.400000 	 -0.550000 	 1.128621e-04
 -0.400000 	 -0.500000 	 1.784286e-04
 -0.400000 	 -0.450000 	 2.788413e-04
 -0.400000 	 -0.400000 	 4.278672e-04
 -0.400000 	 -0.350000 	 6.402751e-04
 -0.400000 	 -0.300000 	 9.274525e-04
 -0.400000 	 -0.250000 	 1.289744e-03
 -0.400000 	 -0.200000 	 1.708865e-03
 -0.400000 	 -0.150000 	 2.141927e-03
 -0.400000 	 -0.100000 	 2.525038e-03
 -0.400000 	 -0.050000 	 2.791992e-03
 -0.400000 	 0.000000 	 2.886135e-03
 -0.400000 	 0.050000 	 2.791384e-03
 -0.400000 	 0.100000 	 2.525732e-03
 -0.400000 	 0.150000 	 2.142034e-03
 -0.400000 	 0.200000 	 1.708681e-03
 -0.400000 	 0.250000 	 1.290039e-03
 -0.400000 	 0.300000 	 9.273745e-04
 -0.400000 	 0.350000 	 6.401744e-04
 -0.400000 	 0.400000 	 4.278536e-04
 -0.400000 	 0.450000 	 2.788052e-04
 -0.400000 	 0.500000 	 1.784701e-04
 -0.400000 	 0.550000 	 1.128392e-04
 -0.400000 	 0.600000 	 7.082102e-05
 -0.400000 	 0.650000 	 4.432779e-05
 -0.400000 	 0.700000 	 2.774294e-05
 -0.400000 	 0.750000 	 1.740533e-05
 -0.400000 	 0.800000 	 1.096893e-05
 -0.400000 	 0.850000 	 6.956119e-06
 -0.400000 	 0.900000 	 4.441308e-06
 -0.400000 	 0.950000 	 2.858285e-06
 -0.400000 	 1.000000 	 1.855125e-06
 -0.350000 	 -1.000000 	 2.170329e-06
 -0.350000 	 -0.950000 	 3.386827e-06
 -0.350000 	 -0.900000 	 5.337677e-06
 -0.350000 	 -0.850000 	 8.487088e-06
 -0.350000 	 -0.800000 	 1.361588e-05
 -0.350000 	 -0.750000 	 2.200993e-05
 -0.350000 	 -0.700000 	 3.581736e-05
 -0.350000 	 -0.650000 	 5.853984e-05
 -0.350000 	 -0.600000 	 9.584617e-05
 -0.350000 	 -0.550000 	 1.567846e-04
 -0.350000 	 -0.500000 	 2.549800e-04
 -0.350000 	 -0.450000 	 4.103069e-04
 -0.350000 	 -0.400000 	 6.488426e-04
 -0.350000 	 -0.350000 	 1.000791e-03
 -0.350000 	 -0.300000 	 1.492177e-03
 -0.350000 	 -0.250000 	 2.129245e-03
 -0.350000 	 -0.200000 	 2.881673e-03
 -0.350000 	 -0.150000 	 3.667877e-03
 -0.350000 	 -0.100000 	 4.368674e-03
 -0.350000 	 -0.050000 	 4.851453e-03
 -0.350000 	 0.000000 	 5.025416e-03
 -0.350000 	 0.050000 	 4.851561e-03
 -0.350000 	 0.100000 	 4.369000e-03
 -0.350000 	 0.150000 	 3.668280e-03
 -0.350000 	 0.200000 	 2.880916e-03
 -0.350000 	 0.250000 	 2.128581e-03
 -0.350000 	 0.300000 	 1.491917e-03
 -0.350000 	 0.350000 	 1.000766e-03
 -0.350000 	 0.400000 	 6.488936e-04
 -0.350000 	 0.450000 	 4.103498e-04
 -0.350000 	 0.500000 	 2.549731e-04
 -0.350000 	 0.550000 	 1.567475e-04
 -0.350000 	 0.600000 	 9.586056e-05
 -0.350000 	 0.650000 	 5.853969e-05
 -0.350000 	 0.700000 	 3.582321e-05
 -0.350000 	 0.750000 	 2.201684e-05
 -0.350000 	 0.800000 	 1.361879e-05
 -0.350000 	 0.850000 	 8.487885e-06
 -0.350000 	 0.900000 	 5.336410e-06
 -0.350000 	 0.950000 	 3.386453e-06
 -0.350000 	 1.000000 	 2.170016e-06
 -0.300000 	 -1.000000 	 2.488239e-06
 -0.300000 	 -0.950000 	 3.928806e-06
 -0.300000 	 -0.900000 	 6.269580e-06
 -0.300000 	 -0.850000 	 1.011700e-05
 -0.300000 	 -0.800000 	 1.648719e-05
 -0.300000 	 -0.750000 	 2.712508e-05
 -0.300000 	 -0.700000 	 4.498376e-05
 -0.300000 	 -0.650000 	 7.510738e-05
 -0.300000 	 -0.600000 	 1.258676e-04
 -0.300000 	 -0.550000 	 2.110724e-04
 -0.300000 	 -0.500000 	 3.528174e-04
 -0.300000 	 -0.450000 	 5.841652e-04
 -0.300000 	 -0.400000 	 9.513546e-04
 -0.300000 	 -0.350000 	 1.510514e-03
 -0.300000 	 -0.300000 	 2.314525e-03
 -0.300000 	 -0.250000 	 3.381113e-03
 -0.300000 	 -0.200000 	 4.657003e-03
 -0.300000 	 -0.150000 	 5.983782e-03
 -0.300000 	 -0.100000 	 7.136841e-03
 -0.300000 	 -0.050000 	 7.912615e-03
 -0.300000 	 0.000000 	 8.179572e-03
 -0.300000 	 0.050000 	 7.909061e-03
 -0.300000 	 0.100000 	 7.136589e-03
 -0.300000 	 0.150000 	 5.982948e-03
 -0.300000 	 0.200000 	 4.655537e-03
 -0.300000 	 0.250000 	 3.382106e-03
 -0.300000 	 0.300000 	 2.314782e-03
 -0.300000 	 0.350000 	 1.510773e-03
 -0.300000 	 0.400000 	 9.513925e-04
 -0.300000 	 0.450000 	 5.840722e-04
 -0.300000 	 0.500000 	 3.527886e-04
 -0.300000 	 0.550000 	 2.111102e-04
 -0.300000 	 0.600000 	 1.258981e-04
 -0.300000 	 0.650000 	 7.510481e-05
 -0.300000 	 0.700000 	 4.498797e-05
 -0.300000 	 0.750000 	 2.712739e-05
 -0.300000 	 0.800000 	 1.648921e-05
 -0.300000 	 0.850000 	 1.011864e-05
 -0.300000 	 0.900000 	 6.269888e-06
 -0.300000 	 0.950000 	 3.928317e-06
 -0.300000 	 1.000000 	 2.488367e-06
 -0.250000 	 -1.000000 	 2.792452e-06
 -0.250000 	 -0.950000 	 4.454378e-06
 -0.250000 	 -0.900000 	 7.191855e-06
 -0.250000 	 -0.850000 	 1.174987e-05
 -0.250000 	 -0.800000 	 1.942448e-05
 -0.250000 	 -0.750000 	 3.245351e-05
 -0.250000 	 -0.700000 	 5.478033e-05
 -0.250000 	 -0.650000 	 9.323637e-05
 -0.250000 	 -0.600000 	 1.596073e-04
 -0.250000 	 -0.550000 	 2.740245e-04
 -0.250000 	 -0.500000 	 4.694895e-04
 -0.250000 	 -0.450000 	 7.983945e-04
 -0.250000 	 -0.400000 	 1.336535e-03
 -0.250000 	 -0.350000 	 2.180545e-03
 -0.250000 	 -0.300000 	 3.422841e-03
 -0.250000 	 -0.250000 	 5.093524e-03
 -0.250000 	 -0.200000 	 7.069708e-03
 -0.250000 	 -0.150000 	 9.038007e-03
 -0.250000 	 -0.100000 	 1.059044e-02
 -0.250000 	 -0.050000 	 1.148023e-02
 -0.250000 	 0.000000 	 1.174902e-02
 -0.250000 	 0.050000 	 1.147657e-02
 -0.250000 	 0.100000 	 1.059451e-02
 -0.250000 	 0.150000 	 9.040262e-03
 -0.250000 	 0.200000 	 7.068012e-03
 -0.250000 	 0.250000 	 5.092014e-03
 -0.250000 	 0.300000 	 3.423220e-03
 -0.250000 	 0.350000 	 2.180449e-03
 -0.250000 	 0.400000 	 1.336723e-03
 -0.250000 	 0.450000 	 7.983964e-04
 -0.250000 	 0.500000 	 4.695438e-04
 -0.250000 	 0.550000 	 2.739662e-04
 -0.250000 	 0.600000 	 1.595878e-04
 -0.250000 	 0.650000 	 9.323076e-05
 -0.250000 	 0.700000 	 5.478082e-05
 -0.250000 	 0.750000 	 3.245299e-05
 -0.250000 	 0.800000 	 1.942476e-05
 -0.250000 	 0.850000 	 1.175040e-05
 -0.250000 	 0.900000 	 7.192294e-06
 -0.250000 	 0.950000 	 4.454031e-06
 -0.250000 	 1.000000 	 2.792210e-06
 -0.200000 	 -1.000000 	 3.064000e-06
 -0.200000 	 -0.950000 	 4.930123e-06
 -0.200000 	 -0.900000 	 8.037945e-06
 -0.200000 	 -0.850000 	 1.327515e-05
 -0.200000 	 -0.800000 	 2.220564e-05
 -0.200000 	 -0.750000 	 3.761627e-05
 -0.200000 	 -0.700000 	 6.444970e-05
 -0.200000 	 -0.650000 	 1.115242e-04
 -0.200000 	 -0.600000 	 1.944897e-04
 -0.200000 	 -0.550000 	 3.408196e-04
 -0.200000 	 -0.500000 	 5.971346e-04
 -0.200000 	 -0.450000 	 1.039846e-03
 -0.200000 	 -0.400000 	 1.783488e-03
 -0.200000 	 -0.350000 	 2.978675e-03
 -0.200000 	 -0.300000 	 4.766588e-03
 -0.200000 	 -0.250000 	 7.164010e-03
 -0.200000 	 -0.200000 	 9.866711e-03
 -0.200000 	 -0.150000 	 1.217336e-02
 -0.200000 	 -0.100000 	 1.328360e-02
 -0.200000 	 -0.050000 	 1.319314e-02
 -0.200000 	 0.000000 	 1.293030e-02
 -0.200000 	 0.050000 	 1.319347e-02
 -0.200000 	 0.100000 	 1.327826e-02
 -0.200000 	 0.150000 	 1.217129e-02
 -0.200000 	 0.200000 	 9.869766e-03
 -0.200000 	 0.250000 	 7.164052e-03
 -0.200000 	 0.300000 	 4.765895e-03
 -0.200000 	 0.350000 	 2.978089e-03
 -0.200000 	 0.400000 	 1.783693e-03
 -0.200000 	 0.450000 	 1.039799e-03
 -0.200000 	 0.500000 	 5.971974e-04
 -0.200000 	 0.550000 	 3.408197e-04
 -0.200000 	 0.600000 	 1.945084e-04
 -0.200000 	 0.650000 	 1.115130e-04
 -0.200000 	 0.700000 	 6.443981e-05
 -0.200000 	 0.750000 	 3.762207e-05
 -0.200000 	 0.800000 	 2.220359e-05
 -0.200000 	 0.850000 	 1.327587e-05
 -0.200000 	 0.900000 	 8.037187e-06
 -0.200000 	 0.950000 	 4.930073e-06
 -0.200000 	 1.000000 	 3.063755e-06
 -0.150000 	 -1.000000 	 3.283479e-06
 -0.150000 	 -0.950000 	 5.320061e-06
 -0.150000 	 -0.900000 	 8.738366e-06
 -0.150000 	 -0.850000 	 1.455728e-05
 -0.150000 	 -0.800000 	 2.459288e-05
 -0.150000 	 -0.750000 	 4.211279e-05
 -0.150000 	 -0.700000 	 7.302309e-05
 -0.150000 	 -0.650000 	 1.281242e-04
 -0.150000 	 -0.600000 	 2.268934e-04
 -0.150000 	 -0.550000 	 4.043598e-04
 -0.150000 	 -0.500000 	 7.216990e-04
 -0.150000 	 -0.450000 	 1.281456e-03
 -0.150000 	 -0.400000 	 2.242326e-03
 -0.150000 	 -0.350000 	 3.813244e-03
 -0.150000 	 -0.300000 	 6.180961e-03
 -0.150000 	 -0.250000 	 9.277648e-03
 -0.150000 	 -0.200000 	 1.238678e-02
 -0.150000 	 -0.150000 	 1.384434e-02
 -0.150000 	 -0.100000 	 1.192507e-02
 -0.150000 	 -0.050000 	 7.461465e-03
 -0.150000 	 0.000000 	 4.958452e-03
 -0.150000 	 0.050000 	 7.476010e-03
 -0.150000 	 0.100000 	 1.192523e-02
 -0.150000 	 0.150000 	 1.384757e-02
 -0.150000 	 0.200000 	 1.238609e-02
 -0.150000 	 0.250000 	 9.276655e-03
 -0.150000 	 0.300000 	 6.180438e-03
 -0.150000 	 0.350000 	 3.812756e-03
 -0.150000 	 0.400000 	 2.241918e-03
 -0.150000 	 0.450000 	 1.281456e-03
 -0.150000 	 0.500000 	 7.214859e-04
 -0.150000 	 0.550000 	 4.043401e-04
 -0.150000 	 0.600000 	 2.268986e-04
 -0.150000 	 0.650000 	 1.281405e-04
 -0.150000 	 0.700000 	 7.303321e-05
 -0.150000 	 0.750000 	 4.211173e-05
 -0.150000 	 0.800000 	 2.459552e-05
 -0.150000 	 0.850000 	 1.455936e-05
 -0.150000 	 0.900000 	 8.738408e-06
 -0.150000 	 0.950000 	 5.320192e-06
 -0.150000 	 1.000000 	 3.283646e-06
 -0.100000 	 -1.000000 	 3.434277e-06
 -0.100000 	 -0.950000 	 5.591378e-06
 -0.100000 	 -0.900000 	 9.237568e-06
 -0.100000 	 -0.850000 	 1.548329e-05
 -0.100000 	 -0.800000 	 2.634046e-05
 -0.100000 	 -0.750000 	 4.545722e-05
 -0.100000 	 -0.700000 	 7.955071e-05
 -0.100000 	 -0.650000 	 1.409721e-04
 -0.100000 	 -0.600000 	 2.524736e-04
 -0.100000 	 -0.550000 	 4.555911e-04
 -0.100000 	 -0.500000 	 8.242711e-04
 -0.100000 	 -0.450000 	 1.485362e-03
 -0.100000 	 -0.400000 	 2.636653e-03
 -0.100000 	 -0.350000 	 4.541651e-03
 -0.100000 	 -0.300000 	 7.404861e-03
 -0.100000 	 -0.250000 	 1.099425e-02
 -0.100000 	 -0.200000 	 1.382915e-02
 -0.100000 	 -0.150000 	 1.246196e-02
 -0.100000 	 -0.100000 	 2.962555e-03
 -0.100000 	 -0.050000 	 -1.270539e-02
 -0.100000 	 0.000000 	 -2.128377e-02
 -0.100000 	 0.050000 	 -1.272289e-02
 -0.100000 	 0.100000 	 2.959183e-03
 -0.100000 	 0.150000 	 1.246931e-02
 -0.100000 	 0.200000 	 1.383890e-02
 -0.100000 	 0.250000 	 1.099441e-02
 -0.100000 	 0.300000 	 7.406633e-03
 -0.100000 	 0.350000 	 4.542094e-03
 -0.100000 	 0.400000 	 2.636895e-03
 -0.100000 	 0.450000 	 1.485255e-03
 -0.100000 	 0.500000 	 8.243624e-04
 -0.100000 	 0.550000 	 4.555878e-04
 -0.100000 	 0.600000 	 2.524654e-04
 -0.100000 	 0.650000 	 1.409719e-04
 -0.100000 	 0.700000 	 7.955676e-05
 -0.100000 	 0.750000 	 4.546532e-05
 -0.100000 	 0.800000 	 2.634144e-05
 -0.100000 	 0.850000 	 1.548210e-05
 -0.100000 	 0.900000 	 9.235995e-06
 -0.100000 	 0.950000 	 5.590754e-06
 -0.100000 	 1.000000 	 3.433997e-06
 -0.050000 	 -1.000000 	 3.503605e-06
 -0.050000 	 -0.950000 	 5.720815e-06
 -0.050000 	 -0.900000 	 9.482153e-06
 -0.050000 	 -0.850000 	 1.595315e-05
 -0.050000 	 -0.800000 	 2.725351e-05
 -0.050000 	 -0.750000 	 4.725429e-05
 -0.050000 	 -0.700000 	 8.315356e-05
 -0.050000 	 -0.650000 	 1.482242e-04
 -0.050000 	 -0.600000 	 2.672346e-04
 -0.050000 	 -0.550000 	 4.859217e-04
 -0.050000 	 -0.500000 	 8.865152e-04
 -0.050000 	 -0.450000 	 1.611475e-03
 -0.050000 	 -0.400000 	 2.885665e-03
 -0.050000 	 -0.350000 	 5.006111e-03
 -0.050000 	 -0.300000 	 8.176522e-03
 -0.050000 	 -0.250000 	 1.195298e-02
 -0.050000 	 -0.200000 	 1.403270e-02
 -0.050000 	 -0.150000 	 8.738556e-03
 -0.050000 	 -0.100000 	 -1.145720e-02
 -0.050000 	 -0.050000 	 -4.502436e-02
 -0.050000 	 0.000000 	 -6.495708e-02
 -0.050000 	 0.050000 	 -4.502143e-02
 -0.050000 	 0.100000 	 -1.148211e-02
 -0.050000 	 0.150000 	 8.739754e-03
 -0.050000 	 0.200000 	 1.404129e-02
 -0.050000 	 0.250000 	 1.195252e-02
 -0.050000 	 0.300000 	 8.176048e-03
 -0.050000 	 0.350000 	 5.006707e-03
 -0.050000 	 0.400000 	 2.886267e-03
 -0.050000 	 0.450000 	 1.611540e-03
 -0.050000 	 0.500000 	 8.863634e-04
 -0.050000 	 0.550000 	 4.858510e-04
 -0.050000 	 0.600000 	 2.672879e-04
 -0.050000 	 0.650000 	 1.482034e-04
 -0.050000 	 0.700000 	 8.315418e-05
 -0.050000 	 0.750000 	 4.726081e-05
 -0.050000 	 0.800000 	 2.725112e-05
 -0.050000 	 0.850000 	 1.595212e-05
 -0.050000 	 0.900000 	 9.481871e-06
 -0.050000 	 0.950000 	 5.720210e-06
 -0.050000 	 1.000000 	 3.502710e-06
 0.000000 	 -1.000000 	 3.485282e-06
 0.000000 	 -0.950000 	 5.695154e-06
 0.000000 	 -0.900000 	 9.446966e-06
 0.000000 	 -0.850000 	 1.591279e-05
 0.000000 	 -0.800000 	 2.721851e-05
 0.000000 	 -0.750000 	 4.725752e-05
 0.000000 	 -0.700000 	 8.326516e-05
 0.000000 	 -0.650000 	 1.487299e-04
 0.000000 	 -0.600000 	 2.686887e-04
 0.000000 	 -0.550000 	 4.896434e-04
 0.000000 	 -0.500000 	 8.956975e-04
 0.000000 	 -0.450000 	 1.632718e-03
 0.000000 	 -0.400000 	 2.931374e-03
 0.000000 	 -0.350000 	 5.094274e-03
 0.000000 	 -0.300000 	 8.316857e-03
 0.000000 	 -0.250000 	 1.207106e-02
 0.000000 	 -0.200000 	 1.370989e-02
 0.000000 	 -0.150000 	 6.536907e-03
 0.000000 	 -0.100000 	 -1.890198e-02
 0.000000 	 -0.050000 	 -6.286964e-02
 0.000000 	 0.000000 	 -9.243372e-02
 0.000000 	 0.050000 	 -6.284333e-02
 0.000000 	 0.100000 	 -1.890103e-02
 0.000000 	 0.150000 	 6.535362e-03
 0.000000 	 0.200000 	 1.370114e-02
 0.000000 	 0.250000 	 1.207776e-02
 0.000000 	 0.300000 	 8.318020e-03
 0.000000 	 0.350000 	 5.095511e-03
 0.000000 	 0.400000 	 2.931341e-03
 0.000000 	 0.450000 	 1.632250e-03
 0.000000 	 0.500000 	 8.957459e-04
 0.000000 	 0.550000 	 4.898551e-04
 0.000000 	 0.600000 	 2.687514e-04
 0.000000 	 0.650000 	 1.487306e-04
 0.000000 	 0.700000 	 8.327299e-05
 0.000000 	 0.750000 	 4.726013e-05
 0.000000 	 0.800000 	 2.721477e-05
 0.000000 	 0.850000 	 1.591260e-05
 0.000000 	 0.900000 	 9.447232e-06
 0.000000 	 0.950000 	 5.695246e-06
 0.000000 	 1.000000 	 3.485279e-06
 0.050000 	 -1.000000 	 3.381271e-06
 0.050000 	 -0.950000 	 5.516983e-06
 0.050000 	 -0.900000 	 9.141365e-06
 0.050000 	 -0.850000 	 1.536942e-05
 0.050000 	 -0.800000 	 2.623804e-05
 0.050000 	 -0.750000 	 4.547488e-05
 0.050000 	 -0.700000 	 7.994350e-05
 0.050000 	 -0.650000 	 1.424381e-04
 0.050000 	 -0.600000 	 2.566582e-04
 0.050000 	 -0.550000 	 4.662709e-04
 0.050000 	 -0.500000 	 8.500545e-04
 0.050000 	 -0.450000 	 1.544008e-03
 0.050000 	 -0.400000 	 2.762303e-03
 0.050000 	 -0.350000 	 4.786008e-03
 0.050000 	 -0.300000 	 7.810784e-03
 0.050000 	 -0.250000 	 1.141439e-02
 0.050000 	 -0.200000 	 1.338301e-02
 0.050000 	 -0.150000 	 8.338949e-03
 0.050000 	 -0.100000 	 -1.087529e-02
 0.050000 	 -0.050000 	 -4.274329e-02
 0.050000 	 0.000000 	 -6.168984e-02
 0.050000 	 0.050000 	 -4.274203e-02
 0.050000 	 0.100000 	 -1.087194e-02
 0.050000 	 0.150000 	 8.335691e-03
 0.050000 	 0.200000 	 1.338847e-02
 0.050000 	 0.250000 	 1.141802e-02
 0.050000 	 0.300000 	 7.812856e-03
 0.050000 	 0.350000 	 4.787451e-03
 0.050000 	 0.400000 	 2.762715e-03
 0.050000 	 0.450000 	 1.543721e-03
 0.050000 	 0.500000 	 8.501949e-04
 0.050000 	 0.550000 	 4.662656e-04
 0.050000 	 0.600000 	 2.565798e-04
 0.050000 	 0.650000 	 1.424336e-04
 0.050000 	 0.700000 	 7.995945e-05
 0.050000 	 0.750000 	 4.548172e-05
 0.050000 	 0.800000 	 2.623839e-05
 0.050000 	 0.850000 	 1.537132e-05
 0.050000 	 0.900000 	 9.140096e-06
 0.050000 	 0.950000 	 5.518118e-06
 0.050000 	 1.000000 	 3.380923e-06
 0.100000 	 -1.000000 	 3.200318e-06
 0.100000 	 -0.950000 	 5.205514e-06
 0.100000 	 -0.900000 	 8.589901e-06
 0.100000 	 -0.850000 	 1.438163e-05
 0.100000 	 -0.800000 	 2.444105e-05
 0.100000 	 -0.750000 	 4.212865e-05
 0.100000 	 -0.700000 	 7.361032e-05
 0.100000 	 -0.650000 	 1.303087e-04
 0.100000 	 -0.600000 	 2.330851e-04
 0.100000 	 -0.550000 	 4.198593e-04
 0.100000 	 -0.500000 	 7.589015e-04
 0.100000 	 -0.450000 	 1.364986e-03
 0.100000 	 -0.400000 	 2.420804e-03
 0.100000 	 -0.350000 	 4.161778e-03
 0.100000 	 -0.300000 	 6.776487e-03
 0.100000 	 -0.250000 	 1.005338e-02
 0.100000 	 -0.200000 	 1.263962e-02
 0.100000 	 -0.150000 	 1.142488e-02
 0.100000 	 -0.100000 	 2.839835e-03
 0.100000 	 -0.050000 	 -1.130426e-02
 0.100000 	 0.000000 	 -1.904351e-02
 0.100000 	 0.050000 	 -1.128902e-02
 0.100000 	 0.100000 	 2.834016e-03
 0.100000 	 0.150000 	 1.142307e-02
 0.100000 	 0.200000 	 1.263376e-02
 0.100000 	 0.250000 	 1.005019e-02
 0.100000 	 0.300000 	 6.777564e-03
 0.100000 	 0.350000 	 4.161458e-03
 0.100000 	 0.400000 	 2.420875e-03
 0.100000 	 0.450000 	 1.364934e-03
 0.100000 	 0.500000 	 7.586572e-04
 0.100000 	 0.550000 	 4.200373e-04
 0.100000 	 0.600000 	 2.330636e-04
 0.100000 	 0.650000 	 1.302945e-04
 0.100000 	 0.700000 	 7.362590e-05
 0.100000 	 0.750000 	 4.212925e-05
 0.100000 	 0.800000 	 2.443443e-05
 0.100000 	 0.850000 	 1.438300e-05
 0.100000 	 0.900000 	 8.588386e-06
 0.100000 	 0.950000 	 5.204942e-06
 0.100000 	 1.000000 	 3.200628e-06
 0.150000 	 -1.000000 	 2.957331e-06
 0.150000 	 -0.950000 	 4.783980e-06
 0.150000 	 -0.900000 	 7.845101e-06
 0.150000 	 -0.850000 	 1.304663e-05
 0.150000 	 -0.800000 	 2.201132e-05
 0.150000 	 -0.750000 	 3.761862e-05
 0.150000 	 -0.700000 	 6.514875e-05
 0.150000 	 -0.650000 	 1.140664e-04
 0.150000 	 -0.600000 	 2.016035e-04
 0.150000 	 -0.550000 	 3.586341e-04
 0.150000 	 -0.500000 	 6.389394e-04
 0.150000 	 -0.450000 	 1.132734e-03
 0.150000 	 -0.400000 	 1.978603e-03
 0.150000 	 -0.350000 	 3.359428e-03
 0.150000 	 -0.300000 	 5.437106e-03
 0.150000 	 -0.250000 	 8.158542e-03
 0.150000 	 -0.200000 	 1.090098e-02
 0.150000 	 -0.150000 	 1.223135e-02
 0.150000 	 -0.100000 	 1.066208e-02
 0.150000 	 -0.050000 	 6.879100e-03
 0.150000 	 0.000000 	 4.750940e-03
 0.150000 	 0.050000 	 6.888954e-03
 0.150000 	 0.100000 	 1.066209e-02
 0.150000 	 0.150000 	 1.222416e-02
 0.150000 	 0.200000 	 1.089640e-02
 0.150000 	 0.250000 	 8.157909e-03
 0.150000 	 0.300000 	 5.438283e-03
 0.150000 	 0.350000 	 3.359235e-03
 0.150000 	 0.400000 	 1.978526e-03
 0.150000 	 0.450000 	 1.132667e-03
 0.150000 	 0.500000 	 6.389705e-04
 0.150000 	 0.550000 	 3.586570e-04
 0.150000 	 0.600000 	 2.016480e-04
 0.150000 	 0.650000 	 1.140996e-04
 0.150000 	 0.700000 	 6.513828e-05
 0.150000 	 0.750000 	 3.761957e-05
 0.150000 	 0.800000 	 2.200900e-05
 0.150000 	 0.850000 	 1.304947e-05
 0.150000 	 0.900000 	 7.845906e-06
 0.150000 	 0.950000 	 4.783018e-06
 0.150000 	 1.000000 	 2.956887e-06
 0.200000 	 -1.000000 	 2.669513e-06
 0.200000 	 -0.950000 	 4.287040e-06
 0.200000 	 -0.900000 	 6.975184e-06
 0.200000 	 -0.850000 	 1.150016e-05
 0.200000 	 -0.800000 	 1.920050e-05
 0.200000 	 -0.750000 	 3.245331e-05
 0.200000 	 -0.700000 	 5.549786e-05
 0.200000 	 -0.650000 	 9.585072e-05
 0.200000 	 -0.600000 	 1.668186e-04
 0.200000 	 -0.550000 	 2.916611e-04
 0.200000 	 -0.500000 	 5.100788e-04
 0.200000 	 -0.450000 	 8.870318e-04
 0.200000 	 -0.400000 	 1.518687e-03
 0.200000 	 -0.350000 	 2.532829e-03
 0.200000 	 -0.300000 	 4.050071e-03
 0.200000 	 -0.250000 	 6.088897e-03
 0.200000 	 -0.200000 	 8.404550e-03
 0.200000 	 -0.150000 	 1.040710e-02
 0.200000 	 -0.100000 	 1.143840e-02
 0.200000 	 -0.050000 	 1.146801e-02
 0.200000 	 0.000000 	 1.128522e-02
 0.200000 	 0.050000 	 1.146677e-02
 0.200000 	 0.100000 	 1.144103e-02
 0.200000 	 0.150000 	 1.040639e-02
 0.200000 	 0.200000 	 8.406460e-03
 0.200000 	 0.250000 	 6.088389e-03
 0.200000 	 0.300000 	 4.051024e-03
 0.200000 	 0.350000 	 2.532476e-03
 0.200000 	 0.400000 	 1.518696e-03
 0.200000 	 0.450000 	 8.868087e-04
 0.200000 	 0.500000 	 5.102471e-04
 0.200000 	 0.550000 	 2.917082e-04
 0.200000 	 0.600000 	 1.667921e-04
 0.200000 	 0.650000 	 9.584871e-05
 0.200000 	 0.700000 	 5.549600e-05
 0.200000 	 0.750000 	 3.245485e-05
 0.200000 	 0.800000 	 1.919887e-05
 0.200000 	 0.850000 	 1.150030e-05
 0.200000 	 0.900000 	 6.975801e-06
 0.200000 	 0.950000 	 4.287152e-06
 0.200000 	 1.000000 	 2.668958e-06
 0.250000 	 -1.000000 	 2.357121e-06
 0.250000 	 -0.950000 	 3.752485e-06
 0.250000 	 -0.900000 	 6.044965e-06
 0.250000 	 -0.850000 	 9.856060e-06
 0.250000 	 -0.800000 	 1.625862e-05
 0.250000 	 -0.750000 	 2.710445e-05
 0.250000 	 -0.700000 	 4.565909e-05
 0.250000 	 -0.650000 	 7.752862e-05
 0.250000 	 -0.600000 	 1.324538e-04
 0.250000 	 -0.550000 	 2.270010e-04
 0.250000 	 -0.500000 	 3.883714e-04
 0.250000 	 -0.450000 	 6.593752e-04
 0.250000 	 -0.400000 	 1.102827e-03
 0.250000 	 -0.350000 	 1.797970e-03
 0.250000 	 -0.300000 	 2.823325e-03
 0.250000 	 -0.250000 	 4.205825e-03
 0.250000 	 -0.200000 	 5.852996e-03
 0.250000 	 -0.150000 	 7.517207e-03
 0.250000 	 -0.100000 	 8.854585e-03
 0.250000 	 -0.050000 	 9.652428e-03
 0.250000 	 0.000000 	 9.896309e-03
 0.250000 	 0.050000 	 9.644842e-03
 0.250000 	 0.100000 	 8.852188e-03
 0.250000 	 0.150000 	 7.517268e-03
 0.250000 	 0.200000 	 5.854659e-03
 0.250000 	 0.250000 	 4.205094e-03
 0.250000 	 0.300000 	 2.823320e-03
 0.250000 	 0.350000 	 1.798263e-03
 0.250000 	 0.400000 	 1.102545e-03
 0.250000 	 0.450000 	 6.593626e-04
 0.250000 	 0.500000 	 3.883244e-04
 0.250000 	 0.550000 	 2.269671e-04
 0.250000 	 0.600000 	 1.324564e-04
 0.250000 	 0.650000 	 7.753254e-05
 0.250000 	 0.700000 	 4.565952e-05
 0.250000 	 0.750000 	 2.711019e-05
 0.250000 	 0.800000 	 1.625851e-05
 0.250000 	 0.850000 	 9.856133e-06
 0.250000 	 0.900000 	 6.044595e-06
 0.250000 	 0.950000 	 3.752153e-06
 0.250000 	 1.000000 	 2.357238e-06
 0.300000 	 -1.000000 	 2.039022e-06
 0.300000 	 -0.950000 	 3.212316e-06
 0.300000 	 -0.900000 	 5.115370e-06
 0.300000 	 -0.850000 	 8.233468e-06
 0.300000 	 -0.800000 	 1.339196e-05
 0.300000 	 -0.750000 	 2.198413e-05
 0.300000 	 -0.700000 	 3.639233e-05
 0.300000 	 -0.650000 	 6.064134e-05
 0.300000 	 -0.600000 	 1.014684e-04
 0.300000 	 -0.550000 	 1.698399e-04
 0.300000 	 -0.500000 	 2.835393e-04
 0.300000 	 -0.450000 	 4.690175e-04
 0.300000 	 -0.400000 	 7.637411e-04
 0.300000 	 -0.350000 	 1.213667e-03
 0.300000 	 -0.300000 	 1.861195e-03
 0.300000 	 -0.250000 	 2.725860e-03
 0.300000 	 -0.200000 	 3.765245e-03
 0.300000 	 -0.150000 	 4.860193e-03
 0.300000 	 -0.100000 	 5.822931e-03
 0.300000 	 -0.050000 	 6.475879e-03
 0.300000 	 0.000000 	 6.706975e-03
 0.300000 	 0.050000 	 6.479472e-03
 0.300000 	 0.100000 	 5.822930e-03
 0.300000 	 0.150000 	 4.858697e-03
 0.300000 	 0.200000 	 3.765931e-03
 0.300000 	 0.250000 	 2.725750e-03
 0.300000 	 0.300000 	 1.861002e-03
 0.300000 	 0.350000 	 1.213501e-03
 0.300000 	 0.400000 	 7.637211e-04
 0.300000 	 0.450000 	 4.691434e-04
 0.300000 	 0.500000 	 2.835462e-04
 0.300000 	 0.550000 	 1.698681e-04
 0.300000 	 0.600000 	 1.014578e-04
 0.300000 	 0.650000 	 6.063017e-05
 0.300000 	 0.700000 	 3.639301e-05
 0.300000 	 0.750000 	 2.198570e-05
 0.300000 	 0.800000 	 1.339289e-05
 0.300000 	 0.850000 	 8.233983e-06
 0.300000 	 0.900000 	 5.115874e-06
 0.300000 	 0.950000 	 3.211444e-06
 0.300000 	 1.000000 	 2.038468e-06
 0.350000 	 -1.000000 	 1.729684e-06
 0.350000 	 -0.950000 	 2.693477e-06
 0.350000 	 -0.900000 	 4.235495e-06
 0.350000 	 -0.850000 	 6.721593e-06
 0.350000 	 -0.800000 	 1.076277e-05
 0.350000 	 -0.750000 	 1.736630e-05
 0.350000 	 -0.700000 	 2.820840e-05
 0.350000 	 -0.650000 	 4.603587e-05
 0.350000 	 -0.600000 	 7.528819e-05
 0.350000 	 -0.550000 	 1.230329e-04
 0.350000 	 -0.500000 	 2.000107e-04
 0.350000 	 -0.450000 	 3.217189e-04
 0.350000 	 -0.400000 	 5.092282e-04
 0.350000 	 -0.350000 	 7.863762e-04
 0.350000 	 -0.300000 	 1.174877e-03
 0.350000 	 -0.250000 	 1.682059e-03
 0.350000 	 -0.200000 	 2.285248e-03
 0.350000 	 -0.150000 	 2.921887e-03
 0.350000 	 -0.100000 	 3.492248e-03
 0.350000 	 -0.050000 	 3.893858e-03
 0.350000 	 0.000000 	 4.036686e-03
 0.350000 	 0.050000 	 3.893081e-03
 0.350000 	 0.100000 	 3.495086e-03
 0.350000 	 0.150000 	 2.921841e-03
 0.350000 	 0.200000 	 2.285817e-03
 0.350000 	 0.250000 	 1.681721e-03
 0.350000 	 0.300000 	 1.174594e-03
 0.350000 	 0.350000 	 7.864158e-04
 0.350000 	 0.400000 	 5.091562e-04
 0.350000 	 0.450000 	 3.217645e-04
 0.350000 	 0.500000 	 1.999766e-04
 0.350000 	 0.550000 	 1.230008e-04
 0.350000 	 0.600000 	 7.526169e-05
 0.350000 	 0.650000 	 4.603229e-05
 0.350000 	 0.700000 	 2.821017e-05
 0.350000 	 0.750000 	 1.736683e-05
 0.350000 	 0.800000 	 1.076473e-05
 0.350000 	 0.850000 	 6.721510e-06
 0.350000 	 0.900000 	 4.235630e-06
 0.350000 	 0.950000 	 2.693517e-06
 0.350000 	 1.000000 	 1.729661e-06
 0.400000 	 -1.000000 	 1.441616e-06
 0.400000 	 -0.950000 	 2.216491e-06
 0.400000 	 -0.900000 	 3.437561e-06
 0.400000 	 -0.850000 	 5.373285e-06
 0.400000 	 -0.800000 	 8.460381e-06
 0.400000 	 -0.750000 	 1.340734e-05
 0.400000 	 -0.700000 	 2.133658e-05
 0.400000 	 -0.650000 	 3.406582e-05
 0.400000 	 -0.600000 	 5.440315e-05
 0.400000 	 -0.550000 	 8.666008e-05
 0.400000 	 -0.500000 	 1.371076e-04
 0.400000 	 -0.450000 	 2.143480e-04
 0.400000 	 -0.400000 	 3.294322e-04
 0.400000 	 -0.350000 	 4.941665e-04
 0.400000 	 -0.300000 	 7.181526e-04
 0.400000 	 -0.250000 	 1.002713e-03
 0.400000 	 -0.200000 	 1.334514e-03
 0.400000 	 -0.150000 	 1.679447e-03
 0.400000 	 -0.100000 	 1.988545e-03
 0.400000 	 -0.050000 	 2.203855e-03
 0.400000 	 0.000000 	 2.280923e-03
 0.400000 	 0.050000 	 2.203472e-03
 0.400000 	 0.100000 	 1.988123e-03
 0.400000 	 0.150000 	 1.679606e-03
 0.400000 	 0.200000 	 1.334169e-03
 0.400000 	 0.250000 	 1.002623e-03
 0.400000 	 0.300000 	 7.180217e-04
 0.400000 	 0.350000 	 4.942002e-04
 0.400000 	 0.400000 	 3.294618e-04
 0.400000 	 0.450000 	 2.143500e-04
 0.400000 	 0.500000 	 1.370994e-04
 0.400000 	 0.550000 	 8.665082e-05
 0.400000 	 0.600000 	 5.439930e-05
 0.400000 	 0.650000 	 3.406773e-05
 0.400000 	 0.700000 	 2.133242e-05
 0.400000 	 0.750000 	 1.340377e-05
 0.400000 	 0.800000 	 8.460089e-06
 0.400000 	 0.850000 	 5.374518e-06
 0.400000 	 0.900000 	 3.437423e-06
 0.400000 	 0.950000 	 2.216535e-06
 0.400000 	 1.000000 	 1.441686e-06
 0.450000 	 -1.000000 	 1.182376e-06
 0.450000 	 -0.950000 	 1.793962e-06
 0.450000 	 -0.900000 	 2.741147e-06
 0.450000 	 -0.850000 	 4.216449e-06
 0.450000 	 -0.800000 	 6.522105e-06
 0.450000 	 -0.750000 	 1.013945e-05
 0.450000 	 -0.700000 	 1.580692e-05
 0.450000 	 -0.650000 	 2.467549e-05
 0.450000 	 -0.600000 	 3.845808e-05
 0.450000 	 -0.550000 	 5.969285e-05
 0.450000 	 -0.500000 	 9.189910e-05
 0.450000 	 -0.450000 	 1.396496e-04
 0.450000 	 -0.400000 	 2.084874e-04
 0.450000 	 -0.350000 	 3.038454e-04
 0.450000 	 -0.300000 	 4.294219e-04
 0.450000 	 -0.250000 	 5.844758e-04
 0.450000 	 -0.200000 	 7.606725e-04
 0.450000 	 -0.150000 	 9.406287e-04
 0.450000 	 -0.100000 	 1.099323e-03
 0.450000 	 -0.050000 	 1.209289e-03
 0.450000 	 0.000000 	 1.248558e-03
 0.450000 	 0.050000 	 1.208989e-03
 0.450000 	 0.100000 	 1.099243e-03
 0.450000 	 0.150000 	 9.406111e-04
 0.450000 	 0.200000 	 7.606578e-04
 0.450000 	 0.250000 	 5.844507e-04
 0.450000 	 0.300000 	 4.294090e-04
 0.450000 	 0.350000 	 3.038404e-04
 0.450000 	 0.400000 	 2.085011e-04
 0.450000 	 0.450000 	 1.396499e-04
 0.450000 	 0.500000 	 9.189420e-05
 0.450000 	 0.550000 	 5.967379e-05
 0.450000 	 0.600000 	 3.846839e-05
 0.450000 	 0.650000 	 2.467556e-05
 0.450000 	 0.700000 	 1.580542e-05
 0.450000 	 0.750000 	 1.013975e-05
 0.450000 	 0.800000 	 6.523319e-06
 0.450000 	 0.850000 	 4.216336e-06
 0.450000 	 0.900000 	 2.741025e-06
 0.450000 	 0.950000 	 1.793719e-06
 0.450000 	 1.000000 	 1.182244e-06
 0.500000 	 -1.000000 	 9.557637e-07
 0.500000 	 -0.950000 	 1.429695e-06
 0.500000 	 -0.900000 	 2.151842e-06
 0.500000 	 -0.850000 	 3.255167e-06
 0.500000 	 -0.800000 	 4.946688e-06
 0.500000 	 -0.750000 	 7.542246e-06
 0.500000 	 -0.700000 	 1.151297e-05
 0.500000 	 -0.650000 	 1.756390e-05
 0.500000 	 -0.600000 	 2.672681e-05
 0.500000 	 -0.550000 	 4.042321e-05
 0.500000 	 -0.500000 	 6.056927e-05
 0.500000 	 -0.450000 	 8.950845e-05
 0.500000 	 -0.400000 	 1.298929e-04
 0.500000 	 -0.350000 	 1.841098e-04
 0.500000 	 -0.300000 	 2.532656e-04
 0.500000 	 -0.250000 	 3.362272e-04
 0.500000 	 -0.200000 	 4.281490e-04
 0.500000 	 -0.150000 	 5.201926e-04
 0.500000 	 -0.100000 	 6.000202e-04
 0.500000 	 -0.050000 	 6.546435e-04
 0.500000 	 0.000000 	 6.740783e-04
 0.500000 	 0.050000 	 6.545793e-04
 0.500000 	 0.100000 	 5.999982e-04
 0.500000 	 0.150000 	 5.201783e-04
 0.500000 	 0.200000 	 4.281968e-04
 0.500000 	 0.250000 	 3.362565e-04
 0.500000 	 0.300000 	 2.532440e-04
 0.500000 	 0.350000 	 1.841185e-04
 0.500000 	 0.400000 	 1.299074e-04
 0.500000 	 0.450000 	 8.952830e-05
 0.500000 	 0.500000 	 6.055954e-05
 0.500000 	 0.550000 	 4.042074e-05
 0.500000 	 0.600000 	 2.672786e-05
 0.500000 	 0.650000 	 1.756258e-05
 0.500000 	 0.700000 	 1.151240e-05
 0.500000 	 0.750000 	 7.541099e-06
 0.500000 	 0.800000 	 4.946937e-06
 0.500000 	 0.850000 	 3.255675e-06
 0.500000 	 0.900000 	 2.152103e-06
 0.500000 	 0.950000 	 1.429866e-06
 0.500000 	 1.000000 	 9.558291e-07
 0.550000 	 -1.000000 	 7.629776e-07
 0.550000 	 -0.950000 	 1.124845e-06
 0.550000 	 -0.900000 	 1.666604e-06
 0.550000 	 -0.850000 	 2.479888e-06
 0.550000 	 -0.800000 	 3.699733e-06
 0.550000 	 -0.750000 	 5.529033e-06
 0.550000 	 -0.700000 	 8.264138e-06
 0.550000 	 -0.650000 	 1.232762e-05
 0.550000 	 -0.600000 	 1.831975e-05
 0.550000 	 -0.550000 	 2.702072e-05
 0.550000 	 -0.500000 	 3.944017e-05
 0.550000 	 -0.450000 	 5.674439e-05
 0.550000 	 -0.400000 	 8.017323e-05
 0.550000 	 -0.350000 	 1.106165e-04
 0.550000 	 -0.300000 	 1.483825e-04
 0.550000 	 -0.250000 	 1.923916e-04
 0.550000 	 -0.200000 	 2.400134e-04
 0.550000 	 -0.150000 	 2.866618e-04
 0.550000 	 -0.100000 	 3.264193e-04
 0.550000 	 -0.050000 	 3.534347e-04
 0.550000 	 0.000000 	 3.629090e-04
 0.550000 	 0.050000 	 3.534285e-04
 0.550000 	 0.100000 	 3.263802e-04
 0.550000 	 0.150000 	 2.866588e-04
 0.550000 	 0.200000 	 2.399830e-04
 0.550000 	 0.250000 	 1.924150e-04
 0.550000 	 0.300000 	 1.483505e-04
 0.550000 	 0.350000 	 1.106235e-04
 0.550000 	 0.400000 	 8.016612e-05
 0.550000 	 0.450000 	 5.676654e-05
 0.550000 	 0.500000 	 3.943715e-05
 0.550000 	 0.550000 	 2.701971e-05
 0.550000 	 0.600000 	 1.831642e-05
 0.550000 	 0.650000 	 1.232793e-05
 0.550000 	 0.700000 	 8.263621e-06
 0.550000 	 0.750000 	 5.528294e-06
 0.550000 	 0.800000 	 3.699337e-06
 0.550000 	 0.850000 	 2.479314e-06
 0.550000 	 0.900000 	 1.666739e-06
 0.550000 	 0.950000 	 1.124628e-06
 0.550000 	 1.000000 	 7.628901e-07
 0.600000 	 -1.000000 	 6.021189e-07
 0.600000 	 -0.950000 	 8.746617e-07
 0.600000 	 -0.900000 	 1.276161e-06
 0.600000 	 -0.850000 	 1.866546e-06
 0.600000 	 -0.800000 	 2.734008e-06
 0.600000 	 -0.750000 	 4.008196e-06
 0.600000 	 -0.700000 	 5.867229e-06
 0.600000 	 -0.650000 	 8.562938e-06
 0.600000 	 -0.600000 	 1.243174e-05
 0.600000 	 -0.550000 	 1.789434e-05
 0.600000 	 -0.500000 	 2.548008e-05
 0.600000 	 -0.450000 	 3.574693e-05
 0.600000 	 -0.400000 	 4.923504e-05
 0.600000 	 -0.350000 	 6.626890e-05
 0.600000 	 -0.300000 	 8.678922e-05
 0.600000 	 -0.250000 	 1.101439e-04
 0.600000 	 -0.200000 	 1.347525e-04
 0.600000 	 -0.150000 	 1.584281e-04
 0.600000 	 -0.100000 	 1.783639e-04
 0.600000 	 -0.050000 	 1.916646e-04
 0.600000 	 0.000000 	 1.963737e-04
 0.600000 	 0.050000 	 1.916522e-04
 0.600000 	 0.100000 	 1.783359e-04
 0.600000 	 0.150000 	 1.584267e-04
 0.600000 	 0.200000 	 1.347832e-04
 0.600000 	 0.250000 	 1.101037e-04
 0.600000 	 0.300000 	 8.680901e-05
 0.600000 	 0.350000 	 6.626246e-05
 0.600000 	 0.400000 	 4.923245e-05
 0.600000 	 0.450000 	 3.574770e-05
 0.600000 	 0.500000 	 2.547980e-05
 0.600000 	 0.550000 	 1.789724e-05
 0.600000 	 0.600000 	 1.242973e-05
 0.600000 	 0.650000 	 8.562941e-06
 0.600000 	 0.700000 	 5.866349e-06
 0.600000 	 0.750000 	 4.008104e-06
 0.600000 	 0.800000 	 2.734484e-06
 0.600000 	 0.850000 	 1.866097e-06
 0.600000 	 0.900000 	 1.275934e-06
 0.600000 	 0.950000 	 8.750997e-07
 0.600000 	 1.000000 	 6.019247e-07
 0.650000 	 -1.000000 	 4.705651e-07
 0.650000 	 -0.950000 	 6.738019e-07
 0.650000 	 -0.900000 	 9.673970e-07
 0.650000 	 -0.850000 	 1.391285e-06
 0.650000 	 -0.800000 	 2.001853e-06
 0.650000 	 -0.750000 	 2.879886e-06
 0.650000 	 -0.700000 	 4.131134e-06
 0.650000 	 -0.650000 	 5.901319e-06
 0.650000 	 -0.600000 	 8.377652e-06
 0.650000 	 -0.550000 	 1.178830e-05
 0.650000 	 -0.500000 	 1.639332e-05
 0.650000 	 -0.450000 	 2.245947e-05
 0.650000 	 -0.400000 	 3.019414e-05
 0.650000 	 -0.350000 	 3.972733e-05
 0.650000 	 -0.300000 	 5.090164e-05
 0.650000 	 -0.250000 	 6.330222e-05
 0.650000 	 -0.200000 	 7.614158e-05
 0.650000 	 -0.150000 	 8.824737e-05
 0.650000 	 -0.100000 	 9.825092e-05
 0.650000 	 -0.050000 	 1.049349e-04
 0.650000 	 0.000000 	 1.072373e-04
 0.650000 	 0.050000 	 1.049155e-04
 0.650000 	 0.100000 	 9.825629e-05
 0.650000 	 0.150000 	 8.823635e-05
 0.650000 	 0.200000 	 7.613470e-05
 0.650000 	 0.250000 	 6.330574e-05
 0.650000 	 0.300000 	 5.089535e-05
 0.650000 	 0.350000 	 3.972381e-05
 0.650000 	 0.400000 	 3.020084e-05
 0.650000 	 0.450000 	 2.245236e-05
 0.650000 	 0.500000 	 1.639182e-05
 0.650000 	 0.550000 	 1.178645e-05
 0.650000 	 0.600000 	 8.378157e-06
 0.650000 	 0.650000 	 5.902376e-06
 0.650000 	 0.700000 	 4.131071e-06
 0.650000 	 0.750000 	 2.879485e-06
 0.650000 	 0.800000 	 2.002299e-06
 0.650000 	 0.850000 	 1.391204e-06
 0.650000 	 0.900000 	 9.674867e-07
 0.650000 	 0.950000 	 6.738365e-07
 0.650000 	 1.000000 	 4.706003e-07
 0.700000 	 -1.000000 	 3.647779e-07
 0.700000 	 -0.950000 	 5.148494e-07
 0.700000 	 -0.900000 	 7.277413e-07
 0.700000 	 -0.850000 	 1.029282e-06
 0.700000 	 -0.800000 	 1.455618e-06
 0.700000 	 -0.750000 	 2.054254e-06
 0.700000 	 -0.700000 	 2.890167e-06
 0.700000 	 -0.650000 	 4.046542e-06
 0.700000 	 -0.600000 	 5.622810e-06
 0.700000 	 -0.550000 	 7.742827e-06
 0.700000 	 -0.500000 	 1.053062e-05
 0.700000 	 -0.450000 	 1.410620e-05
 0.700000 	 -0.400000 	 1.855585e-05
 0.700000 	 -0.350000 	 2.389760e-05
 0.700000 	 -0.300000 	 3.002593e-05
 0.700000 	 -0.250000 	 3.666666e-05
 0.700000 	 -0.200000 	 4.341127e-05
 0.700000 	 -0.150000 	 4.966102e-05
 0.700000 	 -0.100000 	 5.478973e-05
 0.700000 	 -0.050000 	 5.814208e-05
 0.700000 	 0.000000 	 5.931657e-05
 0.700000 	 0.050000 	 5.815274e-05
 0.700000 	 0.100000 	 5.478010e-05
 0.700000 	 0.150000 	 4.966734e-05
 0.700000 	 0.200000 	 4.340317e-05
 0.700000 	 0.250000 	 3.667440e-05
 0.700000 	 0.300000 	 3.001902e-05
 0.700000 	 0.350000 	 2.389583e-05
 0.700000 	 0.400000 	 1.855727e-05
 0.700000 	 0.450000 	 1.410705e-05
 0.700000 	 0.500000 	 1.052877e-05
 0.700000 	 0.550000 	 7.741227e-06
 0.700000 	 0.600000 	 5.624239e-06
 0.700000 	 0.650000 	 4.045885e-06
 0.700000 	 0.700000 	 2.890281e-06
 0.700000 	 0.750000 	 2.054563e-06
 0.700000 	 0.800000 	 1.455761e-06
 0.700000 	 0.850000 	 1.029220e-06
 0.700000 	 0.900000 	 7.276670e-07
 0.700000 	 0.950000 	 5.147154e-07
 0.700000 	 1.000000 	 3.647273e-07
 0.750000 	 -1.000000 	 2.807935e-07
 0.750000 	 -0.950000 	 3.905925e-07
 0.750000 	 -0.900000 	 5.437885e-07
 0.750000 	 -0.850000 	 7.568612e-07
 0.750000 	 -0.800000 	 1.052252e-06
 0.750000 	 -0.750000 	 1.458889e-06
 0.750000 	 -0.700000 	 2.014395e-06
 0.750000 	 -0.650000 	 2.765380e-06
 0.750000 	 -0.600000 	 3.767311e-06
 0.750000 	 -0.550000 	 5.080982e-06
 0.750000 	 -0.500000 	 6.769078e-06
 0.750000 	 -0.450000 	 8.884667e-06
 0.750000 	 -0.400000 	 1.145542e-05
 0.750000 	 -0.350000 	 1.446333e-05
 0.750000 	 -0.300000 	 1.784388e-05
 0.750000 	 -0.250000 	 2.144541e-05
 0.750000 	 -0.200000 	 2.503111e-05
 0.750000 	 -0.150000 	 2.829987e-05
 0.750000 	 -0.100000 	 3.094739e-05
 0.750000 	 -0.050000 	 3.267236e-05
 0.750000 	 0.000000 	 3.327665e-05
 0.750000 	 0.050000 	 3.267177e-05
 0.750000 	 0.100000 	 3.094922e-05
 0.750000 	 0.150000 	 2.830276e-05
 0.750000 	 0.200000 	 2.502447e-05
 0.750000 	 0.250000 	 2.144195e-05
 0.750000 	 0.300000 	 1.784568e-05
 0.750000 	 0.350000 	 1.446705e-05
 0.750000 	 0.400000 	 1.145452e-05
 0.750000 	 0.450000 	 8.884296e-06
 0.750000 	 0.500000 	 6.769011e-06
 0.750000 	 0.550000 	 5.081289e-06
 0.750000 	 0.600000 	 3.767174e-06
 0.750000 	 0.650000 	 2.765618e-06
 0.750000 	 0.700000 	 2.014829e-06
 0.750000 	 0.750000 	 1.458993e-06
 0.750000 	 0.800000 	 1.052137e-06
 0.750000 	 0.850000 	 7.568515e-07
 0.750000 	 0.900000 	 5.437439e-07
 0.750000 	 0.950000 	 3.906593e-07
 0.750000 	 1.000000 	 2.807656e-07
 0.800000 	 -1.000000 	 2.149938e-07
 0.800000 	 -0.950000 	 2.948304e-07
 0.800000 	 -0.900000 	 4.043440e-07
 0.800000 	 -0.850000 	 5.541116e-07
 0.800000 	 -0.800000 	 7.579226e-07
 0.800000 	 -0.750000 	 1.032783e-06
 0.800000 	 -0.700000 	 1.400615e-06
 0.800000 	 -0.650000 	 1.887868e-06
 0.800000 	 -0.600000 	 2.524169e-06
 0.800000 	 -0.550000 	 3.338726e-06
 0.800000 	 -0.500000 	 4.363101e-06
 0.800000 	 -0.450000 	 5.618745e-06
 0.800000 	 -0.400000 	 7.111758e-06
 0.800000 	 -0.350000 	 8.824116e-06
 0.800000 	 -0.300000 	 1.070923e-05
 0.800000 	 -0.250000 	 1.267788e-05
 0.800000 	 -0.200000 	 1.460832e-05
 0.800000 	 -0.150000 	 1.635172e-05
 0.800000 	 -0.100000 	 1.773841e-05
 0.800000 	 -0.050000 	 1.864191e-05
 0.800000 	 0.000000 	 1.895621e-05
 0.800000 	 0.050000 	 1.864317e-05
 0.800000 	 0.100000 	 1.774173e-05
 0.800000 	 0.150000 	 1.635156e-05
 0.800000 	 0.200000 	 1.460955e-05
 0.800000 	 0.250000 	 1.268017e-05
 0.800000 	 0.300000 	 1.070985e-05
 0.800000 	 0.350000 	 8.824963e-06
 0.800000 	 0.400000 	 7.110758e-06
 0.800000 	 0.450000 	 5.619290e-06
 0.800000 	 0.500000 	 4.363474e-06
 0.800000 	 0.550000 	 3.339242e-06
 0.800000 	 0.600000 	 2.523949e-06
 0.800000 	 0.650000 	 1.887845e-06
 0.800000 	 0.700000 	 1.400553e-06
 0.800000 	 0.750000 	 1.032627e-06
 0.800000 	 0.800000 	 7.577937e-07
 0.800000 	 0.850000 	 5.541550e-07
 0.800000 	 0.900000 	 4.044046e-07
 0.800000 	 0.950000 	 2.949020e-07
 0.800000 	 1.000000 	 2.149749e-07
 0.850000 	 -1.000000 	 1.638042e-07
 0.850000 	 -0.950000 	 2.216325e-07
 0.850000 	 -0.900000 	 2.995836e-07
 0.850000 	 -0.850000 	 4.043559e-07
 0.850000 	 -0.800000 	 5.442981e-07
 0.850000 	 -0.750000 	 7.298802e-07
 0.850000 	 -0.700000 	 9.731994e-07
 0.850000 	 -0.650000 	 1.289359e-06
 0.850000 	 -0.600000 	 1.692958e-06
 0.850000 	 -0.550000 	 2.200165e-06
 0.850000 	 -0.500000 	 2.825290e-06
 0.850000 	 -0.450000 	 3.574392e-06
 0.850000 	 -0.400000 	 4.447889e-06
 0.850000 	 -0.350000 	 5.431171e-06
 0.850000 	 -0.300000 	 6.493509e-06
 0.850000 	 -0.250000 	 7.587071e-06
 0.850000 	 -0.200000 	 8.641160e-06
 0.850000 	 -0.150000 	 9.580925e-06
 0.850000 	 -0.100000 	 1.032577e-05
 0.850000 	 -0.050000 	 1.080715e-05
 0.850000 	 0.000000 	 1.097094e-05
 0.850000 	 0.050000 	 1.080719e-05
 0.850000 	 0.100000 	 1.032710e-05
 0.850000 	 0.150000 	 9.581301e-06
 0.850000 	 0.200000 	 8.641166e-06
 0.850000 	 0.250000 	 7.586719e-06
 0.850000 	 0.300000 	 6.494047e-06
 0.850000 	 0.350000 	 5.430645e-06
 0.850000 	 0.400000 	 4.447802e-06
 0.850000 	 0.450000 	 3.573499e-06
 0.850000 	 0.500000 	 2.824488e-06
 0.850000 	 0.550000 	 2.200713e-06
 0.850000 	 0.600000 	 1.693252e-06
 0.850000 	 0.650000 	 1.289081e-06
 0.850000 	 0.700000 	 9.734970e-07
 0.850000 	 0.750000 	 7.300461e-07
 0.850000 	 0.800000 	 5.443241e-07
 0.850000 	 0.850000 	 4.043713e-07
 0.850000 	 0.900000 	 2.995993e-07
 0.850000 	 0.950000 	 2.216625e-07
 0.850000 	 1.000000 	 1.637748e-07
 0.900000 	 -1.000000 	 1.243925e-07
 0.900000 	 -0.950000 	 1.660862e-07
 0.900000 	 -0.900000 	 2.214446e-07
 0.900000 	 -0.850000 	 2.945410e-07
 0.900000 	 -0.800000 	 3.906016e-07
 0.900000 	 -0.750000 	 5.155390e-07
 0.900000 	 -0.700000 	 6.766913e-07
 0.900000 	 -0.650000 	 8.817532e-07
 0.900000 	 -0.600000 	 1.139072e-06
 0.900000 	 -0.550000 	 1.456074e-06
 0.900000 	 -0.500000 	 1.838701e-06
 0.900000 	 -0.450000 	 2.289136e-06
 0.900000 	 -0.400000 	 2.804641e-06
 0.900000 	 -0.350000 	 3.374997e-06
 0.900000 	 -0.300000 	 3.980513e-06
 0.900000 	 -0.250000 	 4.596011e-06
 0.900000 	 -0.200000 	 5.181621e-06
 0.900000 	 -0.150000 	 5.696914e-06
 0.900000 	 -0.100000 	 6.103806e-06
 0.900000 	 -0.050000 	 6.363133e-06
 0.900000 	 0.000000 	 6.452140e-06
 0.900000 	 0.050000 	 6.363088e-06
 0.900000 	 0.100000 	 6.103289e-06
 0.900000 	 0.150000 	 5.697751e-06
 0.900000 	 0.200000 	 5.180998e-06
 0.900000 	 0.250000 	 4.594324e-06
 0.900000 	 0.300000 	 3.981540e-06
 0.900000 	 0.350000 	 3.375520e-06
 0.900000 	 0.400000 	 2.804686e-06
 0.900000 	 0.450000 	 2.289397e-06
 0.900000 	 0.500000 	 1.838412e-06
 0.900000 	 0.550000 	 1.455801e-06
 0.900000 	 0.600000 	 1.138840e-06
 0.900000 	 0.650000 	 8.817449e-07
 0.900000 	 0.700000 	 6.767105e-07
 0.900000 	 0.750000 	 5.156154e-07
 0.900000 	 0.800000 	 3.905810e-07
 0.900000 	 0.850000 	 2.945849e-07
 0.900000 	 0.900000 	 2.215354e-07
 0.900000 	 0.950000 	 1.660975e-07
 0.900000 	 1.000000 	 1.243924e-07
 0.950000 	 -1.000000 	 9.423510e-08
 0.950000 	 -0.950000 	 1.241896e-07
 0.950000 	 -0.900000 	 1.633984e-07
 0.950000 	 -0.850000 	 2.144182e-07
 0.950000 	 -0.800000 	 2.801726e-07
 0.950000 	 -0.750000 	 3.645618e-07
 0.950000 	 -0.700000 	 4.711908e-07
 0.950000 	 -0.650000 	 6.046686e-07
 0.950000 	 -0.600000 	 7.690902e-07
 0.950000 	 -0.550000 	 9.681510e-07
 0.950000 	 -0.500000 	 1.204138e-06
 0.950000 	 -0.450000 	 1.477340e-06
 0.950000 	 -0.400000 	 1.784398e-06
 0.950000 	 -0.350000 	 2.119045e-06
 0.950000 	 -0.300000 	 2.469394e-06
 0.950000 	 -0.250000 	 2.819553e-06
 0.950000 	 -0.200000 	 3.150833e-06
 0.950000 	 -0.150000 	 3.438404e-06
 0.950000 	 -0.100000 	 3.663074e-06
 0.950000 	 -0.050000 	 3.805971e-06
 0.950000 	 0.000000 	 3.855029e-06
 0.950000 	 0.050000 	 3.805130e-06
 0.950000 	 0.100000 	 3.662593e-06
 0.950000 	 0.150000 	 3.437862e-06
 0.950000 	 0.200000 	 3.149728e-06
 0.950000 	 0.250000 	 2.820031e-06
 0.950000 	 0.300000 	 2.469488e-06
 0.950000 	 0.350000 	 2.119148e-06
 0.950000 	 0.400000 	 1.784845e-06
 0.950000 	 0.450000 	 1.477407e-06
 0.950000 	 0.500000 	 1.203949e-06
 0.950000 	 0.550000 	 9.682956e-07
 0.950000 	 0.600000 	 7.690549e-07
 0.950000 	 0.650000 	 6.046744e-07
 0.950000 	 0.700000 	 4.711849e-07
 0.950000 	 0.750000 	 3.644628e-07
 0.950000 	 0.800000 	 2.801761e-07
 0.950000 	 0.850000 	 2.143837e-07
 0.950000 	 0.900000 	 1.634112e-07
 0.950000 	 0.950000 	 1.241745e-07
 0.950000 	 1.000000 	 9.423066e-08
 1.000000 	 -1.000000 	 7.126397e-08
 1.000000 	 -0.950000 	 9.275764e-08
 1.000000 	 -0.900000 	 1.205181e-07
 1.000000 	 -0.850000 	 1.560402e-07
 1.000000 	 -0.800000 	 2.011791e-07
 1.000000 	 -0.750000 	 2.580403e-07
 1.000000 	 -0.700000 	 3.289381e-07
 1.000000 	 -0.650000 	 4.160828e-07
 1.000000 	 -0.600000 	 5.218322e-07
 1.000000 	 -0.550000 	 6.473993e-07
 1.000000 	 -0.500000 	 7.940425e-07
 1.000000 	 -0.450000 	 9.610117e-07
 1.000000 	 -0.400000 	 1.146105e-06
 1.000000 	 -0.350000 	 1.344627e-06
 1.000000 	 -0.300000 	 1.549945e-06
 1.000000 	 -0.250000 	 1.752307e-06
 1.000000 	 -0.200000 	 1.941480e-06
 1.000000 	 -0.150000 	 2.105086e-06
 1.000000 	 -0.100000 	 2.231905e-06
 1.000000 	 -0.050000 	 2.312086e-06
 1.000000 	 0.000000 	 2.339302e-06
 1.000000 	 0.050000 	 2.311897e-06
 1.000000 	 0.100000 	 2.231782e-06
 1.000000 	 0.150000 	 2.104981e-06
 1.000000 	 0.200000 	 1.941369e-06
 1.000000 	 0.250000 	 1.752327e-06
 1.000000 	 0.300000 	 1.549924e-06
 1.000000 	 0.350000 	 1.344822e-06
 1.000000 	 0.400000 	 1.146079e-06
 1.000000 	 0.450000 	 9.608821e-07
 1.000000 	 0.500000 	 7.941082e-07
 1.000000 	 0.550000 	 6.473818e-07
 1.000000 	 0.600000 	 5.217719e-07
 1.000000 	 0.650000 	 4.161307e-07
 1.000000 	 0.700000 	 3.288863e-07
 1.000000 	 0.750000 	 2.580240e-07
 1.000000 	 0.800000 	 2.012091e-07
 1.000000 	 0.850000 	 1.560298e-07
 1.000000 	 0.900000 	 1.205046e-07
 1.000000 	 0.950000 	 9.276780e-08
 1.000000 	 1.000000 	 7.125336e-08
