 -1.000000 	 -1.000000 	 5.334629e-08
 -1.000000 	 -0.950000 	 6.951185e-08
 -1.000000 	 -0.900000 	 9.034026e-08
 -1.000000 	 -0.850000 	 1.170778e-07
 -1.000000 	 -0.800000 	 1.509808e-07
 -1.000000 	 -0.750000 	 1.937512e-07
 -1.000000 	 -0.700000 	 2.470477e-07
 -1.000000 	 -0.650000 	 3.124843e-07
 -1.000000 	 -0.600000 	 3.918215e-07
 -1.000000 	 -0.550000 	 4.861596e-07
 -1.000000 	 -0.500000 	 5.962653e-07
 -1.000000 	 -0.450000 	 7.214788e-07
 -1.000000 	 -0.400000 	 8.602727e-07
 -1.000000 	 -0.350000 	 1.009045e-06
 -1.000000 	 -0.300000 	 1.162853e-06
 -1.000000 	 -0.250000 	 1.314869e-06
 -1.000000 	 -0.200000 	 1.456181e-06
 -1.000000 	 -0.150000 	 1.578885e-06
 -1.000000 	 -0.100000 	 1.673721e-06
 -1.000000 	 -0.050000 	 1.733651e-06
 -1.000000 	 0.000000 	 1.754421e-06
 -1.000000 	 0.050000 	 1.733522e-06
 -1.000000 	 0.100000 	 1.673460e-06
 -1.000000 	 0.150000 	 1.578659e-06
 -1.000000 	 0.200000 	 1.456395e-06
 -1.000000 	 0.250000 	 1.314825e-06
 -1.000000 	 0.300000 	 1.162869e-06
 -1.000000 	 0.350000 	 1.009154e-06
 -1.000000 	 0.400000 	 8.604614e-07
 -1.000000 	 0.450000 	 7.215552e-07
 -1.000000 	 0.500000 	 5.962910e-07
 -1.000000 	 0.550000 	 4.862158e-07
 -1.000000 	 0.600000 	 3.918563e-07
 -1.000000 	 0.650000 	 3.124596e-07
 -1.000000 	 0.700000 	 2.470158e-07
 -1.000000 	 0.750000 	 1.937690e-07
 -1.000000 	 0.800000 	 1.510057e-07
 -1.000000 	 0.850000 	 1.170411e-07
 -1.000000 	 0.900000 	 9.035301e-08
 -1.000000 	 0.950000 	 6.952227e-08
 -1.000000 	 1.000000 	 5.334458e-08
 -0.950000 	 -1.000000 	 6.991987e-08
 -0.950000 	 -0.950000 	 9.230834e-08
 -0.950000 	 -0.900000 	 1.216149e-07
 -0.950000 	 -0.850000 	 1.597585e-07
 -0.950000 	 -0.800000 	 2.090376e-07
 -0.950000 	 -0.750000 	 2.721424e-07
 -0.950000 	 -0.700000 	 3.522228e-07
 -0.950000 	 -0.650000 	 4.523630e-07
 -0.950000 	 -0.600000 	 5.757629e-07
 -0.950000 	 -0.550000 	 7.252922e-07
 -0.950000 	 -0.500000 	 9.026287e-07
 -0.950000 	 -0.450000 	 1.107660e-06
 -0.950000 	 -0.400000 	 1.338604e-06
 -0.950000 	 -0.350000 	 1.590542e-06
 -0.950000 	 -0.300000 	 1.854126e-06
 -0.950000 	 -0.250000 	 2.117868e-06
 -0.950000 	 -0.200000 	 2.366456e-06
 -0.950000 	 -0.150000 	 2.583451e-06
 -0.950000 	 -0.100000 	 2.753195e-06
 -0.950000 	 -0.050000 	 2.860681e-06
 -0.950000 	 0.000000 	 2.897300e-06
 -0.950000 	 0.050000 	 2.860112e-06
 -0.950000 	 0.100000 	 2.752612e-06
 -0.950000 	 0.150000 	 2.583584e-06
 -0.950000 	 0.200000 	 2.366325e-06
 -0.950000 	 0.250000 	 2.117235e-06
 -0.950000 	 0.300000 	 1.854435e-06
 -0.950000 	 0.350000 	 1.590381e-06
 -0.950000 	 0.400000 	 1.338783e-06
 -0.950000 	 0.450000 	 1.107827e-06
 -0.950000 	 0.500000 	 9.025288e-07
 -0.950000 	 0.550000 	 7.251953e-07
 -0.950000 	 0.600000 	 5.757692e-07
 -0.950000 	 0.650000 	 4.522880e-07
 -0.950000 	 0.700000 	 3.522538e-07
 -0.950000 	 0.750000 	 2.721675e-07
 -0.950000 	 0.800000 	 2.090284e-07
 -0.950000 	 0.850000 	 1.597392e-07
 -0.950000 	 0.900000 	 1.216030e-07
 -0.950000 	 0.950000 	 9.231460e-08
 -0.950000 	 1.000000 	 6.992685e-08
 -0.900000 	 -1.000000 	 9.138149e-08
 -0.900000 	 -0.950000 	 1.222487e-07
 -0.900000 	 -0.900000 	 1.633483e-07
 -0.900000 	 -0.850000 	 2.177251e-07
 -0.900000 	 -0.800000 	 2.892168e-07
 -0.900000 	 -0.750000 	 3.826014e-07
 -0.900000 	 -0.700000 	 5.029502e-07
 -0.900000 	 -0.650000 	 6.563141e-07
 -0.900000 	 -0.600000 	 8.492893e-07
 -0.900000 	 -0.550000 	 1.087243e-06
 -0.900000 	 -0.500000 	 1.375078e-06
 -0.900000 	 -0.450000 	 1.714189e-06
 -0.900000 	 -0.400000 	 2.102501e-06
 -0.900000 	 -0.350000 	 2.533503e-06
 -0.900000 	 -0.300000 	 2.991367e-06
 -0.900000 	 -0.250000 	 3.455957e-06
 -0.900000 	 -0.200000 	 3.899330e-06
 -0.900000 	 -0.150000 	 4.290697e-06
 -0.900000 	 -0.100000 	 4.598463e-06
 -0.900000 	 -0.050000 	 4.794802e-06
 -0.900000 	 0.000000 	 4.862940e-06
 -0.900000 	 0.050000 	 4.794718e-06
 -0.900000 	 0.100000 	 4.598688e-06
 -0.900000 	 0.150000 	 4.290870e-06
 -0.900000 	 0.200000 	 3.899349e-06
 -0.900000 	 0.250000 	 3.456056e-06
 -0.900000 	 0.300000 	 2.991763e-06
 -0.900000 	 0.350000 	 2.532951e-06
 -0.900000 	 0.400000 	 2.102871e-06
 -0.900000 	 0.450000 	 1.713910e-06
 -0.900000 	 0.500000 	 1.374887e-06
 -0.900000 	 0.550000 	 1.087402e-06
 -0.900000 	 0.600000 	 8.493202e-07
 -0.900000 	 0.650000 	 6.564061e-07
 -0.900000 	 0.700000 	 5.029523e-07
 -0.900000 	 0.750000 	 3.825441e-07
 -0.900000 	 0.800000 	 2.893166e-07
 -0.900000 	 0.850000 	 2.177191e-07
 -0.900000 	 0.900000 	 1.633717e-07
 -0.900000 	 0.950000 	 1.222606e-07
 -0.900000 	 1.000000 	 9.139016e-08
 -0.850000 	 -1.000000 	 1.189403e-07
 -0.850000 	 -0.950000 	 1.613801e-07
 -0.850000 	 -0.900000 	 2.188008e-07
 -0.850000 	 -0.850000 	 2.961619e-07
 -0.850000 	 -0.800000 	 3.997915e-07
 -0.850000 	 -0.750000 	 5.374181e-07
 -0.850000 	 -0.700000 	 7.186543e-07
 -0.850000 	 -0.650000 	 9.543097e-07
 -0.850000 	 -0.600000 	 1.256382e-06
 -0.850000 	 -0.550000 	 1.636922e-06
 -0.850000 	 -0.500000 	 2.106570e-06
 -0.850000 	 -0.450000 	 2.671194e-06
 -0.850000 	 -0.400000 	 3.331914e-06
 -0.850000 	 -0.350000 	 4.076411e-06
 -0.850000 	 -0.300000 	 4.883581e-06
 -0.850000 	 -0.250000 	 5.714469e-06
 -0.850000 	 -0.200000 	 6.519023e-06
 -0.850000 	 -0.150000 	 7.237190e-06
 -0.850000 	 -0.100000 	 7.805861e-06
 -0.850000 	 -0.050000 	 8.173065e-06
 -0.850000 	 0.000000 	 8.300289e-06
 -0.850000 	 0.050000 	 8.173905e-06
 -0.850000 	 0.100000 	 7.807490e-06
 -0.850000 	 0.150000 	 7.235928e-06
 -0.850000 	 0.200000 	 6.517811e-06
 -0.850000 	 0.250000 	 5.714322e-06
 -0.850000 	 0.300000 	 4.882418e-06
 -0.850000 	 0.350000 	 4.076623e-06
 -0.850000 	 0.400000 	 3.331452e-06
 -0.850000 	 0.450000 	 2.671090e-06
 -0.850000 	 0.500000 	 2.106590e-06
 -0.850000 	 0.550000 	 1.637242e-06
 -0.850000 	 0.600000 	 1.256501e-06
 -0.850000 	 0.650000 	 9.544308e-07
 -0.850000 	 0.700000 	 7.185463e-07
 -0.850000 	 0.750000 	 5.374110e-07
 -0.850000 	 0.800000 	 3.997508e-07
 -0.850000 	 0.850000 	 2.961402e-07
 -0.850000 	 0.900000 	 2.188355e-07
 -0.850000 	 0.950000 	 1.613701e-07
 -0.850000 	 1.000000 	 1.189478e-07
 -0.800000 	 -1.000000 	 1.540298e-07
 -0.800000 	 -0.950000 	 2.120285e-07
 -0.800000 	 -0.900000 	 2.918703e-07
 -0.800000 	 -0.850000 	 4.015195e-07
 -0.800000 	 -0.800000 	 5.509648e-07
 -0.800000 	 -0.750000 	 7.537422e-07
 -0.800000 	 -0.700000 	 1.026059e-06
 -0.800000 	 -0.650000 	 1.387724e-06
 -0.800000 	 -0.600000 	 1.861953e-06
 -0.800000 	 -0.550000 	 2.472043e-06
 -0.800000 	 -0.500000 	 3.242780e-06
 -0.800000 	 -0.450000 	 4.190453e-06
 -0.800000 	 -0.400000 	 5.320689e-06
 -0.800000 	 -0.350000 	 6.624947e-06
 -0.800000 	 -0.300000 	 8.063759e-06
 -0.800000 	 -0.250000 	 9.570478e-06
 -0.800000 	 -0.200000 	 1.105298e-05
 -0.800000 	 -0.150000 	 1.239525e-05
 -0.800000 	 -0.100000 	 1.346977e-05
 -0.800000 	 -0.050000 	 1.416700e-05
 -0.800000 	 0.000000 	 1.440787e-05
 -0.800000 	 0.050000 	 1.416702e-05
 -0.800000 	 0.100000 	 1.346942e-05
 -0.800000 	 0.150000 	 1.239370e-05
 -0.800000 	 0.200000 	 1.105392e-05
 -0.800000 	 0.250000 	 9.571062e-06
 -0.800000 	 0.300000 	 8.060587e-06
 -0.800000 	 0.350000 	 6.623522e-06
 -0.800000 	 0.400000 	 5.320643e-06
 -0.800000 	 0.450000 	 4.189005e-06
 -0.800000 	 0.500000 	 3.242367e-06
 -0.800000 	 0.550000 	 2.472245e-06
 -0.800000 	 0.600000 	 1.861828e-06
 -0.800000 	 0.650000 	 1.388109e-06
 -0.800000 	 0.700000 	 1.026070e-06
 -0.800000 	 0.750000 	 7.537857e-07
 -0.800000 	 0.800000 	 5.510245e-07
 -0.800000 	 0.850000 	 4.014319e-07
 -0.800000 	 0.900000 	 2.919381e-07
 -0.800000 	 0.950000 	 2.120398e-07
 -0.800000 	 1.000000 	 1.540371e-07
 -0.750000 	 -1.000000 	 1.982511e-07
 -0.750000 	 -0.950000 	 2.770062e-07
 -0.750000 	 -0.900000 	 3.873643e-07
 -0.750000 	 -0.850000 	 5.416308e-07
 -0.750000 	 -0.800000 	 7.562923e-07
 -0.750000 	 -0.750000 	 1.053697e-06
 -0.750000 	 -0.700000 	 1.461804e-06
 -0.750000 	 -0.650000 	 2.016716e-06
 -0.750000 	 -0.600000 	 2.760769e-06
 -0.750000 	 -0.550000 	 3.740886e-06
 -0.750000 	 -0.500000 	 5.009374e-06
 -0.750000 	 -0.450000 	 6.605046e-06
 -0.750000 	 -0.400000 	 8.557513e-06
 -0.750000 	 -0.350000 	 1.085918e-05
 -0.750000 	 -0.300000 	 1.345508e-05
 -0.750000 	 -0.250000 	 1.623137e-05
 -0.750000 	 -0.200000 	 1.901169e-05
 -0.750000 	 -0.150000 	 2.156025e-05
 -0.750000 	 -0.100000 	 2.362435e-05
 -0.750000 	 -0.050000 	 2.497973e-05
 -0.750000 	 0.000000 	 2.544403e-05
 -0.750000 	 0.050000 	 2.498022e-05
 -0.750000 	 0.100000 	 2.362881e-05
 -0.750000 	 0.150000 	 2.155837e-05
 -0.750000 	 0.200000 	 1.900700e-05
 -0.750000 	 0.250000 	 1.623283e-05
 -0.750000 	 0.300000 	 1.345827e-05
 -0.750000 	 0.350000 	 1.086004e-05
 -0.750000 	 0.400000 	 8.558692e-06
 -0.750000 	 0.450000 	 6.606462e-06
 -0.750000 	 0.500000 	 5.009064e-06
 -0.750000 	 0.550000 	 3.741445e-06
 -0.750000 	 0.600000 	 2.760382e-06
 -0.750000 	 0.650000 	 2.016950e-06
 -0.750000 	 0.700000 	 1.461715e-06
 -0.750000 	 0.750000 	 1.053502e-06
 -0.750000 	 0.800000 	 7.562812e-07
 -0.750000 	 0.850000 	 5.414984e-07
 -0.750000 	 0.900000 	 3.872393e-07
 -0.750000 	 0.950000 	 2.769355e-07
 -0.750000 	 1.000000 	 1.982507e-07
 -0.700000 	 -1.000000 	 2.532261e-07
 -0.700000 	 -0.950000 	 3.592778e-07
 -0.700000 	 -0.900000 	 5.103700e-07
 -0.700000 	 -0.850000 	 7.261355e-07
 -0.700000 	 -0.800000 	 1.032551e-06
 -0.700000 	 -0.750000 	 1.466005e-06
 -0.700000 	 -0.700000 	 2.074826e-06
 -0.700000 	 -0.650000 	 2.922134e-06
 -0.700000 	 -0.600000 	 4.087188e-06
 -0.700000 	 -0.550000 	 5.661694e-06
 -0.700000 	 -0.500000 	 7.750283e-06
 -0.700000 	 -0.450000 	 1.045436e-05
 -0.700000 	 -0.400000 	 1.384230e-05
 -0.700000 	 -0.350000 	 1.793932e-05
 -0.700000 	 -0.300000 	 2.267998e-05
 -0.700000 	 -0.250000 	 2.785650e-05
 -0.700000 	 -0.200000 	 3.314400e-05
 -0.700000 	 -0.150000 	 3.807236e-05
 -0.700000 	 -0.100000 	 4.212122e-05
 -0.700000 	 -0.050000 	 4.479932e-05
 -0.700000 	 0.000000 	 4.573995e-05
 -0.700000 	 0.050000 	 4.479075e-05
 -0.700000 	 0.100000 	 4.212139e-05
 -0.700000 	 0.150000 	 3.807584e-05
 -0.700000 	 0.200000 	 3.314258e-05
 -0.700000 	 0.250000 	 2.785193e-05
 -0.700000 	 0.300000 	 2.267900e-05
 -0.700000 	 0.350000 	 1.794131e-05
 -0.700000 	 0.400000 	 1.384305e-05
 -0.700000 	 0.450000 	 1.045438e-05
 -0.700000 	 0.500000 	 7.751210e-06
 -0.700000 	 0.550000 	 5.661984e-06
 -0.700000 	 0.600000 	 4.087644e-06
 -0.700000 	 0.650000 	 2.922322e-06
 -0.700000 	 0.700000 	 2.074490e-06
 -0.700000 	 0.750000 	 1.465934e-06
 -0.700000 	 0.800000 	 1.032339e-06
 -0.700000 	 0.850000 	 7.260174e-07
 -0.700000 	 0.900000 	 5.103924e-07
 -0.700000 	 0.950000 	 3.592306e-07
 -0.700000 	 1.000000 	 2.532189e-07
 -0.650000 	 -1.000000 	 3.205981e-07
 -0.650000 	 -0.950000 	 4.619109e-07
 -0.650000 	 -0.900000 	 6.671701e-07
 -0.650000 	 -0.850000 	 9.656157e-07
 -0.650000 	 -0.800000 	 1.399125e-06
 -0.650000 	 -0.750000 	 2.025556e-06
 -0.650000 	 -0.700000 	 2.927586e-06
 -0.650000 	 -0.650000 	 4.214180e-06
 -0.650000 	 -0.600000 	 6.029523e-06
 -0.650000 	 -0.550000 	 8.552326e-06
 -0.650000 	 -0.500000 	 1.199507e-05
 -0.650000 	 -0.450000 	 1.657313e-05
 -0.650000 	 -0.400000 	 2.247999e-05
 -0.650000 	 -0.350000 	 2.982419e-05
 -0.650000 	 -0.300000 	 3.853675e-05
 -0.650000 	 -0.250000 	 4.831630e-05
 -0.650000 	 -0.200000 	 5.851491e-05
 -0.650000 	 -0.150000 	 6.821173e-05
 -0.650000 	 -0.100000 	 7.629405e-05
 -0.650000 	 -0.050000 	 8.168649e-05
 -0.650000 	 0.000000 	 8.359005e-05
 -0.650000 	 0.050000 	 8.169083e-05
 -0.650000 	 0.100000 	 7.631897e-05
 -0.650000 	 0.150000 	 6.820797e-05
 -0.650000 	 0.200000 	 5.849889e-05
 -0.650000 	 0.250000 	 4.830535e-05
 -0.650000 	 0.300000 	 3.853456e-05
 -0.650000 	 0.350000 	 2.981976e-05
 -0.650000 	 0.400000 	 2.248216e-05
 -0.650000 	 0.450000 	 1.657278e-05
 -0.650000 	 0.500000 	 1.199453e-05
 -0.650000 	 0.550000 	 8.553389e-06
 -0.650000 	 0.600000 	 6.029653e-06
 -0.650000 	 0.650000 	 4.214740e-06
 -0.650000 	 0.700000 	 2.927772e-06
 -0.650000 	 0.750000 	 2.025677e-06
 -0.650000 	 0.800000 	 1.399015e-06
 -0.650000 	 0.850000 	 9.656280e-07
 -0.650000 	 0.900000 	 6.670953e-07
 -0.650000 	 0.950000 	 4.618156e-07
 -0.650000 	 1.000000 	 3.206991e-07
 -0.600000 	 -1.000000 	 4.019276e-07
 -0.600000 	 -0.950000 	 5.878130e-07
 -0.600000 	 -0.900000 	 8.633778e-07
 -0.600000 	 -0.850000 	 1.271790e-06
 -0.600000 	 -0.800000 	 1.877744e-06
 -0.600000 	 -0.750000 	 2.774894e-06
 -0.600000 	 -0.700000 	 4.097481e-06
 -0.600000 	 -0.650000 	 6.033988e-06
 -0.600000 	 -0.600000 	 8.844839e-06
 -0.600000 	 -0.550000 	 1.286318e-05
 -0.600000 	 -0.500000 	 1.850898e-05
 -0.600000 	 -0.450000 	 2.625823e-05
 -0.600000 	 -0.400000 	 3.656610e-05
 -0.600000 	 -0.350000 	 4.976909e-05
 -0.600000 	 -0.300000 	 6.592365e-05
 -0.600000 	 -0.250000 	 8.454652e-05
 -0.600000 	 -0.200000 	 1.044735e-04
 -0.600000 	 -0.150000 	 1.238462e-04
 -0.600000 	 -0.100000 	 1.402936e-04
 -0.600000 	 -0.050000 	 1.513657e-04
 -0.600000 	 0.000000 	 1.552668e-04
 -0.600000 	 0.050000 	 1.513583e-04
 -0.600000 	 0.100000 	 1.402907e-04
 -0.600000 	 0.150000 	 1.238574e-04
 -0.600000 	 0.200000 	 1.044627e-04
 -0.600000 	 0.250000 	 8.454719e-05
 -0.600000 	 0.300000 	 6.592923e-05
 -0.600000 	 0.350000 	 4.977270e-05
 -0.600000 	 0.400000 	 3.656296e-05
 -0.600000 	 0.450000 	 2.624880e-05
 -0.600000 	 0.500000 	 1.850929e-05
 -0.600000 	 0.550000 	 1.286338e-05
 -0.600000 	 0.600000 	 8.847403e-06
 -0.600000 	 0.650000 	 6.035908e-06
 -0.600000 	 0.700000 	 4.098015e-06
 -0.600000 	 0.750000 	 2.774157e-06
 -0.600000 	 0.800000 	 1.877600e-06
 -0.600000 	 0.850000 	 1.271648e-06
 -0.600000 	 0.900000 	 8.633711e-07
 -0.600000 	 0.950000 	 5.879230e-07
 -0.600000 	 1.000000 	 4.019873e-07
 -0.550000 	 -1.000000 	 4.979545e-07
 -0.550000 	 -0.950000 	 7.393390e-07
 -0.550000 	 -0.900000 	 1.103862e-06
 -0.550000 	 -0.850000 	 1.655546e-06
 -0.550000 	 -0.800000 	 2.491706e-06
 -0.550000 	 -0.750000 	 3.759533e-06
 -0.550000 	 -0.700000 	 5.675905e-06
 -0.550000 	 -0.650000 	 8.558177e-06
 -0.550000 	 -0.600000 	 1.286008e-05
 -0.550000 	 -0.550000 	 1.920225e-05
 -0.550000 	 -0.500000 	 2.840278e-05
 -0.550000 	 -0.450000 	 4.142630e-05
 -0.550000 	 -0.400000 	 5.937864e-05
 -0.550000 	 -0.350000 	 8.312813e-05
 -0.550000 	 -0.300000 	 1.131709e-04
 -0.550000 	 -0.250000 	 1.488367e-04
 -0.550000 	 -0.200000 	 1.882447e-04
 -0.550000 	 -0.150000 	 2.273950e-04
 -0.550000 	 -0.100000 	 2.612626e-04
 -0.550000 	 -0.050000 	 2.844667e-04
 -0.550000 	 0.000000 	 2.927331e-04
 -0.550000 	 0.050000 	 2.844735e-04
 -0.550000 	 0.100000 	 2.612945e-04
 -0.550000 	 0.150000 	 2.274130e-04
 -0.550000 	 0.200000 	 1.882648e-04
 -0.550000 	 0.250000 	 1.488809e-04
 -0.550000 	 0.300000 	 1.131866e-04
 -0.550000 	 0.350000 	 8.314968e-05
 -0.550000 	 0.400000 	 5.937255e-05
 -0.550000 	 0.450000 	 4.142718e-05
 -0.550000 	 0.500000 	 2.840138e-05
 -0.550000 	 0.550000 	 1.920249e-05
 -0.550000 	 0.600000 	 1.285877e-05
 -0.550000 	 0.650000 	 8.558070e-06
 -0.550000 	 0.700000 	 5.675937e-06
 -0.550000 	 0.750000 	 3.759541e-06
 -0.550000 	 0.800000 	 2.492007e-06
 -0.550000 	 0.850000 	 1.655744e-06
 -0.550000 	 0.900000 	 1.103911e-06
 -0.550000 	 0.950000 	 7.394334e-07
 -0.550000 	 1.000000 	 4.979294e-07
 -0.500000 	 -1.000000 	 6.086818e-07
 -0.500000 	 -0.950000 	 9.175917e-07
 -0.500000 	 -0.900000 	 1.392345e-06
 -0.500000 	 -0.850000 	 2.125403e-06
 -0.500000 	 -0.800000 	 3.261522e-06
 -0.500000 	 -0.750000 	 5.023299e-06
 -0.500000 	 -0.700000 	 7.756991e-06
 -0.500000 	 -0.650000 	 1.198079e-05
 -0.500000 	 -0.600000 	 1.847712e-05
 -0.500000 	 -0.550000 	 2.835567e-05
 -0.500000 	 -0.500000 	 4.316979e-05
 -0.500000 	 -0.450000 	 6.491102e-05
 -0.500000 	 -0.400000 	 9.588914e-05
 -0.500000 	 -0.350000 	 1.385221e-04
 -0.500000 	 -0.300000 	 1.943192e-04
 -0.500000 	 -0.250000 	 2.630230e-04
 -0.500000 	 -0.200000 	 3.410279e-04
 -0.500000 	 -0.150000 	 4.210783e-04
 -0.500000 	 -0.100000 	 4.919283e-04
 -0.500000 	 -0.050000 	 5.410187e-04
 -0.500000 	 0.000000 	 5.586985e-04
 -0.500000 	 0.050000 	 5.410977e-04
 -0.500000 	 0.100000 	 4.919070e-04
 -0.500000 	 0.150000 	 4.210906e-04
 -0.500000 	 0.200000 	 3.410294e-04
 -0.500000 	 0.250000 	 2.629968e-04
 -0.500000 	 0.300000 	 1.943024e-04
 -0.500000 	 0.350000 	 1.385178e-04
 -0.500000 	 0.400000 	 9.589916e-05
 -0.500000 	 0.450000 	 6.489730e-05
 -0.500000 	 0.500000 	 4.317411e-05
 -0.500000 	 0.550000 	 2.835723e-05
 -0.500000 	 0.600000 	 1.847793e-05
 -0.500000 	 0.650000 	 1.198217e-05
 -0.500000 	 0.700000 	 7.755266e-06
 -0.500000 	 0.750000 	 5.023526e-06
 -0.500000 	 0.800000 	 3.261797e-06
 -0.500000 	 0.850000 	 2.125393e-06
 -0.500000 	 0.900000 	 1.392318e-06
 -0.500000 	 0.950000 	 9.176182e-07
 -0.500000 	 1.000000 	 6.086018e-07
 -0.450000 	 -1.000000 	 7.330651e-07
 -0.450000 	 -0.950000 	 1.121142e-06
 -0.450000 	 -0.900000 	 1.728773e-06
 -0.450000 	 -0.850000 	 2.684998e-06
 -0.450000 	 -0.800000 	 4.198221e-06
 -0.450000 	 -0.750000 	 6.601641e-06
 -0.450000 	 -0.700000 	 1.042698e-05
 -0.450000 	 -0.650000 	 1.650318e-05
 -0.450000 	 -0.600000 	 2.613314e-05
 -0.450000 	 -0.550000 	 4.126007e-05
 -0.450000 	 -0.500000 	 6.470260e-05
 -0.450000 	 -0.450000 	 1.004352e-04
 -0.450000 	 -0.400000 	 1.533181e-04
 -0.450000 	 -0.350000 	 2.289654e-04
 -0.450000 	 -0.300000 	 3.318901e-04
 -0.450000 	 -0.250000 	 4.636684e-04
 -0.450000 	 -0.200000 	 6.187893e-04
 -0.450000 	 -0.150000 	 7.830130e-04
 -0.450000 	 -0.100000 	 9.320581e-04
 -0.450000 	 -0.050000 	 1.037605e-03
 -0.450000 	 0.000000 	 1.075641e-03
 -0.450000 	 0.050000 	 1.037512e-03
 -0.450000 	 0.100000 	 9.322920e-04
 -0.450000 	 0.150000 	 7.830101e-04
 -0.450000 	 0.200000 	 6.189273e-04
 -0.450000 	 0.250000 	 4.636007e-04
 -0.450000 	 0.300000 	 3.318644e-04
 -0.450000 	 0.350000 	 2.289477e-04
 -0.450000 	 0.400000 	 1.533293e-04
 -0.450000 	 0.450000 	 1.004170e-04
 -0.450000 	 0.500000 	 6.471228e-05
 -0.450000 	 0.550000 	 4.125887e-05
 -0.450000 	 0.600000 	 2.613040e-05
 -0.450000 	 0.650000 	 1.650170e-05
 -0.450000 	 0.700000 	 1.042610e-05
 -0.450000 	 0.750000 	 6.602716e-06
 -0.450000 	 0.800000 	 4.198923e-06
 -0.450000 	 0.850000 	 2.684699e-06
 -0.450000 	 0.900000 	 1.728662e-06
 -0.450000 	 0.950000 	 1.121175e-06
 -0.450000 	 1.000000 	 7.331381e-07
 -0.400000 	 -1.000000 	 8.685123e-07
 -0.400000 	 -0.950000 	 1.346891e-06
 -0.400000 	 -0.900000 	 2.108394e-06
 -0.400000 	 -0.850000 	 3.329644e-06
 -0.400000 	 -0.800000 	 5.303586e-06
 -0.400000 	 -0.750000 	 8.508734e-06
 -0.400000 	 -0.700000 	 1.374042e-05
 -0.400000 	 -0.650000 	 2.228194e-05
 -0.400000 	 -0.600000 	 3.621870e-05
 -0.400000 	 -0.550000 	 5.886517e-05
 -0.400000 	 -0.500000 	 9.518978e-05
 -0.400000 	 -0.450000 	 1.526754e-04
 -0.400000 	 -0.400000 	 2.413023e-04
 -0.400000 	 -0.350000 	 3.732569e-04
 -0.400000 	 -0.300000 	 5.606998e-04
 -0.400000 	 -0.250000 	 8.108761e-04
 -0.400000 	 -0.200000 	 1.117484e-03
 -0.400000 	 -0.150000 	 1.453395e-03
 -0.400000 	 -0.100000 	 1.767858e-03
 -0.400000 	 -0.050000 	 1.995280e-03
 -0.400000 	 0.000000 	 2.078262e-03
 -0.400000 	 0.050000 	 1.995515e-03
 -0.400000 	 0.100000 	 1.767801e-03
 -0.400000 	 0.150000 	 1.453356e-03
 -0.400000 	 0.200000 	 1.117281e-03
 -0.400000 	 0.250000 	 8.107719e-04
 -0.400000 	 0.300000 	 5.606481e-04
 -0.400000 	 0.350000 	 3.732183e-04
 -0.400000 	 0.400000 	 2.412614e-04
 -0.400000 	 0.450000 	 1.526720e-04
 -0.400000 	 0.500000 	 9.520189e-05
 -0.400000 	 0.550000 	 5.885119e-05
 -0.400000 	 0.600000 	 3.622040e-05
 -0.400000 	 0.650000 	 2.228153e-05
 -0.400000 	 0.700000 	 1.374093e-05
 -0.400000 	 0.750000 	 8.509659e-06
 -0.400000 	 0.800000 	 5.303430e-06
 -0.400000 	 0.850000 	 3.330306e-06
 -0.400000 	 0.900000 	 2.108377e-06
 -0.400000 	 0.950000 	 1.346983e-06
 -0.400000 	 1.000000 	 8.686415e-07
 -0.350000 	 -1.000000 	 1.010987e-06
 -0.350000 	 -0.950000 	 1.587956e-06
 -0.350000 	 -0.900000 	 2.521749e-06
 -0.350000 	 -0.850000 	 4.045153e-06
 -0.350000 	 -0.800000 	 6.556126e-06
 -0.350000 	 -0.750000 	 1.072236e-05
 -0.350000 	 -0.700000 	 1.768518e-05
 -0.350000 	 -0.650000 	 2.937127e-05
 -0.350000 	 -0.600000 	 4.899024e-05
 -0.350000 	 -0.550000 	 8.188359e-05
 -0.350000 	 -0.500000 	 1.366322e-04
 -0.350000 	 -0.450000 	 2.265068e-04
 -0.350000 	 -0.400000 	 3.708941e-04
 -0.350000 	 -0.350000 	 5.954328e-04
 -0.350000 	 -0.300000 	 9.292804e-04
 -0.350000 	 -0.250000 	 1.395210e-03
 -0.350000 	 -0.200000 	 1.991495e-03
 -0.350000 	 -0.150000 	 2.671112e-03
 -0.350000 	 -0.100000 	 3.329781e-03
 -0.350000 	 -0.050000 	 3.816872e-03
 -0.350000 	 0.000000 	 3.998020e-03
 -0.350000 	 0.050000 	 3.816968e-03
 -0.350000 	 0.100000 	 3.329918e-03
 -0.350000 	 0.150000 	 2.671791e-03
 -0.350000 	 0.200000 	 1.991108e-03
 -0.350000 	 0.250000 	 1.394752e-03
 -0.350000 	 0.300000 	 9.292983e-04
 -0.350000 	 0.350000 	 5.955145e-04
 -0.350000 	 0.400000 	 3.708947e-04
 -0.350000 	 0.450000 	 2.265456e-04
 -0.350000 	 0.500000 	 1.366387e-04
 -0.350000 	 0.550000 	 8.187677e-05
 -0.350000 	 0.600000 	 4.899290e-05
 -0.350000 	 0.650000 	 2.936590e-05
 -0.350000 	 0.700000 	 1.768812e-05
 -0.350000 	 0.750000 	 1.072432e-05
 -0.350000 	 0.800000 	 6.556311e-06
 -0.350000 	 0.850000 	 4.045073e-06
 -0.350000 	 0.900000 	 2.521233e-06
 -0.350000 	 0.950000 	 1.588078e-06
 -0.350000 	 1.000000 	 1.010777e-06
 -0.300000 	 -1.000000 	 1.153762e-06
 -0.300000 	 -0.950000 	 1.833806e-06
 -0.300000 	 -0.900000 	 2.949557e-06
 -0.300000 	 -0.850000 	 4.802199e-06
 -0.300000 	 -0.800000 	 7.908450e-06
 -0.300000 	 -0.750000 	 1.317000e-05
 -0.300000 	 -0.700000 	 2.216091e-05
 -0.300000 	 -0.650000 	 3.763210e-05
 -0.300000 	 -0.600000 	 6.434501e-05
 -0.300000 	 -0.550000 	 1.105389e-04
 -0.300000 	 -0.500000 	 1.900736e-04
 -0.300000 	 -0.450000 	 3.256781e-04
 -0.300000 	 -0.400000 	 5.526816e-04
 -0.300000 	 -0.350000 	 9.213858e-04
 -0.300000 	 -0.300000 	 1.495865e-03
 -0.300000 	 -0.250000 	 2.336460e-03
 -0.300000 	 -0.200000 	 3.464976e-03
 -0.300000 	 -0.150000 	 4.810150e-03
 -0.300000 	 -0.100000 	 6.158280e-03
 -0.300000 	 -0.050000 	 7.186581e-03
 -0.300000 	 0.000000 	 7.573751e-03
 -0.300000 	 0.050000 	 7.186224e-03
 -0.300000 	 0.100000 	 6.158420e-03
 -0.300000 	 0.150000 	 4.809495e-03
 -0.300000 	 0.200000 	 3.464476e-03
 -0.300000 	 0.250000 	 2.336002e-03
 -0.300000 	 0.300000 	 1.495974e-03
 -0.300000 	 0.350000 	 9.216023e-04
 -0.300000 	 0.400000 	 5.526978e-04
 -0.300000 	 0.450000 	 3.256948e-04
 -0.300000 	 0.500000 	 1.900808e-04
 -0.300000 	 0.550000 	 1.105605e-04
 -0.300000 	 0.600000 	 6.436548e-05
 -0.300000 	 0.650000 	 3.763382e-05
 -0.300000 	 0.700000 	 2.216116e-05
 -0.300000 	 0.750000 	 1.317028e-05
 -0.300000 	 0.800000 	 7.909256e-06
 -0.300000 	 0.850000 	 4.802275e-06
 -0.300000 	 0.900000 	 2.949676e-06
 -0.300000 	 0.950000 	 1.833760e-06
 -0.300000 	 1.000000 	 1.153833e-06
 -0.250000 	 -1.000000 	 1.289638e-06
 -0.250000 	 -0.950000 	 2.071113e-06
 -0.250000 	 -0.900000 	 3.370262e-06
 -0.250000 	 -0.850000 	 5.556993e-06
 -0.250000 	 -0.800000 	 9.287561e-06
 -0.250000 	 -0.750000 	 1.571805e-05
 -0.250000 	 -0.700000 	 2.693693e-05
 -0.250000 	 -0.650000 	 4.667187e-05
 -0.250000 	 -0.600000 	 8.165855e-05
 -0.250000 	 -0.550000 	 1.439291e-04
 -0.250000 	 -0.500000 	 2.545655e-04
 -0.250000 	 -0.450000 	 4.501606e-04
 -0.250000 	 -0.400000 	 7.906470e-04
 -0.250000 	 -0.350000 	 1.368760e-03
 -0.250000 	 -0.300000 	 2.311156e-03
 -0.250000 	 -0.250000 	 3.759871e-03
 -0.250000 	 -0.200000 	 5.803891e-03
 -0.250000 	 -0.150000 	 8.356036e-03
 -0.250000 	 -0.100000 	 1.102662e-02
 -0.250000 	 -0.050000 	 1.312299e-02
 -0.250000 	 0.000000 	 1.392653e-02
 -0.250000 	 0.050000 	 1.312161e-02
 -0.250000 	 0.100000 	 1.102542e-02
 -0.250000 	 0.150000 	 8.356480e-03
 -0.250000 	 0.200000 	 5.803681e-03
 -0.250000 	 0.250000 	 3.759949e-03
 -0.250000 	 0.300000 	 2.311645e-03
 -0.250000 	 0.350000 	 1.368541e-03
 -0.250000 	 0.400000 	 7.907610e-04
 -0.250000 	 0.450000 	 4.501338e-04
 -0.250000 	 0.500000 	 2.546211e-04
 -0.250000 	 0.550000 	 1.438808e-04
 -0.250000 	 0.600000 	 8.164838e-05
 -0.250000 	 0.650000 	 4.667754e-05
 -0.250000 	 0.700000 	 2.693396e-05
 -0.250000 	 0.750000 	 1.571729e-05
 -0.250000 	 0.800000 	 9.287499e-06
 -0.250000 	 0.850000 	 5.557973e-06
 -0.250000 	 0.900000 	 3.370639e-06
 -0.250000 	 0.950000 	 2.071256e-06
 -0.250000 	 1.000000 	 1.289758e-06
 -0.200000 	 -1.000000 	 1.410237e-06
 -0.200000 	 -0.950000 	 2.284885e-06
 -0.200000 	 -0.900000 	 3.755002e-06
 -0.200000 	 -0.850000 	 6.259995e-06
 -0.200000 	 -0.800000 	 1.058944e-05
 -0.200000 	 -0.750000 	 1.817386e-05
 -0.200000 	 -0.700000 	 3.164193e-05
 -0.200000 	 -0.650000 	 5.581370e-05
 -0.200000 	 -0.600000 	 9.961447e-05
 -0.200000 	 -0.550000 	 1.795755e-04
 -0.200000 	 -0.500000 	 3.259855e-04
 -0.200000 	 -0.450000 	 5.931329e-04
 -0.200000 	 -0.400000 	 1.075820e-03
 -0.200000 	 -0.350000 	 1.928806e-03
 -0.200000 	 -0.300000 	 3.383191e-03
 -0.200000 	 -0.250000 	 5.729269e-03
 -0.200000 	 -0.200000 	 9.201880e-03
 -0.200000 	 -0.150000 	 1.375851e-02
 -0.200000 	 -0.100000 	 1.873274e-02
 -0.200000 	 -0.050000 	 2.277004e-02
 -0.200000 	 0.000000 	 2.435002e-02
 -0.200000 	 0.050000 	 2.276953e-02
 -0.200000 	 0.100000 	 1.873409e-02
 -0.200000 	 0.150000 	 1.375616e-02
 -0.200000 	 0.200000 	 9.202546e-03
 -0.200000 	 0.250000 	 5.727346e-03
 -0.200000 	 0.300000 	 3.383353e-03
 -0.200000 	 0.350000 	 1.928762e-03
 -0.200000 	 0.400000 	 1.075598e-03
 -0.200000 	 0.450000 	 5.930910e-04
 -0.200000 	 0.500000 	 3.259932e-04
 -0.200000 	 0.550000 	 1.796177e-04
 -0.200000 	 0.600000 	 9.962543e-05
 -0.200000 	 0.650000 	 5.580232e-05
 -0.200000 	 0.700000 	 3.163593e-05
 -0.200000 	 0.750000 	 1.817786e-05
 -0.200000 	 0.800000 	 1.058868e-05
 -0.200000 	 0.850000 	 6.260686e-06
 -0.200000 	 0.900000 	 3.754408e-06
 -0.200000 	 0.950000 	 2.284589e-06
 -0.200000 	 1.000000 	 1.410161e-06
 -0.150000 	 -1.000000 	 1.506706e-06
 -0.150000 	 -0.950000 	 2.458075e-06
 -0.150000 	 -0.900000 	 4.071172e-06
 -0.150000 	 -0.850000 	 6.847412e-06
 -0.150000 	 -0.800000 	 1.169961e-05
 -0.150000 	 -0.750000 	 2.031281e-05
 -0.150000 	 -0.700000 	 3.580754e-05
 -0.150000 	 -0.650000 	 6.409517e-05
 -0.150000 	 -0.600000 	 1.163315e-04
 -0.150000 	 -0.550000 	 2.137121e-04
 -0.150000 	 -0.500000 	 3.964247e-04
 -0.150000 	 -0.450000 	 7.389206e-04
 -0.150000 	 -0.400000 	 1.377732e-03
 -0.150000 	 -0.350000 	 2.546784e-03
 -0.150000 	 -0.300000 	 4.622484e-03
 -0.150000 	 -0.250000 	 8.115603e-03
 -0.150000 	 -0.200000 	 1.354061e-02
 -0.150000 	 -0.150000 	 2.098533e-02
 -0.150000 	 -0.100000 	 2.947814e-02
 -0.150000 	 -0.050000 	 3.661303e-02
 -0.150000 	 0.000000 	 3.944772e-02
 -0.150000 	 0.050000 	 3.660698e-02
 -0.150000 	 0.100000 	 2.948004e-02
 -0.150000 	 0.150000 	 2.099073e-02
 -0.150000 	 0.200000 	 1.353844e-02
 -0.150000 	 0.250000 	 8.115619e-03
 -0.150000 	 0.300000 	 4.621840e-03
 -0.150000 	 0.350000 	 2.546904e-03
 -0.150000 	 0.400000 	 1.377429e-03
 -0.150000 	 0.450000 	 7.390454e-04
 -0.150000 	 0.500000 	 3.963019e-04
 -0.150000 	 0.550000 	 2.137469e-04
 -0.150000 	 0.600000 	 1.163247e-04
 -0.150000 	 0.650000 	 6.410271e-05
 -0.150000 	 0.700000 	 3.581100e-05
 -0.150000 	 0.750000 	 2.031109e-05
 -0.150000 	 0.800000 	 1.170209e-05
 -0.150000 	 0.850000 	 6.848809e-06
 -0.150000 	 0.900000 	 4.070975e-06
 -0.150000 	 0.950000 	 2.458261e-06
 -0.150000 	 1.000000 	 1.506867e-06
 -0.100000 	 -1.000000 	 1.572087e-06
 -0.100000 	 -0.950000 	 2.577746e-06
 -0.100000 	 -0.900000 	 4.292946e-06
 -0.100000 	 -0.850000 	 7.266181e-06
 -0.100000 	 -0.800000 	 1.250861e-05
 -0.100000 	 -0.750000 	 2.188888e-05
 -0.100000 	 -0.700000 	 3.896214e-05
 -0.100000 	 -0.650000 	 7.049548e-05
 -0.100000 	 -0.600000 	 1.295354e-04
 -0.100000 	 -0.550000 	 2.413679e-04
 -0.100000 	 -0.500000 	 4.549015e-04
 -0.100000 	 -0.450000 	 8.642851e-04
 -0.100000 	 -0.400000 	 1.645472e-03
 -0.100000 	 -0.350000 	 3.117057e-03
 -0.100000 	 -0.300000 	 5.810801e-03
 -0.100000 	 -0.250000 	 1.050922e-02
 -0.100000 	 -0.200000 	 1.808955e-02
 -0.100000 	 -0.150000 	 2.892508e-02
 -0.100000 	 -0.100000 	 4.175240e-02
 -0.100000 	 -0.050000 	 5.285692e-02
 -0.100000 	 0.000000 	 5.735066e-02
 -0.100000 	 0.050000 	 5.286621e-02
 -0.100000 	 0.100000 	 4.175152e-02
 -0.100000 	 0.150000 	 2.892515e-02
 -0.100000 	 0.200000 	 1.808932e-02
 -0.100000 	 0.250000 	 1.050876e-02
 -0.100000 	 0.300000 	 5.810996e-03
 -0.100000 	 0.350000 	 3.117706e-03
 -0.100000 	 0.400000 	 1.645458e-03
 -0.100000 	 0.450000 	 8.641420e-04
 -0.100000 	 0.500000 	 4.549227e-04
 -0.100000 	 0.550000 	 2.413466e-04
 -0.100000 	 0.600000 	 1.295234e-04
 -0.100000 	 0.650000 	 7.049707e-05
 -0.100000 	 0.700000 	 3.896337e-05
 -0.100000 	 0.750000 	 2.189084e-05
 -0.100000 	 0.800000 	 1.250639e-05
 -0.100000 	 0.850000 	 7.266386e-06
 -0.100000 	 0.900000 	 4.292593e-06
 -0.100000 	 0.950000 	 2.577397e-06
 -0.100000 	 1.000000 	 1.572102e-06
 -0.050000 	 -1.000000 	 1.600498e-06
 -0.050000 	 -0.950000 	 2.631726e-06
 -0.050000 	 -0.900000 	 4.398227e-06
 -0.050000 	 -0.850000 	 7.472008e-06
 -0.050000 	 -0.800000 	 1.291859e-05
 -0.050000 	 -0.750000 	 2.271786e-05
 -0.050000 	 -0.700000 	 4.067482e-05
 -0.050000 	 -0.650000 	 7.406911e-05
 -0.050000 	 -0.600000 	 1.370985e-04
 -0.050000 	 -0.550000 	 2.577165e-04
 -0.050000 	 -0.500000 	 4.905976e-04
 -0.050000 	 -0.450000 	 9.428471e-04
 -0.050000 	 -0.400000 	 1.819294e-03
 -0.050000 	 -0.350000 	 3.499820e-03
 -0.050000 	 -0.300000 	 6.637902e-03
 -0.050000 	 -0.250000 	 1.224102e-02
 -0.050000 	 -0.200000 	 2.151673e-02
 -0.050000 	 -0.150000 	 3.514678e-02
 -0.050000 	 -0.100000 	 5.172035e-02
 -0.050000 	 -0.050000 	 6.638406e-02
 -0.050000 	 0.000000 	 7.240214e-02
 -0.050000 	 0.050000 	 6.638505e-02
 -0.050000 	 0.100000 	 5.172557e-02
 -0.050000 	 0.150000 	 3.514904e-02
 -0.050000 	 0.200000 	 2.151537e-02
 -0.050000 	 0.250000 	 1.224232e-02
 -0.050000 	 0.300000 	 6.639361e-03
 -0.050000 	 0.350000 	 3.499363e-03
 -0.050000 	 0.400000 	 1.819926e-03
 -0.050000 	 0.450000 	 9.428339e-04
 -0.050000 	 0.500000 	 4.905804e-04
 -0.050000 	 0.550000 	 2.577179e-04
 -0.050000 	 0.600000 	 1.371006e-04
 -0.050000 	 0.650000 	 7.405295e-05
 -0.050000 	 0.700000 	 4.067275e-05
 -0.050000 	 0.750000 	 2.272236e-05
 -0.050000 	 0.800000 	 1.291631e-05
 -0.050000 	 0.850000 	 7.473493e-06
 -0.050000 	 0.900000 	 4.397876e-06
 -0.050000 	 0.950000 	 2.631440e-06
 -0.050000 	 1.000000 	 1.600189e-06
 0.000000 	 -1.000000 	 1.589495e-06
 0.000000 	 -0.950000 	 2.615544e-06
 0.000000 	 -0.900000 	 4.374279e-06
 0.000000 	 -0.850000 	 7.442112e-06
 0.000000 	 -0.800000 	 1.287967e-05
 0.000000 	 -0.750000 	 2.268703e-05
 0.000000 	 -0.700000 	 4.067191e-05
 0.000000 	 -0.650000 	 7.421972e-05
 0.000000 	 -0.600000 	 1.377089e-04
 0.000000 	 -0.550000 	 2.595056e-04
 0.000000 	 -0.500000 	 4.956612e-04
 0.000000 	 -0.450000 	 9.562237e-04
 0.000000 	 -0.400000 	 1.853192e-03
 0.000000 	 -0.350000 	 3.582138e-03
 0.000000 	 -0.300000 	 6.835489e-03
 0.000000 	 -0.250000 	 1.268867e-02
 0.000000 	 -0.200000 	 2.245912e-02
 0.000000 	 -0.150000 	 3.695852e-02
 0.000000 	 -0.100000 	 5.475805e-02
 0.000000 	 -0.050000 	 7.064606e-02
 0.000000 	 0.000000 	 7.716998e-02
 0.000000 	 0.050000 	 7.063963e-02
 0.000000 	 0.100000 	 5.476799e-02
 0.000000 	 0.150000 	 3.695743e-02
 0.000000 	 0.200000 	 2.245957e-02
 0.000000 	 0.250000 	 1.268754e-02
 0.000000 	 0.300000 	 6.834136e-03
 0.000000 	 0.350000 	 3.582010e-03
 0.000000 	 0.400000 	 1.853276e-03
 0.000000 	 0.450000 	 9.558724e-04
 0.000000 	 0.500000 	 4.956783e-04
 0.000000 	 0.550000 	 2.596071e-04
 0.000000 	 0.600000 	 1.377233e-04
 0.000000 	 0.650000 	 7.421799e-05
 0.000000 	 0.700000 	 4.067615e-05
 0.000000 	 0.750000 	 2.268745e-05
 0.000000 	 0.800000 	 1.287854e-05
 0.000000 	 0.850000 	 7.442370e-06
 0.000000 	 0.900000 	 4.374450e-06
 0.000000 	 0.950000 	 2.615862e-06
 0.000000 	 1.000000 	 1.589477e-06
 0.050000 	 -1.000000 	 1.539924e-06
 0.050000 	 -0.950000 	 2.530386e-06
 0.050000 	 -0.900000 	 4.226345e-06
 0.050000 	 -0.850000 	 7.176498e-06
 0.050000 	 -0.800000 	 1.239724e-05
 0.050000 	 -0.750000 	 2.179289e-05
 0.050000 	 -0.700000 	 3.898032e-05
 0.050000 	 -0.650000 	 7.093482e-05
 0.050000 	 -0.600000 	 1.312470e-04
 0.050000 	 -0.550000 	 2.464937e-04
 0.050000 	 -0.500000 	 4.689511e-04
 0.050000 	 -0.450000 	 9.002747e-04
 0.050000 	 -0.400000 	 1.736084e-03
 0.050000 	 -0.350000 	 3.337193e-03
 0.050000 	 -0.300000 	 6.324381e-03
 0.050000 	 -0.250000 	 1.165501e-02
 0.050000 	 -0.200000 	 2.046936e-02
 0.050000 	 -0.150000 	 3.342234e-02
 0.050000 	 -0.100000 	 4.916240e-02
 0.050000 	 -0.050000 	 6.309496e-02
 0.050000 	 0.000000 	 6.880640e-02
 0.050000 	 0.050000 	 6.308822e-02
 0.050000 	 0.100000 	 4.916260e-02
 0.050000 	 0.150000 	 3.341831e-02
 0.050000 	 0.200000 	 2.047445e-02
 0.050000 	 0.250000 	 1.165543e-02
 0.050000 	 0.300000 	 6.325694e-03
 0.050000 	 0.350000 	 3.337274e-03
 0.050000 	 0.400000 	 1.735887e-03
 0.050000 	 0.450000 	 9.004127e-04
 0.050000 	 0.500000 	 4.689202e-04
 0.050000 	 0.550000 	 2.464765e-04
 0.050000 	 0.600000 	 1.312325e-04
 0.050000 	 0.650000 	 7.094233e-05
 0.050000 	 0.700000 	 3.898410e-05
 0.050000 	 0.750000 	 2.179616e-05
 0.050000 	 0.800000 	 1.239728e-05
 0.050000 	 0.850000 	 7.177322e-06
 0.050000 	 0.900000 	 4.226494e-06
 0.050000 	 0.950000 	 2.530532e-06
 0.050000 	 1.000000 	 1.539890e-06
 0.100000 	 -1.000000 	 1.456107e-06
 0.100000 	 -0.950000 	 2.384834e-06
 0.100000 	 -0.900000 	 3.967402e-06
 0.100000 	 -0.850000 	 6.706513e-06
 0.100000 	 -0.800000 	 1.153069e-05
 0.100000 	 -0.750000 	 2.015336e-05
 0.100000 	 -0.700000 	 3.581370e-05
 0.100000 	 -0.650000 	 6.472481e-05
 0.100000 	 -0.600000 	 1.187479e-04
 0.100000 	 -0.550000 	 2.209100e-04
 0.100000 	 -0.500000 	 4.158597e-04
 0.100000 	 -0.450000 	 7.888935e-04
 0.100000 	 -0.400000 	 1.500098e-03
 0.100000 	 -0.350000 	 2.837293e-03
 0.100000 	 -0.300000 	 5.280544e-03
 0.100000 	 -0.250000 	 9.539266e-03
 0.100000 	 -0.200000 	 1.640050e-02
 0.100000 	 -0.150000 	 2.619624e-02
 0.100000 	 -0.100000 	 3.779353e-02
 0.100000 	 -0.050000 	 4.782970e-02
 0.100000 	 0.000000 	 5.189989e-02
 0.100000 	 0.050000 	 4.782129e-02
 0.100000 	 0.100000 	 3.779327e-02
 0.100000 	 0.150000 	 2.619870e-02
 0.100000 	 0.200000 	 1.640059e-02
 0.100000 	 0.250000 	 9.539887e-03
 0.100000 	 0.300000 	 5.281919e-03
 0.100000 	 0.350000 	 2.836826e-03
 0.100000 	 0.400000 	 1.500029e-03
 0.100000 	 0.450000 	 7.887650e-04
 0.100000 	 0.500000 	 4.158485e-04
 0.100000 	 0.550000 	 2.210026e-04
 0.100000 	 0.600000 	 1.187692e-04
 0.100000 	 0.650000 	 6.471870e-05
 0.100000 	 0.700000 	 3.581890e-05
 0.100000 	 0.750000 	 2.015454e-05
 0.100000 	 0.800000 	 1.152744e-05
 0.100000 	 0.850000 	 6.706258e-06
 0.100000 	 0.900000 	 3.966651e-06
 0.100000 	 0.950000 	 2.384422e-06
 0.100000 	 1.000000 	 1.456300e-06
 0.150000 	 -1.000000 	 1.344459e-06
 0.150000 	 -0.950000 	 2.189651e-06
 0.150000 	 -0.900000 	 3.619370e-06
 0.150000 	 -0.850000 	 6.077031e-06
 0.150000 	 -0.800000 	 1.036686e-05
 0.150000 	 -0.750000 	 1.796113e-05
 0.150000 	 -0.700000 	 3.161588e-05
 0.150000 	 -0.650000 	 5.647200e-05
 0.150000 	 -0.600000 	 1.022720e-04
 0.150000 	 -0.550000 	 1.874868e-04
 0.150000 	 -0.500000 	 3.470689e-04
 0.150000 	 -0.450000 	 6.458842e-04
 0.150000 	 -0.400000 	 1.201663e-03
 0.150000 	 -0.350000 	 2.217008e-03
 0.150000 	 -0.300000 	 4.015886e-03
 0.150000 	 -0.250000 	 7.039526e-03
 0.150000 	 -0.200000 	 1.172459e-02
 0.150000 	 -0.150000 	 1.815420e-02
 0.150000 	 -0.100000 	 2.547954e-02
 0.150000 	 -0.050000 	 3.162544e-02
 0.150000 	 0.000000 	 3.406408e-02
 0.150000 	 0.050000 	 3.162575e-02
 0.150000 	 0.100000 	 2.547785e-02
 0.150000 	 0.150000 	 1.815230e-02
 0.150000 	 0.200000 	 1.172419e-02
 0.150000 	 0.250000 	 7.038716e-03
 0.150000 	 0.300000 	 4.016271e-03
 0.150000 	 0.350000 	 2.216950e-03
 0.150000 	 0.400000 	 1.201437e-03
 0.150000 	 0.450000 	 6.458810e-04
 0.150000 	 0.500000 	 3.470824e-04
 0.150000 	 0.550000 	 1.875394e-04
 0.150000 	 0.600000 	 1.022922e-04
 0.150000 	 0.650000 	 5.647480e-05
 0.150000 	 0.700000 	 3.161387e-05
 0.150000 	 0.750000 	 1.796340e-05
 0.150000 	 0.800000 	 1.036720e-05
 0.150000 	 0.850000 	 6.078407e-06
 0.150000 	 0.900000 	 3.620308e-06
 0.150000 	 0.950000 	 2.189161e-06
 0.150000 	 1.000000 	 1.344214e-06
 0.200000 	 -1.000000 	 1.212997e-06
 0.200000 	 -0.950000 	 1.960844e-06
 0.200000 	 -0.900000 	 3.215449e-06
 0.200000 	 -0.850000 	 5.349927e-06
 0.200000 	 -0.800000 	 9.028978e-06
 0.200000 	 -0.750000 	 1.546196e-05
 0.200000 	 -0.700000 	 2.685366e-05
 0.200000 	 -0.650000 	 4.725491e-05
 0.200000 	 -0.600000 	 8.414528e-05
 0.200000 	 -0.550000 	 1.513355e-04
 0.200000 	 -0.500000 	 2.740022e-04
 0.200000 	 -0.450000 	 4.974834e-04
 0.200000 	 -0.400000 	 9.000021e-04
 0.200000 	 -0.350000 	 1.610102e-03
 0.200000 	 -0.300000 	 2.818086e-03
 0.200000 	 -0.250000 	 4.761765e-03
 0.200000 	 -0.200000 	 7.639038e-03
 0.200000 	 -0.150000 	 1.140396e-02
 0.200000 	 -0.100000 	 1.551641e-02
 0.200000 	 -0.050000 	 1.885454e-02
 0.200000 	 0.000000 	 2.015030e-02
 0.200000 	 0.050000 	 1.885234e-02
 0.200000 	 0.100000 	 1.551699e-02
 0.200000 	 0.150000 	 1.140676e-02
 0.200000 	 0.200000 	 7.639142e-03
 0.200000 	 0.250000 	 4.762304e-03
 0.200000 	 0.300000 	 2.818473e-03
 0.200000 	 0.350000 	 1.610002e-03
 0.200000 	 0.400000 	 9.000336e-04
 0.200000 	 0.450000 	 4.974497e-04
 0.200000 	 0.500000 	 2.740819e-04
 0.200000 	 0.550000 	 1.513160e-04
 0.200000 	 0.600000 	 8.413732e-05
 0.200000 	 0.650000 	 4.725510e-05
 0.200000 	 0.700000 	 2.685548e-05
 0.200000 	 0.750000 	 1.546195e-05
 0.200000 	 0.800000 	 9.028595e-06
 0.200000 	 0.850000 	 5.349643e-06
 0.200000 	 0.900000 	 3.215515e-06
 0.200000 	 0.950000 	 1.960982e-06
 0.200000 	 1.000000 	 1.212820e-06
 0.250000 	 -1.000000 	 1.070684e-06
 0.250000 	 -0.950000 	 1.715400e-06
 0.250000 	 -0.900000 	 2.784370e-06
 0.250000 	 -0.850000 	 4.579828e-06
 0.250000 	 -0.800000 	 7.634046e-06
 0.250000 	 -0.750000 	 1.288267e-05
 0.250000 	 -0.700000 	 2.202340e-05
 0.250000 	 -0.650000 	 3.805574e-05
 0.250000 	 -0.600000 	 6.640487e-05
 0.250000 	 -0.550000 	 1.167449e-04
 0.250000 	 -0.500000 	 2.059781e-04
 0.250000 	 -0.450000 	 3.633177e-04
 0.250000 	 -0.400000 	 6.364709e-04
 0.250000 	 -0.350000 	 1.099408e-03
 0.250000 	 -0.300000 	 1.853054e-03
 0.250000 	 -0.250000 	 3.008893e-03
 0.250000 	 -0.200000 	 4.636256e-03
 0.250000 	 -0.150000 	 6.666702e-03
 0.250000 	 -0.100000 	 8.791066e-03
 0.250000 	 -0.050000 	 1.045530e-02
 0.250000 	 0.000000 	 1.109278e-02
 0.250000 	 0.050000 	 1.045519e-02
 0.250000 	 0.100000 	 8.788074e-03
 0.250000 	 0.150000 	 6.668538e-03
 0.250000 	 0.200000 	 4.636616e-03
 0.250000 	 0.250000 	 3.008175e-03
 0.250000 	 0.300000 	 1.852824e-03
 0.250000 	 0.350000 	 1.099743e-03
 0.250000 	 0.400000 	 6.365610e-04
 0.250000 	 0.450000 	 3.632875e-04
 0.250000 	 0.500000 	 2.059704e-04
 0.250000 	 0.550000 	 1.167280e-04
 0.250000 	 0.600000 	 6.640891e-05
 0.250000 	 0.650000 	 3.805408e-05
 0.250000 	 0.700000 	 2.202041e-05
 0.250000 	 0.750000 	 1.288518e-05
 0.250000 	 0.800000 	 7.633636e-06
 0.250000 	 0.850000 	 4.579431e-06
 0.250000 	 0.900000 	 2.784217e-06
 0.250000 	 0.950000 	 1.715180e-06
 0.250000 	 1.000000 	 1.070740e-06
 0.300000 	 -1.000000 	 9.261167e-07
 0.300000 	 -0.950000 	 1.468058e-06
 0.300000 	 -0.900000 	 2.354326e-06
 0.300000 	 -0.850000 	 3.821847e-06
 0.300000 	 -0.800000 	 6.277747e-06
 0.300000 	 -0.750000 	 1.042623e-05
 0.300000 	 -0.700000 	 1.749297e-05
 0.300000 	 -0.650000 	 2.962375e-05
 0.300000 	 -0.600000 	 5.052803e-05
 0.300000 	 -0.550000 	 8.653666e-05
 0.300000 	 -0.500000 	 1.484544e-04
 0.300000 	 -0.450000 	 2.537008e-04
 0.300000 	 -0.400000 	 4.296186e-04
 0.300000 	 -0.350000 	 7.148911e-04
 0.300000 	 -0.300000 	 1.157891e-03
 0.300000 	 -0.250000 	 1.805932e-03
 0.300000 	 -0.200000 	 2.674355e-03
 0.300000 	 -0.150000 	 3.708689e-03
 0.300000 	 -0.100000 	 4.746701e-03
 0.300000 	 -0.050000 	 5.535528e-03
 0.300000 	 0.000000 	 5.833456e-03
 0.300000 	 0.050000 	 5.536094e-03
 0.300000 	 0.100000 	 4.746620e-03
 0.300000 	 0.150000 	 3.708592e-03
 0.300000 	 0.200000 	 2.674887e-03
 0.300000 	 0.250000 	 1.805963e-03
 0.300000 	 0.300000 	 1.157913e-03
 0.300000 	 0.350000 	 7.148571e-04
 0.300000 	 0.400000 	 4.295008e-04
 0.300000 	 0.450000 	 2.537177e-04
 0.300000 	 0.500000 	 1.484601e-04
 0.300000 	 0.550000 	 8.655377e-05
 0.300000 	 0.600000 	 5.052223e-05
 0.300000 	 0.650000 	 2.962222e-05
 0.300000 	 0.700000 	 1.749529e-05
 0.300000 	 0.750000 	 1.042557e-05
 0.300000 	 0.800000 	 6.278089e-06
 0.300000 	 0.850000 	 3.822018e-06
 0.300000 	 0.900000 	 2.354681e-06
 0.300000 	 0.950000 	 1.467327e-06
 0.300000 	 1.000000 	 9.258189e-07
 0.350000 	 -1.000000 	 7.856172e-07
 0.350000 	 -0.950000 	 1.230407e-06
 0.350000 	 -0.900000 	 1.948035e-06
 0.350000 	 -0.850000 	 3.116653e-06
 0.350000 	 -0.800000 	 5.037285e-06
 0.350000 	 -0.750000 	 8.214497e-06
 0.350000 	 -0.700000 	 1.351287e-05
 0.350000 	 -0.650000 	 2.237730e-05
 0.350000 	 -0.600000 	 3.723496e-05
 0.350000 	 -0.550000 	 6.208579e-05
 0.350000 	 -0.500000 	 1.033436e-04
 0.350000 	 -0.450000 	 1.709149e-04
 0.350000 	 -0.400000 	 2.793177e-04
 0.350000 	 -0.350000 	 4.476643e-04
 0.350000 	 -0.300000 	 6.975169e-04
 0.350000 	 -0.250000 	 1.045968e-03
 0.350000 	 -0.200000 	 1.491920e-03
 0.350000 	 -0.150000 	 1.999794e-03
 0.350000 	 -0.100000 	 2.491219e-03
 0.350000 	 -0.050000 	 2.855609e-03
 0.350000 	 0.000000 	 2.990393e-03
 0.350000 	 0.050000 	 2.855470e-03
 0.350000 	 0.100000 	 2.491352e-03
 0.350000 	 0.150000 	 2.000017e-03
 0.350000 	 0.200000 	 1.492008e-03
 0.350000 	 0.250000 	 1.045910e-03
 0.350000 	 0.300000 	 6.975779e-04
 0.350000 	 0.350000 	 4.477565e-04
 0.350000 	 0.400000 	 2.793603e-04
 0.350000 	 0.450000 	 1.709156e-04
 0.350000 	 0.500000 	 1.033317e-04
 0.350000 	 0.550000 	 6.207072e-05
 0.350000 	 0.600000 	 3.722606e-05
 0.350000 	 0.650000 	 2.237717e-05
 0.350000 	 0.700000 	 1.351279e-05
 0.350000 	 0.750000 	 8.214413e-06
 0.350000 	 0.800000 	 5.037092e-06
 0.350000 	 0.850000 	 3.116662e-06
 0.350000 	 0.900000 	 1.948383e-06
 0.350000 	 0.950000 	 1.230575e-06
 0.350000 	 1.000000 	 7.854594e-07
 0.400000 	 -1.000000 	 6.548357e-07
 0.400000 	 -0.950000 	 1.012471e-06
 0.400000 	 -0.900000 	 1.580525e-06
 0.400000 	 -0.850000 	 2.489106e-06
 0.400000 	 -0.800000 	 3.952835e-06
 0.400000 	 -0.750000 	 6.326296e-06
 0.400000 	 -0.700000 	 1.018509e-05
 0.400000 	 -0.650000 	 1.647884e-05
 0.400000 	 -0.600000 	 2.672475e-05
 0.400000 	 -0.550000 	 4.332730e-05
 0.400000 	 -0.500000 	 6.995797e-05
 0.400000 	 -0.450000 	 1.119523e-04
 0.400000 	 -0.400000 	 1.766293e-04
 0.400000 	 -0.350000 	 2.729389e-04
 0.400000 	 -0.300000 	 4.096445e-04
 0.400000 	 -0.250000 	 5.918800e-04
 0.400000 	 -0.200000 	 8.155468e-04
 0.400000 	 -0.150000 	 1.060061e-03
 0.400000 	 -0.100000 	 1.289255e-03
 0.400000 	 -0.050000 	 1.454655e-03
 0.400000 	 0.000000 	 1.515474e-03
 0.400000 	 0.050000 	 1.455049e-03
 0.400000 	 0.100000 	 1.289066e-03
 0.400000 	 0.150000 	 1.060135e-03
 0.400000 	 0.200000 	 8.151301e-04
 0.400000 	 0.250000 	 5.919088e-04
 0.400000 	 0.300000 	 4.095888e-04
 0.400000 	 0.350000 	 2.729437e-04
 0.400000 	 0.400000 	 1.766561e-04
 0.400000 	 0.450000 	 1.119353e-04
 0.400000 	 0.500000 	 6.995257e-05
 0.400000 	 0.550000 	 4.332875e-05
 0.400000 	 0.600000 	 2.672167e-05
 0.400000 	 0.650000 	 1.647916e-05
 0.400000 	 0.700000 	 1.018339e-05
 0.400000 	 0.750000 	 6.325193e-06
 0.400000 	 0.800000 	 3.952676e-06
 0.400000 	 0.850000 	 2.489435e-06
 0.400000 	 0.900000 	 1.580424e-06
 0.400000 	 0.950000 	 1.012533e-06
 0.400000 	 1.000000 	 6.548657e-07
 0.450000 	 -1.000000 	 5.372177e-07
 0.450000 	 -0.950000 	 8.193541e-07
 0.450000 	 -0.900000 	 1.259885e-06
 0.450000 	 -0.850000 	 1.951460e-06
 0.450000 	 -0.800000 	 3.042716e-06
 0.450000 	 -0.750000 	 4.773578e-06
 0.450000 	 -0.700000 	 7.521439e-06
 0.450000 	 -0.650000 	 1.187901e-05
 0.450000 	 -0.600000 	 1.876920e-05
 0.450000 	 -0.550000 	 2.958514e-05
 0.450000 	 -0.500000 	 4.634181e-05
 0.450000 	 -0.450000 	 7.181792e-05
 0.450000 	 -0.400000 	 1.095424e-04
 0.450000 	 -0.350000 	 1.634433e-04
 0.450000 	 -0.300000 	 2.368550e-04
 0.450000 	 -0.250000 	 3.307594e-04
 0.450000 	 -0.200000 	 4.414760e-04
 0.450000 	 -0.150000 	 5.584610e-04
 0.450000 	 -0.100000 	 6.648942e-04
 0.450000 	 -0.050000 	 7.402431e-04
 0.450000 	 0.000000 	 7.675708e-04
 0.450000 	 0.050000 	 7.401774e-04
 0.450000 	 0.100000 	 6.648769e-04
 0.450000 	 0.150000 	 5.584700e-04
 0.450000 	 0.200000 	 4.414676e-04
 0.450000 	 0.250000 	 3.307051e-04
 0.450000 	 0.300000 	 2.368285e-04
 0.450000 	 0.350000 	 1.634284e-04
 0.450000 	 0.400000 	 1.095347e-04
 0.450000 	 0.450000 	 7.180789e-05
 0.450000 	 0.500000 	 4.633863e-05
 0.450000 	 0.550000 	 2.957764e-05
 0.450000 	 0.600000 	 1.877344e-05
 0.450000 	 0.650000 	 1.187994e-05
 0.450000 	 0.700000 	 7.519512e-06
 0.450000 	 0.750000 	 4.773607e-06
 0.450000 	 0.800000 	 3.043168e-06
 0.450000 	 0.850000 	 1.951218e-06
 0.450000 	 0.900000 	 1.259663e-06
 0.450000 	 0.950000 	 8.193240e-07
 0.450000 	 1.000000 	 5.370691e-07
 0.500000 	 -1.000000 	 4.343883e-07
 0.500000 	 -0.950000 	 6.530595e-07
 0.500000 	 -0.900000 	 9.885831e-07
 0.500000 	 -0.850000 	 1.505282e-06
 0.500000 	 -0.800000 	 2.304447e-06
 0.500000 	 -0.750000 	 3.542989e-06
 0.500000 	 -0.700000 	 5.459213e-06
 0.500000 	 -0.650000 	 8.417913e-06
 0.500000 	 -0.600000 	 1.296200e-05
 0.500000 	 -0.550000 	 1.986893e-05
 0.500000 	 -0.500000 	 3.021979e-05
 0.500000 	 -0.450000 	 4.539548e-05
 0.500000 	 -0.400000 	 6.704108e-05
 0.500000 	 -0.350000 	 9.682566e-05
 0.500000 	 -0.300000 	 1.358151e-04
 0.500000 	 -0.250000 	 1.838879e-04
 0.500000 	 -0.200000 	 2.385642e-04
 0.500000 	 -0.150000 	 2.946240e-04
 0.500000 	 -0.100000 	 3.443596e-04
 0.500000 	 -0.050000 	 3.788419e-04
 0.500000 	 0.000000 	 3.912786e-04
 0.500000 	 0.050000 	 3.788874e-04
 0.500000 	 0.100000 	 3.443393e-04
 0.500000 	 0.150000 	 2.946508e-04
 0.500000 	 0.200000 	 2.385918e-04
 0.500000 	 0.250000 	 1.838814e-04
 0.500000 	 0.300000 	 1.358107e-04
 0.500000 	 0.350000 	 9.682754e-05
 0.500000 	 0.400000 	 6.704490e-05
 0.500000 	 0.450000 	 4.539852e-05
 0.500000 	 0.500000 	 3.021515e-05
 0.500000 	 0.550000 	 1.986704e-05
 0.500000 	 0.600000 	 1.296239e-05
 0.500000 	 0.650000 	 8.417120e-06
 0.500000 	 0.700000 	 5.458650e-06
 0.500000 	 0.750000 	 3.542187e-06
 0.500000 	 0.800000 	 2.304561e-06
 0.500000 	 0.850000 	 1.505339e-06
 0.500000 	 0.900000 	 9.887568e-07
 0.500000 	 0.950000 	 6.531546e-07
 0.500000 	 1.000000 	 4.344359e-07
 0.550000 	 -1.000000 	 3.468567e-07
 0.550000 	 -0.950000 	 5.139170e-07
 0.550000 	 -0.900000 	 7.654705e-07
 0.550000 	 -0.850000 	 1.145790e-06
 0.550000 	 -0.800000 	 1.721264e-06
 0.550000 	 -0.750000 	 2.591955e-06
 0.550000 	 -0.700000 	 3.906629e-06
 0.550000 	 -0.650000 	 5.883197e-06
 0.550000 	 -0.600000 	 8.833777e-06
 0.550000 	 -0.550000 	 1.318333e-05
 0.550000 	 -0.500000 	 1.948797e-05
 0.550000 	 -0.450000 	 2.842639e-05
 0.550000 	 -0.400000 	 4.073898e-05
 0.550000 	 -0.350000 	 5.707965e-05
 0.550000 	 -0.300000 	 7.774526e-05
 0.550000 	 -0.250000 	 1.023302e-04
 0.550000 	 -0.200000 	 1.294761e-04
 0.550000 	 -0.150000 	 1.565368e-04
 0.550000 	 -0.100000 	 1.799760e-04
 0.550000 	 -0.050000 	 1.960434e-04
 0.550000 	 0.000000 	 2.017220e-04
 0.550000 	 0.050000 	 1.960184e-04
 0.550000 	 0.100000 	 1.799623e-04
 0.550000 	 0.150000 	 1.565160e-04
 0.550000 	 0.200000 	 1.294334e-04
 0.550000 	 0.250000 	 1.023399e-04
 0.550000 	 0.300000 	 7.772996e-05
 0.550000 	 0.350000 	 5.706795e-05
 0.550000 	 0.400000 	 4.074151e-05
 0.550000 	 0.450000 	 2.843032e-05
 0.550000 	 0.500000 	 1.948570e-05
 0.550000 	 0.550000 	 1.318174e-05
 0.550000 	 0.600000 	 8.834204e-06
 0.550000 	 0.650000 	 5.884119e-06
 0.550000 	 0.700000 	 3.906610e-06
 0.550000 	 0.750000 	 2.591505e-06
 0.550000 	 0.800000 	 1.720912e-06
 0.550000 	 0.850000 	 1.145664e-06
 0.550000 	 0.900000 	 7.655017e-07
 0.550000 	 0.950000 	 5.138369e-07
 0.550000 	 1.000000 	 3.468466e-07
 0.600000 	 -1.000000 	 2.738922e-07
 0.600000 	 -0.950000 	 3.996957e-07
 0.600000 	 -0.900000 	 5.860321e-07
 0.600000 	 -0.850000 	 8.619661e-07
 0.600000 	 -0.800000 	 1.270394e-06
 0.600000 	 -0.750000 	 1.875288e-06
 0.600000 	 -0.700000 	 2.766217e-06
 0.600000 	 -0.650000 	 4.070716e-06
 0.600000 	 -0.600000 	 5.964341e-06
 0.600000 	 -0.550000 	 8.672681e-06
 0.600000 	 -0.500000 	 1.248091e-05
 0.600000 	 -0.450000 	 1.771141e-05
 0.600000 	 -0.400000 	 2.468751e-05
 0.600000 	 -0.350000 	 3.363810e-05
 0.600000 	 -0.300000 	 4.459606e-05
 0.600000 	 -0.250000 	 5.726944e-05
 0.600000 	 -0.200000 	 7.082127e-05
 0.600000 	 -0.150000 	 8.405337e-05
 0.600000 	 -0.100000 	 9.528899e-05
 0.600000 	 -0.050000 	 1.028626e-04
 0.600000 	 0.000000 	 1.055356e-04
 0.600000 	 0.050000 	 1.028510e-04
 0.600000 	 0.100000 	 9.527648e-05
 0.600000 	 0.150000 	 8.403758e-05
 0.600000 	 0.200000 	 7.084222e-05
 0.600000 	 0.250000 	 5.725950e-05
 0.600000 	 0.300000 	 4.460349e-05
 0.600000 	 0.350000 	 3.363764e-05
 0.600000 	 0.400000 	 2.468646e-05
 0.600000 	 0.450000 	 1.771116e-05
 0.600000 	 0.500000 	 1.248144e-05
 0.600000 	 0.550000 	 8.672764e-06
 0.600000 	 0.600000 	 5.963713e-06
 0.600000 	 0.650000 	 4.070846e-06
 0.600000 	 0.700000 	 2.766001e-06
 0.600000 	 0.750000 	 1.875488e-06
 0.600000 	 0.800000 	 1.270577e-06
 0.600000 	 0.850000 	 8.617675e-07
 0.600000 	 0.900000 	 5.859608e-07
 0.600000 	 0.950000 	 3.998477e-07
 0.600000 	 1.000000 	 2.738523e-07
 0.650000 	 -1.000000 	 2.141846e-07
 0.650000 	 -0.950000 	 3.080049e-07
 0.650000 	 -0.900000 	 4.441960e-07
 0.650000 	 -0.850000 	 6.421925e-07
 0.650000 	 -0.800000 	 9.292101e-07
 0.650000 	 -0.750000 	 1.345084e-06
 0.650000 	 -0.700000 	 1.942563e-06
 0.650000 	 -0.650000 	 2.795818e-06
 0.650000 	 -0.600000 	 4.001213e-06
 0.650000 	 -0.550000 	 5.678914e-06
 0.650000 	 -0.500000 	 7.969701e-06
 0.650000 	 -0.450000 	 1.102456e-05
 0.650000 	 -0.400000 	 1.496796e-05
 0.650000 	 -0.350000 	 1.989195e-05
 0.650000 	 -0.300000 	 2.573977e-05
 0.650000 	 -0.250000 	 3.231014e-05
 0.650000 	 -0.200000 	 3.919460e-05
 0.650000 	 -0.150000 	 4.574524e-05
 0.650000 	 -0.100000 	 5.122295e-05
 0.650000 	 -0.050000 	 5.488763e-05
 0.650000 	 0.000000 	 5.615288e-05
 0.650000 	 0.050000 	 5.487349e-05
 0.650000 	 0.100000 	 5.121145e-05
 0.650000 	 0.150000 	 4.574522e-05
 0.650000 	 0.200000 	 3.918914e-05
 0.650000 	 0.250000 	 3.231664e-05
 0.650000 	 0.300000 	 2.573636e-05
 0.650000 	 0.350000 	 1.989005e-05
 0.650000 	 0.400000 	 1.497137e-05
 0.650000 	 0.450000 	 1.102103e-05
 0.650000 	 0.500000 	 7.969140e-06
 0.650000 	 0.550000 	 5.677943e-06
 0.650000 	 0.600000 	 4.001343e-06
 0.650000 	 0.650000 	 2.796560e-06
 0.650000 	 0.700000 	 1.942783e-06
 0.650000 	 0.750000 	 1.344927e-06
 0.650000 	 0.800000 	 9.295311e-07
 0.650000 	 0.850000 	 6.421185e-07
 0.650000 	 0.900000 	 4.442641e-07
 0.650000 	 0.950000 	 3.080027e-07
 0.650000 	 1.000000 	 2.141973e-07
 0.700000 	 -1.000000 	 1.661397e-07
 0.700000 	 -0.950000 	 2.353976e-07
 0.700000 	 -0.900000 	 3.341777e-07
 0.700000 	 -0.850000 	 4.748691e-07
 0.700000 	 -0.800000 	 6.750452e-07
 0.700000 	 -0.750000 	 9.580265e-07
 0.700000 	 -0.700000 	 1.356267e-06
 0.700000 	 -0.650000 	 1.911165e-06
 0.700000 	 -0.600000 	 2.674849e-06
 0.700000 	 -0.550000 	 3.710933e-06
 0.700000 	 -0.500000 	 5.086259e-06
 0.700000 	 -0.450000 	 6.868396e-06
 0.700000 	 -0.400000 	 9.110446e-06
 0.700000 	 -0.350000 	 1.183109e-05
 0.700000 	 -0.300000 	 1.498337e-05
 0.700000 	 -0.250000 	 1.843580e-05
 0.700000 	 -0.200000 	 2.196914e-05
 0.700000 	 -0.150000 	 2.527301e-05
 0.700000 	 -0.100000 	 2.799932e-05
 0.700000 	 -0.050000 	 2.979426e-05
 0.700000 	 0.000000 	 3.042253e-05
 0.700000 	 0.050000 	 2.979795e-05
 0.700000 	 0.100000 	 2.799551e-05
 0.700000 	 0.150000 	 2.527339e-05
 0.700000 	 0.200000 	 2.196805e-05
 0.700000 	 0.250000 	 1.843722e-05
 0.700000 	 0.300000 	 1.497928e-05
 0.700000 	 0.350000 	 1.183096e-05
 0.700000 	 0.400000 	 9.111274e-06
 0.700000 	 0.450000 	 6.868326e-06
 0.700000 	 0.500000 	 5.085709e-06
 0.700000 	 0.550000 	 3.710499e-06
 0.700000 	 0.600000 	 2.675288e-06
 0.700000 	 0.650000 	 1.911021e-06
 0.700000 	 0.700000 	 1.356299e-06
 0.700000 	 0.750000 	 9.582142e-07
 0.700000 	 0.800000 	 6.751396e-07
 0.700000 	 0.850000 	 4.748752e-07
 0.700000 	 0.900000 	 3.341647e-07
 0.700000 	 0.950000 	 2.353742e-07
 0.700000 	 1.000000 	 1.661237e-07
 0.750000 	 -1.000000 	 1.279841e-07
 0.750000 	 -0.950000 	 1.786623e-07
 0.750000 	 -0.900000 	 2.497566e-07
 0.750000 	 -0.850000 	 3.491220e-07
 0.750000 	 -0.800000 	 4.876636e-07
 0.750000 	 -0.750000 	 6.796086e-07
 0.750000 	 -0.700000 	 9.434591e-07
 0.750000 	 -0.650000 	 1.302793e-06
 0.750000 	 -0.600000 	 1.785626e-06
 0.750000 	 -0.550000 	 2.424143e-06
 0.750000 	 -0.500000 	 3.251005e-06
 0.750000 	 -0.450000 	 4.296955e-06
 0.750000 	 -0.400000 	 5.578015e-06
 0.750000 	 -0.350000 	 7.091283e-06
 0.750000 	 -0.300000 	 8.806654e-06
 0.750000 	 -0.250000 	 1.064727e-05
 0.750000 	 -0.200000 	 1.249541e-05
 0.750000 	 -0.150000 	 1.418918e-05
 0.750000 	 -0.100000 	 1.556737e-05
 0.750000 	 -0.050000 	 1.646959e-05
 0.750000 	 0.000000 	 1.678862e-05
 0.750000 	 0.050000 	 1.647091e-05
 0.750000 	 0.100000 	 1.556833e-05
 0.750000 	 0.150000 	 1.419106e-05
 0.750000 	 0.200000 	 1.249231e-05
 0.750000 	 0.250000 	 1.064523e-05
 0.750000 	 0.300000 	 8.806713e-06
 0.750000 	 0.350000 	 7.093670e-06
 0.750000 	 0.400000 	 5.577522e-06
 0.750000 	 0.450000 	 4.296611e-06
 0.750000 	 0.500000 	 3.251404e-06
 0.750000 	 0.550000 	 2.424166e-06
 0.750000 	 0.600000 	 1.785638e-06
 0.750000 	 0.650000 	 1.302832e-06
 0.750000 	 0.700000 	 9.436081e-07
 0.750000 	 0.750000 	 6.795613e-07
 0.750000 	 0.800000 	 4.876448e-07
 0.750000 	 0.850000 	 3.491421e-07
 0.750000 	 0.900000 	 2.497500e-07
 0.750000 	 0.950000 	 1.787141e-07
 0.750000 	 1.000000 	 1.279796e-07
 0.800000 	 -1.000000 	 9.807613e-08
 0.800000 	 -0.950000 	 1.349430e-07
 0.800000 	 -0.900000 	 1.857619e-07
 0.800000 	 -0.850000 	 2.555867e-07
 0.800000 	 -0.800000 	 3.510190e-07
 0.800000 	 -0.750000 	 4.805502e-07
 0.800000 	 -0.700000 	 6.549244e-07
 0.800000 	 -0.650000 	 8.873557e-07
 0.800000 	 -0.600000 	 1.192743e-06
 0.800000 	 -0.550000 	 1.586779e-06
 0.800000 	 -0.500000 	 2.085201e-06
 0.800000 	 -0.450000 	 2.701618e-06
 0.800000 	 -0.400000 	 3.439590e-06
 0.800000 	 -0.350000 	 4.292144e-06
 0.800000 	 -0.300000 	 5.236695e-06
 0.800000 	 -0.250000 	 6.230664e-06
 0.800000 	 -0.200000 	 7.210330e-06
 0.800000 	 -0.150000 	 8.099693e-06
 0.800000 	 -0.100000 	 8.810384e-06
 0.800000 	 -0.050000 	 9.274062e-06
 0.800000 	 0.000000 	 9.435478e-06
 0.800000 	 0.050000 	 9.274872e-06
 0.800000 	 0.100000 	 8.811048e-06
 0.800000 	 0.150000 	 8.099769e-06
 0.800000 	 0.200000 	 7.211157e-06
 0.800000 	 0.250000 	 6.231115e-06
 0.800000 	 0.300000 	 5.237248e-06
 0.800000 	 0.350000 	 4.291793e-06
 0.800000 	 0.400000 	 3.438867e-06
 0.800000 	 0.450000 	 2.701673e-06
 0.800000 	 0.500000 	 2.085582e-06
 0.800000 	 0.550000 	 1.586987e-06
 0.800000 	 0.600000 	 1.192740e-06
 0.800000 	 0.650000 	 8.874464e-07
 0.800000 	 0.700000 	 6.549239e-07
 0.800000 	 0.750000 	 4.805185e-07
 0.800000 	 0.800000 	 3.510043e-07
 0.800000 	 0.850000 	 2.555863e-07
 0.800000 	 0.900000 	 1.857960e-07
 0.800000 	 0.950000 	 1.349728e-07
 0.800000 	 1.000000 	 9.806227e-08
 0.850000 	 -1.000000 	 7.478737e-08
 0.850000 	 -0.950000 	 1.015065e-07
 0.850000 	 -0.900000 	 1.376792e-07
 0.850000 	 -0.850000 	 1.865098e-07
 0.850000 	 -0.800000 	 2.520456e-07
 0.850000 	 -0.750000 	 3.393645e-07
 0.850000 	 -0.700000 	 4.544325e-07
 0.850000 	 -0.650000 	 6.048370e-07
 0.850000 	 -0.600000 	 7.980722e-07
 0.850000 	 -0.550000 	 1.042125e-06
 0.850000 	 -0.500000 	 1.344978e-06
 0.850000 	 -0.450000 	 1.710122e-06
 0.850000 	 -0.400000 	 2.138429e-06
 0.850000 	 -0.350000 	 2.623667e-06
 0.850000 	 -0.300000 	 3.151559e-06
 0.850000 	 -0.250000 	 3.696962e-06
 0.850000 	 -0.200000 	 4.225878e-06
 0.850000 	 -0.150000 	 4.699274e-06
 0.850000 	 -0.100000 	 5.075095e-06
 0.850000 	 -0.050000 	 5.318741e-06
 0.850000 	 0.000000 	 5.402130e-06
 0.850000 	 0.050000 	 5.319368e-06
 0.850000 	 0.100000 	 5.075934e-06
 0.850000 	 0.150000 	 4.699523e-06
 0.850000 	 0.200000 	 4.225560e-06
 0.850000 	 0.250000 	 3.696711e-06
 0.850000 	 0.300000 	 3.151586e-06
 0.850000 	 0.350000 	 2.623694e-06
 0.850000 	 0.400000 	 2.138671e-06
 0.850000 	 0.450000 	 1.709792e-06
 0.850000 	 0.500000 	 1.344514e-06
 0.850000 	 0.550000 	 1.042300e-06
 0.850000 	 0.600000 	 7.980740e-07
 0.850000 	 0.650000 	 6.047253e-07
 0.850000 	 0.700000 	 4.546223e-07
 0.850000 	 0.750000 	 3.393933e-07
 0.850000 	 0.800000 	 2.520113e-07
 0.850000 	 0.850000 	 1.865195e-07
 0.850000 	 0.900000 	 1.376805e-07
 0.850000 	 0.950000 	 1.015182e-07
 0.850000 	 1.000000 	 7.477831e-08
 0.900000 	 -1.000000 	 5.684818e-08
 0.900000 	 -0.950000 	 7.611906e-08
 0.900000 	 -0.900000 	 1.018119e-07
 0.900000 	 -0.850000 	 1.358833e-07
 0.900000 	 -0.800000 	 1.808286e-07
 0.900000 	 -0.750000 	 2.395493e-07
 0.900000 	 -0.700000 	 3.156465e-07
 0.900000 	 -0.650000 	 4.130333e-07
 0.900000 	 -0.600000 	 5.357643e-07
 0.900000 	 -0.550000 	 6.877426e-07
 0.900000 	 -0.500000 	 8.723502e-07
 0.900000 	 -0.450000 	 1.090624e-06
 0.900000 	 -0.400000 	 1.342105e-06
 0.900000 	 -0.350000 	 1.621304e-06
 0.900000 	 -0.300000 	 1.919787e-06
 0.900000 	 -0.250000 	 2.224158e-06
 0.900000 	 -0.200000 	 2.514726e-06
 0.900000 	 -0.150000 	 2.771763e-06
 0.900000 	 -0.100000 	 2.975028e-06
 0.900000 	 -0.050000 	 3.104805e-06
 0.900000 	 0.000000 	 3.149319e-06
 0.900000 	 0.050000 	 3.104782e-06
 0.900000 	 0.100000 	 2.974504e-06
 0.900000 	 0.150000 	 2.772104e-06
 0.900000 	 0.200000 	 2.514599e-06
 0.900000 	 0.250000 	 2.223461e-06
 0.900000 	 0.300000 	 1.920055e-06
 0.900000 	 0.350000 	 1.621649e-06
 0.900000 	 0.400000 	 1.342046e-06
 0.900000 	 0.450000 	 1.090768e-06
 0.900000 	 0.500000 	 8.721767e-07
 0.900000 	 0.550000 	 6.877282e-07
 0.900000 	 0.600000 	 5.356631e-07
 0.900000 	 0.650000 	 4.129870e-07
 0.900000 	 0.700000 	 3.156761e-07
 0.900000 	 0.750000 	 2.395805e-07
 0.900000 	 0.800000 	 1.808231e-07
 0.900000 	 0.850000 	 1.358891e-07
 0.900000 	 0.900000 	 1.018429e-07
 0.900000 	 0.950000 	 7.613245e-08
 0.900000 	 1.000000 	 5.684753e-08
 0.950000 	 -1.000000 	 4.310788e-08
 0.950000 	 -0.950000 	 5.696507e-08
 0.950000 	 -0.900000 	 7.516853e-08
 0.950000 	 -0.850000 	 9.894150e-08
 0.950000 	 -0.800000 	 1.296934e-07
 0.950000 	 -0.750000 	 1.693036e-07
 0.950000 	 -0.700000 	 2.196095e-07
 0.950000 	 -0.650000 	 2.828593e-07
 0.950000 	 -0.600000 	 3.611205e-07
 0.950000 	 -0.550000 	 4.562895e-07
 0.950000 	 -0.500000 	 5.696384e-07
 0.950000 	 -0.450000 	 7.014815e-07
 0.950000 	 -0.400000 	 8.504232e-07
 0.950000 	 -0.350000 	 1.013467e-06
 0.950000 	 -0.300000 	 1.184784e-06
 0.950000 	 -0.250000 	 1.356508e-06
 0.950000 	 -0.200000 	 1.519645e-06
 0.950000 	 -0.150000 	 1.661796e-06
 0.950000 	 -0.100000 	 1.773091e-06
 0.950000 	 -0.050000 	 1.843789e-06
 0.950000 	 0.000000 	 1.868268e-06
 0.950000 	 0.050000 	 1.843574e-06
 0.950000 	 0.100000 	 1.772761e-06
 0.950000 	 0.150000 	 1.661647e-06
 0.950000 	 0.200000 	 1.519167e-06
 0.950000 	 0.250000 	 1.356723e-06
 0.950000 	 0.300000 	 1.184811e-06
 0.950000 	 0.350000 	 1.013452e-06
 0.950000 	 0.400000 	 8.505472e-07
 0.950000 	 0.450000 	 7.014240e-07
 0.950000 	 0.500000 	 5.695195e-07
 0.950000 	 0.550000 	 4.563380e-07
 0.950000 	 0.600000 	 3.610679e-07
 0.950000 	 0.650000 	 2.828724e-07
 0.950000 	 0.700000 	 2.196144e-07
 0.950000 	 0.750000 	 1.692773e-07
 0.950000 	 0.800000 	 1.296971e-07
 0.950000 	 0.850000 	 9.892371e-08
 0.950000 	 0.900000 	 7.516932e-08
 0.950000 	 0.950000 	 5.695658e-08
 0.950000 	 1.000000 	 4.310619e-08
 1.000000 	 -1.000000 	 3.263470e-08
 1.000000 	 -0.950000 	 4.258618e-08
 1.000000 	 -0.900000 	 5.547400e-08
 1.000000 	 -0.850000 	 7.202694e-08
 1.000000 	 -0.800000 	 9.313280e-08
 1.000000 	 -0.750000 	 1.198202e-07
 1.000000 	 -0.700000 	 1.532172e-07
 1.000000 	 -0.650000 	 1.944523e-07
 1.000000 	 -0.600000 	 2.446511e-07
 1.000000 	 -0.550000 	 3.045423e-07
 1.000000 	 -0.500000 	 3.747670e-07
 1.000000 	 -0.450000 	 4.550538e-07
 1.000000 	 -0.400000 	 5.443668e-07
 1.000000 	 -0.350000 	 6.406601e-07
 1.000000 	 -0.300000 	 7.404112e-07
 1.000000 	 -0.250000 	 8.392330e-07
 1.000000 	 -0.200000 	 9.317518e-07
 1.000000 	 -0.150000 	 1.011947e-06
 1.000000 	 -0.100000 	 1.074189e-06
 1.000000 	 -0.050000 	 1.113682e-06
 1.000000 	 0.000000 	 1.127045e-06
 1.000000 	 0.050000 	 1.113482e-06
 1.000000 	 0.100000 	 1.074112e-06
 1.000000 	 0.150000 	 1.011830e-06
 1.000000 	 0.200000 	 9.315342e-07
 1.000000 	 0.250000 	 8.392001e-07
 1.000000 	 0.300000 	 7.404133e-07
 1.000000 	 0.350000 	 6.406967e-07
 1.000000 	 0.400000 	 5.444523e-07
 1.000000 	 0.450000 	 4.550228e-07
 1.000000 	 0.500000 	 3.747812e-07
 1.000000 	 0.550000 	 3.045545e-07
 1.000000 	 0.600000 	 2.446243e-07
 1.000000 	 0.650000 	 1.944520e-07
 1.000000 	 0.700000 	 1.532153e-07
 1.000000 	 0.750000 	 1.198222e-07
 1.000000 	 0.800000 	 9.314961e-08
 1.000000 	 0.850000 	 7.202115e-08
 1.000000 	 0.900000 	 5.547162e-08
 1.000000 	 0.950000 	 4.258975e-08
 1.000000 	 1.000000 	 3.262789e-08
