 -1.000000 	 -1.000000 	 4.861184e-06
 -1.000000 	 -0.950000 	 5.999482e-06
 -1.000000 	 -0.900000 	 7.385626e-06
 -1.000000 	 -0.850000 	 9.064758e-06
 -1.000000 	 -0.800000 	 1.107604e-05
 -1.000000 	 -0.750000 	 1.347201e-05
 -1.000000 	 -0.700000 	 1.629593e-05
 -1.000000 	 -0.650000 	 1.957241e-05
 -1.000000 	 -0.600000 	 2.333263e-05
 -1.000000 	 -0.550000 	 2.757712e-05
 -1.000000 	 -0.500000 	 3.227632e-05
 -1.000000 	 -0.450000 	 3.737717e-05
 -1.000000 	 -0.400000 	 4.276957e-05
 -1.000000 	 -0.350000 	 4.830670e-05
 -1.000000 	 -0.300000 	 5.382473e-05
 -1.000000 	 -0.250000 	 5.907401e-05
 -1.000000 	 -0.200000 	 6.382604e-05
 -1.000000 	 -0.150000 	 6.784881e-05
 -1.000000 	 -0.100000 	 7.091041e-05
 -1.000000 	 -0.050000 	 7.280767e-05
 -1.000000 	 0.000000 	 7.346381e-05
 -1.000000 	 0.050000 	 7.280743e-05
 -1.000000 	 0.100000 	 7.089147e-05
 -1.000000 	 0.150000 	 6.783799e-05
 -1.000000 	 0.200000 	 6.383430e-05
 -1.000000 	 0.250000 	 5.907780e-05
 -1.000000 	 0.300000 	 5.381796e-05
 -1.000000 	 0.350000 	 4.831345e-05
 -1.000000 	 0.400000 	 4.278043e-05
 -1.000000 	 0.450000 	 3.737876e-05
 -1.000000 	 0.500000 	 3.228179e-05
 -1.000000 	 0.550000 	 2.758043e-05
 -1.000000 	 0.600000 	 2.333529e-05
 -1.000000 	 0.650000 	 1.957120e-05
 -1.000000 	 0.700000 	 1.629311e-05
 -1.000000 	 0.750000 	 1.347411e-05
 -1.000000 	 0.800000 	 1.107885e-05
 -1.000000 	 0.850000 	 9.062985e-06
 -1.000000 	 0.900000 	 7.386650e-06
 -1.000000 	 0.950000 	 6.000924e-06
 -1.000000 	 1.000000 	 4.861504e-06
 -0.950000 	 -1.000000 	 6.208512e-06
 -0.950000 	 -0.950000 	 7.747256e-06
 -0.950000 	 -0.900000 	 9.643827e-06
 -0.950000 	 -0.850000 	 1.197004e-05
 -0.950000 	 -0.800000 	 1.479781e-05
 -0.950000 	 -0.750000 	 1.821087e-05
 -0.950000 	 -0.700000 	 2.229164e-05
 -0.950000 	 -0.650000 	 2.709671e-05
 -0.950000 	 -0.600000 	 3.268741e-05
 -0.950000 	 -0.550000 	 3.908551e-05
 -0.950000 	 -0.500000 	 4.626704e-05
 -0.950000 	 -0.450000 	 5.414714e-05
 -0.950000 	 -0.400000 	 6.258945e-05
 -0.950000 	 -0.350000 	 7.138034e-05
 -0.950000 	 -0.300000 	 8.019825e-05
 -0.950000 	 -0.250000 	 8.869891e-05
 -0.950000 	 -0.200000 	 9.645523e-05
 -0.950000 	 -0.150000 	 1.030322e-04
 -0.950000 	 -0.100000 	 1.080711e-04
 -0.950000 	 -0.050000 	 1.112232e-04
 -0.950000 	 0.000000 	 1.122897e-04
 -0.950000 	 0.050000 	 1.112195e-04
 -0.950000 	 0.100000 	 1.080559e-04
 -0.950000 	 0.150000 	 1.030296e-04
 -0.950000 	 0.200000 	 9.644034e-05
 -0.950000 	 0.250000 	 8.868116e-05
 -0.950000 	 0.300000 	 8.020496e-05
 -0.950000 	 0.350000 	 7.137162e-05
 -0.950000 	 0.400000 	 6.260080e-05
 -0.950000 	 0.450000 	 5.415288e-05
 -0.950000 	 0.500000 	 4.625975e-05
 -0.950000 	 0.550000 	 3.908090e-05
 -0.950000 	 0.600000 	 3.268801e-05
 -0.950000 	 0.650000 	 2.709207e-05
 -0.950000 	 0.700000 	 2.229108e-05
 -0.950000 	 0.750000 	 1.821259e-05
 -0.950000 	 0.800000 	 1.479814e-05
 -0.950000 	 0.850000 	 1.196782e-05
 -0.950000 	 0.900000 	 9.643465e-06
 -0.950000 	 0.950000 	 7.747633e-06
 -0.950000 	 1.000000 	 6.208968e-06
 -0.900000 	 -1.000000 	 7.906075e-06
 -0.900000 	 -0.950000 	 9.973453e-06
 -0.900000 	 -0.900000 	 1.256344e-05
 -0.900000 	 -0.850000 	 1.577932e-05
 -0.900000 	 -0.800000 	 1.975123e-05
 -0.900000 	 -0.750000 	 2.462131e-05
 -0.900000 	 -0.700000 	 3.051391e-05
 -0.900000 	 -0.650000 	 3.756798e-05
 -0.900000 	 -0.600000 	 4.591155e-05
 -0.900000 	 -0.550000 	 5.558655e-05
 -0.900000 	 -0.500000 	 6.661894e-05
 -0.900000 	 -0.450000 	 7.890114e-05
 -0.900000 	 -0.400000 	 9.222062e-05
 -0.900000 	 -0.350000 	 1.062816e-04
 -0.900000 	 -0.300000 	 1.205312e-04
 -0.900000 	 -0.250000 	 1.343935e-04
 -0.900000 	 -0.200000 	 1.471830e-04
 -0.900000 	 -0.150000 	 1.580919e-04
 -0.900000 	 -0.100000 	 1.665031e-04
 -0.900000 	 -0.050000 	 1.717948e-04
 -0.900000 	 0.000000 	 1.735928e-04
 -0.900000 	 0.050000 	 1.717705e-04
 -0.900000 	 0.100000 	 1.665112e-04
 -0.900000 	 0.150000 	 1.581059e-04
 -0.900000 	 0.200000 	 1.471887e-04
 -0.900000 	 0.250000 	 1.344056e-04
 -0.900000 	 0.300000 	 1.205433e-04
 -0.900000 	 0.350000 	 1.062545e-04
 -0.900000 	 0.400000 	 9.222950e-05
 -0.900000 	 0.450000 	 7.889596e-05
 -0.900000 	 0.500000 	 6.661250e-05
 -0.900000 	 0.550000 	 5.559348e-05
 -0.900000 	 0.600000 	 4.590916e-05
 -0.900000 	 0.650000 	 3.757524e-05
 -0.900000 	 0.700000 	 3.051361e-05
 -0.900000 	 0.750000 	 2.461663e-05
 -0.900000 	 0.800000 	 1.975721e-05
 -0.900000 	 0.850000 	 1.578145e-05
 -0.900000 	 0.900000 	 1.256510e-05
 -0.900000 	 0.950000 	 9.975613e-06
 -0.900000 	 1.000000 	 7.906900e-06
 -0.850000 	 -1.000000 	 1.002705e-05
 -0.850000 	 -0.950000 	 1.279931e-05
 -0.850000 	 -0.900000 	 1.631834e-05
 -0.850000 	 -0.850000 	 2.075779e-05
 -0.850000 	 -0.800000 	 2.632638e-05
 -0.850000 	 -0.750000 	 3.324543e-05
 -0.850000 	 -0.700000 	 4.177500e-05
 -0.850000 	 -0.650000 	 5.214452e-05
 -0.850000 	 -0.600000 	 6.459312e-05
 -0.850000 	 -0.550000 	 7.927486e-05
 -0.850000 	 -0.500000 	 9.628414e-05
 -0.850000 	 -0.450000 	 1.155216e-04
 -0.850000 	 -0.400000 	 1.367230e-04
 -0.850000 	 -0.350000 	 1.593528e-04
 -0.850000 	 -0.300000 	 1.826161e-04
 -0.850000 	 -0.250000 	 2.055192e-04
 -0.850000 	 -0.200000 	 2.267980e-04
 -0.850000 	 -0.150000 	 2.452067e-04
 -0.850000 	 -0.100000 	 2.594170e-04
 -0.850000 	 -0.050000 	 2.683806e-04
 -0.850000 	 0.000000 	 2.714999e-04
 -0.850000 	 0.050000 	 2.684412e-04
 -0.850000 	 0.100000 	 2.594175e-04
 -0.850000 	 0.150000 	 2.451950e-04
 -0.850000 	 0.200000 	 2.267750e-04
 -0.850000 	 0.250000 	 2.055345e-04
 -0.850000 	 0.300000 	 1.825847e-04
 -0.850000 	 0.350000 	 1.593537e-04
 -0.850000 	 0.400000 	 1.367230e-04
 -0.850000 	 0.450000 	 1.155162e-04
 -0.850000 	 0.500000 	 9.629341e-05
 -0.850000 	 0.550000 	 7.929627e-05
 -0.850000 	 0.600000 	 6.459514e-05
 -0.850000 	 0.650000 	 5.215418e-05
 -0.850000 	 0.700000 	 4.176629e-05
 -0.850000 	 0.750000 	 3.324401e-05
 -0.850000 	 0.800000 	 2.632453e-05
 -0.850000 	 0.850000 	 2.075666e-05
 -0.850000 	 0.900000 	 1.632205e-05
 -0.850000 	 0.950000 	 1.279927e-05
 -0.850000 	 1.000000 	 1.002705e-05
 -0.800000 	 -1.000000 	 1.265143e-05
 -0.800000 	 -0.950000 	 1.634842e-05
 -0.800000 	 -0.900000 	 2.110621e-05
 -0.800000 	 -0.850000 	 2.721008e-05
 -0.800000 	 -0.800000 	 3.497493e-05
 -0.800000 	 -0.750000 	 4.479731e-05
 -0.800000 	 -0.700000 	 5.709936e-05
 -0.800000 	 -0.650000 	 7.231854e-05
 -0.800000 	 -0.600000 	 9.091502e-05
 -0.800000 	 -0.550000 	 1.132422e-04
 -0.800000 	 -0.500000 	 1.395785e-04
 -0.800000 	 -0.450000 	 1.698056e-04
 -0.800000 	 -0.400000 	 2.037063e-04
 -0.800000 	 -0.350000 	 2.404473e-04
 -0.800000 	 -0.300000 	 2.788003e-04
 -0.800000 	 -0.250000 	 3.169244e-04
 -0.800000 	 -0.200000 	 3.528553e-04
 -0.800000 	 -0.150000 	 3.840521e-04
 -0.800000 	 -0.100000 	 4.084431e-04
 -0.800000 	 -0.050000 	 4.239358e-04
 -0.800000 	 0.000000 	 4.292317e-04
 -0.800000 	 0.050000 	 4.239536e-04
 -0.800000 	 0.100000 	 4.084538e-04
 -0.800000 	 0.150000 	 3.840417e-04
 -0.800000 	 0.200000 	 3.528312e-04
 -0.800000 	 0.250000 	 3.169577e-04
 -0.800000 	 0.300000 	 2.786990e-04
 -0.800000 	 0.350000 	 2.404329e-04
 -0.800000 	 0.400000 	 2.036844e-04
 -0.800000 	 0.450000 	 1.697950e-04
 -0.800000 	 0.500000 	 1.395497e-04
 -0.800000 	 0.550000 	 1.132438e-04
 -0.800000 	 0.600000 	 9.091105e-05
 -0.800000 	 0.650000 	 7.233472e-05
 -0.800000 	 0.700000 	 5.709521e-05
 -0.800000 	 0.750000 	 4.480127e-05
 -0.800000 	 0.800000 	 3.497684e-05
 -0.800000 	 0.850000 	 2.720675e-05
 -0.800000 	 0.900000 	 2.110912e-05
 -0.800000 	 0.950000 	 1.634864e-05
 -0.800000 	 1.000000 	 1.265231e-05
 -0.750000 	 -1.000000 	 1.586990e-05
 -0.750000 	 -0.950000 	 2.076590e-05
 -0.750000 	 -0.900000 	 2.715949e-05
 -0.750000 	 -0.850000 	 3.548866e-05
 -0.750000 	 -0.800000 	 4.626602e-05
 -0.750000 	 -0.750000 	 6.015507e-05
 -0.750000 	 -0.700000 	 7.784207e-05
 -0.750000 	 -0.650000 	 1.001540e-04
 -0.750000 	 -0.600000 	 1.279096e-04
 -0.750000 	 -0.550000 	 1.618439e-04
 -0.750000 	 -0.500000 	 2.026179e-04
 -0.750000 	 -0.450000 	 2.502761e-04
 -0.750000 	 -0.400000 	 3.047280e-04
 -0.750000 	 -0.350000 	 3.646944e-04
 -0.750000 	 -0.300000 	 4.282572e-04
 -0.750000 	 -0.250000 	 4.924664e-04
 -0.750000 	 -0.200000 	 5.536022e-04
 -0.750000 	 -0.150000 	 6.073260e-04
 -0.750000 	 -0.100000 	 6.494434e-04
 -0.750000 	 -0.050000 	 6.764817e-04
 -0.750000 	 0.000000 	 6.856720e-04
 -0.750000 	 0.050000 	 6.765382e-04
 -0.750000 	 0.100000 	 6.495312e-04
 -0.750000 	 0.150000 	 6.072662e-04
 -0.750000 	 0.200000 	 5.535149e-04
 -0.750000 	 0.250000 	 4.924997e-04
 -0.750000 	 0.300000 	 4.283159e-04
 -0.750000 	 0.350000 	 3.647229e-04
 -0.750000 	 0.400000 	 3.047384e-04
 -0.750000 	 0.450000 	 2.503242e-04
 -0.750000 	 0.500000 	 2.026053e-04
 -0.750000 	 0.550000 	 1.618325e-04
 -0.750000 	 0.600000 	 1.278904e-04
 -0.750000 	 0.650000 	 1.001583e-04
 -0.750000 	 0.700000 	 7.782850e-05
 -0.750000 	 0.750000 	 6.013810e-05
 -0.750000 	 0.800000 	 4.627119e-05
 -0.750000 	 0.850000 	 3.548217e-05
 -0.750000 	 0.900000 	 2.715144e-05
 -0.750000 	 0.950000 	 2.075843e-05
 -0.750000 	 1.000000 	 1.587040e-05
 -0.700000 	 -1.000000 	 1.976053e-05
 -0.700000 	 -0.950000 	 2.619128e-05
 -0.700000 	 -0.900000 	 3.470969e-05
 -0.700000 	 -0.850000 	 4.600047e-05
 -0.700000 	 -0.800000 	 6.086905e-05
 -0.700000 	 -0.750000 	 8.035426e-05
 -0.700000 	 -0.700000 	 1.056644e-04
 -0.700000 	 -0.650000 	 1.382008e-04
 -0.700000 	 -0.600000 	 1.794840e-04
 -0.700000 	 -0.550000 	 2.309910e-04
 -0.700000 	 -0.500000 	 2.940218e-04
 -0.700000 	 -0.450000 	 3.694855e-04
 -0.700000 	 -0.400000 	 4.570313e-04
 -0.700000 	 -0.350000 	 5.553773e-04
 -0.700000 	 -0.300000 	 6.614505e-04
 -0.700000 	 -0.250000 	 7.702261e-04
 -0.700000 	 -0.200000 	 8.751210e-04
 -0.700000 	 -0.150000 	 9.684825e-04
 -0.700000 	 -0.100000 	 1.042182e-03
 -0.700000 	 -0.050000 	 1.089671e-03
 -0.700000 	 0.000000 	 1.106135e-03
 -0.700000 	 0.050000 	 1.089496e-03
 -0.700000 	 0.100000 	 1.042188e-03
 -0.700000 	 0.150000 	 9.683756e-04
 -0.700000 	 0.200000 	 8.749861e-04
 -0.700000 	 0.250000 	 7.700389e-04
 -0.700000 	 0.300000 	 6.613787e-04
 -0.700000 	 0.350000 	 5.553333e-04
 -0.700000 	 0.400000 	 4.570409e-04
 -0.700000 	 0.450000 	 3.694896e-04
 -0.700000 	 0.500000 	 2.940550e-04
 -0.700000 	 0.550000 	 2.309783e-04
 -0.700000 	 0.600000 	 1.794814e-04
 -0.700000 	 0.650000 	 1.381853e-04
 -0.700000 	 0.700000 	 1.056499e-04
 -0.700000 	 0.750000 	 8.034837e-05
 -0.700000 	 0.800000 	 6.087625e-05
 -0.700000 	 0.850000 	 4.599770e-05
 -0.700000 	 0.900000 	 3.470895e-05
 -0.700000 	 0.950000 	 2.618558e-05
 -0.700000 	 1.000000 	 1.976176e-05
 -0.650000 	 -1.000000 	 2.440124e-05
 -0.650000 	 -0.950000 	 3.275584e-05
 -0.650000 	 -0.900000 	 4.401315e-05
 -0.650000 	 -0.850000 	 5.916681e-05
 -0.650000 	 -0.800000 	 7.949733e-05
 -0.650000 	 -0.750000 	 1.065990e-04
 -0.650000 	 -0.700000 	 1.425483e-04
 -0.650000 	 -0.650000 	 1.896739e-04
 -0.650000 	 -0.600000 	 2.507106e-04
 -0.650000 	 -0.550000 	 3.285619e-04
 -0.650000 	 -0.500000 	 4.260123e-04
 -0.650000 	 -0.450000 	 5.449283e-04
 -0.650000 	 -0.400000 	 6.859870e-04
 -0.650000 	 -0.350000 	 8.476074e-04
 -0.650000 	 -0.300000 	 1.024926e-03
 -0.650000 	 -0.250000 	 1.210198e-03
 -0.650000 	 -0.200000 	 1.391286e-03
 -0.650000 	 -0.150000 	 1.554289e-03
 -0.650000 	 -0.100000 	 1.684945e-03
 -0.650000 	 -0.050000 	 1.769118e-03
 -0.650000 	 0.000000 	 1.798501e-03
 -0.650000 	 0.050000 	 1.769112e-03
 -0.650000 	 0.100000 	 1.685367e-03
 -0.650000 	 0.150000 	 1.554811e-03
 -0.650000 	 0.200000 	 1.391124e-03
 -0.650000 	 0.250000 	 1.210018e-03
 -0.650000 	 0.300000 	 1.024902e-03
 -0.650000 	 0.350000 	 8.473913e-04
 -0.650000 	 0.400000 	 6.860204e-04
 -0.650000 	 0.450000 	 5.449811e-04
 -0.650000 	 0.500000 	 4.259994e-04
 -0.650000 	 0.550000 	 3.285953e-04
 -0.650000 	 0.600000 	 2.507198e-04
 -0.650000 	 0.650000 	 1.897080e-04
 -0.650000 	 0.700000 	 1.425474e-04
 -0.650000 	 0.750000 	 1.066136e-04
 -0.650000 	 0.800000 	 7.949593e-05
 -0.650000 	 0.850000 	 5.915808e-05
 -0.650000 	 0.900000 	 4.400837e-05
 -0.650000 	 0.950000 	 3.274975e-05
 -0.650000 	 1.000000 	 2.440831e-05
 -0.600000 	 -1.000000 	 2.984862e-05
 -0.600000 	 -0.950000 	 4.057178e-05
 -0.600000 	 -0.900000 	 5.527485e-05
 -0.600000 	 -0.850000 	 7.538551e-05
 -0.600000 	 -0.800000 	 1.028561e-04
 -0.600000 	 -0.750000 	 1.402558e-04
 -0.600000 	 -0.700000 	 1.907449e-04
 -0.600000 	 -0.650000 	 2.583881e-04
 -0.600000 	 -0.600000 	 3.480716e-04
 -0.600000 	 -0.550000 	 4.649119e-04
 -0.600000 	 -0.500000 	 6.144130e-04
 -0.600000 	 -0.450000 	 8.013439e-04
 -0.600000 	 -0.400000 	 1.028049e-03
 -0.600000 	 -0.350000 	 1.293008e-03
 -0.600000 	 -0.300000 	 1.590359e-03
 -0.600000 	 -0.250000 	 1.906528e-03
 -0.600000 	 -0.200000 	 2.220936e-03
 -0.600000 	 -0.150000 	 2.507406e-03
 -0.600000 	 -0.100000 	 2.739176e-03
 -0.600000 	 -0.050000 	 2.889791e-03
 -0.600000 	 0.000000 	 2.941345e-03
 -0.600000 	 0.050000 	 2.890022e-03
 -0.600000 	 0.100000 	 2.739454e-03
 -0.600000 	 0.150000 	 2.507655e-03
 -0.600000 	 0.200000 	 2.220442e-03
 -0.600000 	 0.250000 	 1.906411e-03
 -0.600000 	 0.300000 	 1.590595e-03
 -0.600000 	 0.350000 	 1.293152e-03
 -0.600000 	 0.400000 	 1.028011e-03
 -0.600000 	 0.450000 	 8.012635e-04
 -0.600000 	 0.500000 	 6.143865e-04
 -0.600000 	 0.550000 	 4.648920e-04
 -0.600000 	 0.600000 	 3.481274e-04
 -0.600000 	 0.650000 	 2.584421e-04
 -0.600000 	 0.700000 	 1.907560e-04
 -0.600000 	 0.750000 	 1.402057e-04
 -0.600000 	 0.800000 	 1.028551e-04
 -0.600000 	 0.850000 	 7.538299e-05
 -0.600000 	 0.900000 	 5.527432e-05
 -0.600000 	 0.950000 	 4.057485e-05
 -0.600000 	 1.000000 	 2.985084e-05
 -0.550000 	 -1.000000 	 3.610891e-05
 -0.550000 	 -0.950000 	 4.970622e-05
 -0.550000 	 -0.900000 	 6.864336e-05
 -0.550000 	 -0.850000 	 9.499784e-05
 -0.550000 	 -0.800000 	 1.316864e-04
 -0.550000 	 -0.750000 	 1.825567e-04
 -0.550000 	 -0.700000 	 2.526748e-04
 -0.550000 	 -0.650000 	 3.486690e-04
 -0.550000 	 -0.600000 	 4.787592e-04
 -0.550000 	 -0.550000 	 6.523720e-04
 -0.550000 	 -0.500000 	 8.799833e-04
 -0.550000 	 -0.450000 	 1.171156e-03
 -0.550000 	 -0.400000 	 1.533287e-03
 -0.550000 	 -0.350000 	 1.966407e-03
 -0.550000 	 -0.300000 	 2.463594e-03
 -0.550000 	 -0.250000 	 3.001281e-03
 -0.550000 	 -0.200000 	 3.547516e-03
 -0.550000 	 -0.150000 	 4.051898e-03
 -0.550000 	 -0.100000 	 4.463497e-03
 -0.550000 	 -0.050000 	 4.733680e-03
 -0.550000 	 0.000000 	 4.828572e-03
 -0.550000 	 0.050000 	 4.733705e-03
 -0.550000 	 0.100000 	 4.463373e-03
 -0.550000 	 0.150000 	 4.051832e-03
 -0.550000 	 0.200000 	 3.547501e-03
 -0.550000 	 0.250000 	 3.001654e-03
 -0.550000 	 0.300000 	 2.463501e-03
 -0.550000 	 0.350000 	 1.966733e-03
 -0.550000 	 0.400000 	 1.533199e-03
 -0.550000 	 0.450000 	 1.171146e-03
 -0.550000 	 0.500000 	 8.800339e-04
 -0.550000 	 0.550000 	 6.523923e-04
 -0.550000 	 0.600000 	 4.786801e-04
 -0.550000 	 0.650000 	 3.486473e-04
 -0.550000 	 0.700000 	 2.526973e-04
 -0.550000 	 0.750000 	 1.825037e-04
 -0.550000 	 0.800000 	 1.316836e-04
 -0.550000 	 0.850000 	 9.501064e-05
 -0.550000 	 0.900000 	 6.864696e-05
 -0.550000 	 0.950000 	 4.971142e-05
 -0.550000 	 1.000000 	 3.610873e-05
 -0.500000 	 -1.000000 	 4.314254e-05
 -0.500000 	 -0.950000 	 6.013903e-05
 -0.500000 	 -0.900000 	 8.416058e-05
 -0.500000 	 -0.850000 	 1.181851e-04
 -0.500000 	 -0.800000 	 1.663885e-04
 -0.500000 	 -0.750000 	 2.344762e-04
 -0.500000 	 -0.700000 	 3.304298e-04
 -0.500000 	 -0.650000 	 4.646026e-04
 -0.500000 	 -0.600000 	 6.507458e-04
 -0.500000 	 -0.550000 	 9.052017e-04
 -0.500000 	 -0.500000 	 1.247245e-03
 -0.500000 	 -0.450000 	 1.696382e-03
 -0.500000 	 -0.400000 	 2.268243e-03
 -0.500000 	 -0.350000 	 2.971335e-03
 -0.500000 	 -0.300000 	 3.795366e-03
 -0.500000 	 -0.250000 	 4.708341e-03
 -0.500000 	 -0.200000 	 5.648044e-03
 -0.500000 	 -0.150000 	 6.533692e-03
 -0.500000 	 -0.100000 	 7.264960e-03
 -0.500000 	 -0.050000 	 7.747201e-03
 -0.500000 	 0.000000 	 7.916918e-03
 -0.500000 	 0.050000 	 7.748164e-03
 -0.500000 	 0.100000 	 7.264845e-03
 -0.500000 	 0.150000 	 6.533154e-03
 -0.500000 	 0.200000 	 5.647680e-03
 -0.500000 	 0.250000 	 4.707483e-03
 -0.500000 	 0.300000 	 3.794607e-03
 -0.500000 	 0.350000 	 2.971026e-03
 -0.500000 	 0.400000 	 2.268715e-03
 -0.500000 	 0.450000 	 1.696261e-03
 -0.500000 	 0.500000 	 1.247277e-03
 -0.500000 	 0.550000 	 9.052891e-04
 -0.500000 	 0.600000 	 6.507193e-04
 -0.500000 	 0.650000 	 4.646349e-04
 -0.500000 	 0.700000 	 3.303607e-04
 -0.500000 	 0.750000 	 2.344994e-04
 -0.500000 	 0.800000 	 1.663912e-04
 -0.500000 	 0.850000 	 1.181724e-04
 -0.500000 	 0.900000 	 8.415485e-05
 -0.500000 	 0.950000 	 6.013569e-05
 -0.500000 	 1.000000 	 4.314011e-05
 -0.450000 	 -1.000000 	 5.084546e-05
 -0.450000 	 -0.950000 	 7.172652e-05
 -0.450000 	 -0.900000 	 1.017040e-04
 -0.450000 	 -0.850000 	 1.448599e-04
 -0.450000 	 -0.800000 	 2.070309e-04
 -0.450000 	 -0.750000 	 2.966352e-04
 -0.450000 	 -0.700000 	 4.255056e-04
 -0.450000 	 -0.650000 	 6.096422e-04
 -0.450000 	 -0.600000 	 8.712283e-04
 -0.450000 	 -0.550000 	 1.237639e-03
 -0.450000 	 -0.500000 	 1.742740e-03
 -0.450000 	 -0.450000 	 2.423990e-03
 -0.450000 	 -0.400000 	 3.314971e-03
 -0.450000 	 -0.350000 	 4.438196e-03
 -0.450000 	 -0.300000 	 5.787580e-03
 -0.450000 	 -0.250000 	 7.316378e-03
 -0.450000 	 -0.200000 	 8.924235e-03
 -0.450000 	 -0.150000 	 1.046121e-02
 -0.450000 	 -0.100000 	 1.174420e-02
 -0.450000 	 -0.050000 	 1.260346e-02
 -0.450000 	 0.000000 	 1.290166e-02
 -0.450000 	 0.050000 	 1.260236e-02
 -0.450000 	 0.100000 	 1.174645e-02
 -0.450000 	 0.150000 	 1.045978e-02
 -0.450000 	 0.200000 	 8.924321e-03
 -0.450000 	 0.250000 	 7.314422e-03
 -0.450000 	 0.300000 	 5.787446e-03
 -0.450000 	 0.350000 	 4.438443e-03
 -0.450000 	 0.400000 	 3.314862e-03
 -0.450000 	 0.450000 	 2.423715e-03
 -0.450000 	 0.500000 	 1.742994e-03
 -0.450000 	 0.550000 	 1.237887e-03
 -0.450000 	 0.600000 	 8.711642e-04
 -0.450000 	 0.650000 	 6.096580e-04
 -0.450000 	 0.700000 	 4.254453e-04
 -0.450000 	 0.750000 	 2.966861e-04
 -0.450000 	 0.800000 	 2.070333e-04
 -0.450000 	 0.850000 	 1.448360e-04
 -0.450000 	 0.900000 	 1.017075e-04
 -0.450000 	 0.950000 	 7.172572e-05
 -0.450000 	 1.000000 	 5.085279e-05
 -0.400000 	 -1.000000 	 5.903802e-05
 -0.400000 	 -0.950000 	 8.423437e-05
 -0.400000 	 -0.900000 	 1.209417e-04
 -0.400000 	 -0.850000 	 1.745659e-04
 -0.400000 	 -0.800000 	 2.532207e-04
 -0.400000 	 -0.750000 	 3.686300e-04
 -0.400000 	 -0.700000 	 5.380178e-04
 -0.400000 	 -0.650000 	 7.855093e-04
 -0.400000 	 -0.600000 	 1.144696e-03
 -0.400000 	 -0.550000 	 1.661437e-03
 -0.400000 	 -0.500000 	 2.391293e-03
 -0.400000 	 -0.450000 	 3.402916e-03
 -0.400000 	 -0.400000 	 4.762528e-03
 -0.400000 	 -0.350000 	 6.521134e-03
 -0.400000 	 -0.300000 	 8.688550e-03
 -0.400000 	 -0.250000 	 1.120214e-02
 -0.400000 	 -0.200000 	 1.390245e-02
 -0.400000 	 -0.150000 	 1.652482e-02
 -0.400000 	 -0.100000 	 1.874492e-02
 -0.400000 	 -0.050000 	 2.024214e-02
 -0.400000 	 0.000000 	 2.076849e-02
 -0.400000 	 0.050000 	 2.023959e-02
 -0.400000 	 0.100000 	 1.874497e-02
 -0.400000 	 0.150000 	 1.652672e-02
 -0.400000 	 0.200000 	 1.390051e-02
 -0.400000 	 0.250000 	 1.120260e-02
 -0.400000 	 0.300000 	 8.688002e-03
 -0.400000 	 0.350000 	 6.520176e-03
 -0.400000 	 0.400000 	 4.761550e-03
 -0.400000 	 0.450000 	 3.402501e-03
 -0.400000 	 0.500000 	 2.391636e-03
 -0.400000 	 0.550000 	 1.661443e-03
 -0.400000 	 0.600000 	 1.144834e-03
 -0.400000 	 0.650000 	 7.854666e-04
 -0.400000 	 0.700000 	 5.379933e-04
 -0.400000 	 0.750000 	 3.686667e-04
 -0.400000 	 0.800000 	 2.532257e-04
 -0.400000 	 0.850000 	 1.746092e-04
 -0.400000 	 0.900000 	 1.209384e-04
 -0.400000 	 0.950000 	 8.424519e-05
 -0.400000 	 1.000000 	 5.904493e-05
 -0.350000 	 -1.000000 	 6.745244e-05
 -0.350000 	 -0.950000 	 9.727763e-05
 -0.350000 	 -0.900000 	 1.412959e-04
 -0.350000 	 -0.850000 	 2.065154e-04
 -0.350000 	 -0.800000 	 3.037583e-04
 -0.350000 	 -0.750000 	 4.489107e-04
 -0.350000 	 -0.700000 	 6.661006e-04
 -0.350000 	 -0.650000 	 9.901091e-04
 -0.350000 	 -0.600000 	 1.471094e-03
 -0.350000 	 -0.550000 	 2.179411e-03
 -0.350000 	 -0.500000 	 3.206650e-03
 -0.350000 	 -0.450000 	 4.666898e-03
 -0.350000 	 -0.400000 	 6.683299e-03
 -0.350000 	 -0.350000 	 9.364807e-03
 -0.350000 	 -0.300000 	 1.275890e-02
 -0.350000 	 -0.250000 	 1.678860e-02
 -0.350000 	 -0.200000 	 2.120404e-02
 -0.350000 	 -0.150000 	 2.556463e-02
 -0.350000 	 -0.100000 	 2.930767e-02
 -0.350000 	 -0.050000 	 3.184979e-02
 -0.350000 	 0.000000 	 3.275824e-02
 -0.350000 	 0.050000 	 3.185172e-02
 -0.350000 	 0.100000 	 2.930854e-02
 -0.350000 	 0.150000 	 2.556711e-02
 -0.350000 	 0.200000 	 2.119722e-02
 -0.350000 	 0.250000 	 1.678560e-02
 -0.350000 	 0.300000 	 1.275796e-02
 -0.350000 	 0.350000 	 9.364568e-03
 -0.350000 	 0.400000 	 6.684048e-03
 -0.350000 	 0.450000 	 4.667274e-03
 -0.350000 	 0.500000 	 3.206564e-03
 -0.350000 	 0.550000 	 2.179078e-03
 -0.350000 	 0.600000 	 1.471289e-03
 -0.350000 	 0.650000 	 9.899864e-04
 -0.350000 	 0.700000 	 6.661470e-04
 -0.350000 	 0.750000 	 4.490467e-04
 -0.350000 	 0.800000 	 3.037801e-04
 -0.350000 	 0.850000 	 2.065189e-04
 -0.350000 	 0.900000 	 1.412575e-04
 -0.350000 	 0.950000 	 9.725932e-05
 -0.350000 	 1.000000 	 6.744873e-05
 -0.300000 	 -1.000000 	 7.572110e-05
 -0.300000 	 -0.950000 	 1.102561e-04
 -0.300000 	 -0.900000 	 1.617987e-04
 -0.300000 	 -0.850000 	 2.393749e-04
 -0.300000 	 -0.800000 	 3.565524e-04
 -0.300000 	 -0.750000 	 5.344550e-04
 -0.300000 	 -0.700000 	 8.051112e-04
 -0.300000 	 -0.650000 	 1.217230e-03
 -0.300000 	 -0.600000 	 1.842043e-03
 -0.300000 	 -0.550000 	 2.782855e-03
 -0.300000 	 -0.500000 	 4.181604e-03
 -0.300000 	 -0.450000 	 6.220978e-03
 -0.300000 	 -0.400000 	 9.113208e-03
 -0.300000 	 -0.350000 	 1.305830e-02
 -0.300000 	 -0.300000 	 1.818328e-02
 -0.300000 	 -0.250000 	 2.441036e-02
 -0.300000 	 -0.200000 	 3.138571e-02
 -0.300000 	 -0.150000 	 3.842091e-02
 -0.300000 	 -0.100000 	 4.453083e-02
 -0.300000 	 -0.050000 	 4.875093e-02
 -0.300000 	 0.000000 	 5.025120e-02
 -0.300000 	 0.050000 	 4.875160e-02
 -0.300000 	 0.100000 	 4.453271e-02
 -0.300000 	 0.150000 	 3.841470e-02
 -0.300000 	 0.200000 	 3.138307e-02
 -0.300000 	 0.250000 	 2.440969e-02
 -0.300000 	 0.300000 	 1.818445e-02
 -0.300000 	 0.350000 	 1.305931e-02
 -0.300000 	 0.400000 	 9.112174e-03
 -0.300000 	 0.450000 	 6.220334e-03
 -0.300000 	 0.500000 	 4.181083e-03
 -0.300000 	 0.550000 	 2.783081e-03
 -0.300000 	 0.600000 	 1.842578e-03
 -0.300000 	 0.650000 	 1.217270e-03
 -0.300000 	 0.700000 	 8.051379e-04
 -0.300000 	 0.750000 	 5.344668e-04
 -0.300000 	 0.800000 	 3.565619e-04
 -0.300000 	 0.850000 	 2.393754e-04
 -0.300000 	 0.900000 	 1.617876e-04
 -0.300000 	 0.950000 	 1.102443e-04
 -0.300000 	 1.000000 	 7.572695e-05
 -0.250000 	 -1.000000 	 8.344200e-05
 -0.250000 	 -0.950000 	 1.225152e-04
 -0.250000 	 -0.900000 	 1.814941e-04
 -0.250000 	 -0.850000 	 2.712102e-04
 -0.250000 	 -0.800000 	 4.087110e-04
 -0.250000 	 -0.750000 	 6.203998e-04
 -0.250000 	 -0.700000 	 9.478289e-04
 -0.250000 	 -0.650000 	 1.454449e-03
 -0.250000 	 -0.600000 	 2.238374e-03
 -0.250000 	 -0.550000 	 3.443479e-03
 -0.250000 	 -0.500000 	 5.273801e-03
 -0.250000 	 -0.450000 	 8.008105e-03
 -0.250000 	 -0.400000 	 1.198129e-02
 -0.250000 	 -0.350000 	 1.754500e-02
 -0.250000 	 -0.300000 	 2.494114e-02
 -0.250000 	 -0.250000 	 3.415714e-02
 -0.250000 	 -0.200000 	 4.471398e-02
 -0.250000 	 -0.150000 	 5.562099e-02
 -0.250000 	 -0.100000 	 6.541465e-02
 -0.250000 	 -0.050000 	 7.231259e-02
 -0.250000 	 0.000000 	 7.483149e-02
 -0.250000 	 0.050000 	 7.232434e-02
 -0.250000 	 0.100000 	 6.539102e-02
 -0.250000 	 0.150000 	 5.562573e-02
 -0.250000 	 0.200000 	 4.471516e-02
 -0.250000 	 0.250000 	 3.415827e-02
 -0.250000 	 0.300000 	 2.494503e-02
 -0.250000 	 0.350000 	 1.754149e-02
 -0.250000 	 0.400000 	 1.198420e-02
 -0.250000 	 0.450000 	 8.009031e-03
 -0.250000 	 0.500000 	 5.274896e-03
 -0.250000 	 0.550000 	 3.442473e-03
 -0.250000 	 0.600000 	 2.237900e-03
 -0.250000 	 0.650000 	 1.454726e-03
 -0.250000 	 0.700000 	 9.477508e-04
 -0.250000 	 0.750000 	 6.202924e-04
 -0.250000 	 0.800000 	 4.087220e-04
 -0.250000 	 0.850000 	 2.712819e-04
 -0.250000 	 0.900000 	 1.815284e-04
 -0.250000 	 0.950000 	 1.225024e-04
 -0.250000 	 1.000000 	 8.343949e-05
 -0.200000 	 -1.000000 	 9.017490e-05
 -0.200000 	 -0.950000 	 1.333426e-04
 -0.200000 	 -0.900000 	 1.991294e-04
 -0.200000 	 -0.850000 	 3.001462e-04
 -0.200000 	 -0.800000 	 4.566330e-04
 -0.200000 	 -0.750000 	 7.006409e-04
 -0.200000 	 -0.700000 	 1.083145e-03
 -0.200000 	 -0.650000 	 1.684343e-03
 -0.200000 	 -0.600000 	 2.629480e-03
 -0.200000 	 -0.550000 	 4.109037e-03
 -0.200000 	 -0.500000 	 6.403844e-03
 -0.200000 	 -0.450000 	 9.902233e-03
 -0.200000 	 -0.400000 	 1.510046e-02
 -0.200000 	 -0.350000 	 2.254054e-02
 -0.200000 	 -0.300000 	 3.267005e-02
 -0.200000 	 -0.250000 	 4.559046e-02
 -0.200000 	 -0.200000 	 6.082241e-02
 -0.200000 	 -0.150000 	 7.720188e-02
 -0.200000 	 -0.100000 	 9.278178e-02
 -0.200000 	 -0.050000 	 1.046523e-01
 -0.200000 	 0.000000 	 1.092015e-01
 -0.200000 	 0.050000 	 1.046318e-01
 -0.200000 	 0.100000 	 9.279612e-02
 -0.200000 	 0.150000 	 7.719047e-02
 -0.200000 	 0.200000 	 6.081379e-02
 -0.200000 	 0.250000 	 4.558808e-02
 -0.200000 	 0.300000 	 3.267232e-02
 -0.200000 	 0.350000 	 2.254357e-02
 -0.200000 	 0.400000 	 1.509989e-02
 -0.200000 	 0.450000 	 9.901161e-03
 -0.200000 	 0.500000 	 6.403505e-03
 -0.200000 	 0.550000 	 4.109673e-03
 -0.200000 	 0.600000 	 2.629708e-03
 -0.200000 	 0.650000 	 1.684157e-03
 -0.200000 	 0.700000 	 1.083039e-03
 -0.200000 	 0.750000 	 7.007257e-04
 -0.200000 	 0.800000 	 4.565501e-04
 -0.200000 	 0.850000 	 3.001601e-04
 -0.200000 	 0.900000 	 1.990938e-04
 -0.200000 	 0.950000 	 1.333324e-04
 -0.200000 	 1.000000 	 9.016547e-05
 -0.150000 	 -1.000000 	 9.546496e-05
 -0.150000 	 -0.950000 	 1.419803e-04
 -0.150000 	 -0.900000 	 2.133064e-04
 -0.150000 	 -0.850000 	 3.238300e-04
 -0.150000 	 -0.800000 	 4.964346e-04
 -0.150000 	 -0.750000 	 7.683582e-04
 -0.150000 	 -0.700000 	 1.199029e-03
 -0.150000 	 -0.650000 	 1.884887e-03
 -0.150000 	 -0.600000 	 2.977782e-03
 -0.150000 	 -0.550000 	 4.714200e-03
 -0.150000 	 -0.500000 	 7.451161e-03
 -0.150000 	 -0.450000 	 1.169304e-02
 -0.150000 	 -0.400000 	 1.811891e-02
 -0.150000 	 -0.350000 	 2.748843e-02
 -0.150000 	 -0.300000 	 4.051653e-02
 -0.150000 	 -0.250000 	 5.752659e-02
 -0.150000 	 -0.200000 	 7.836141e-02
 -0.150000 	 -0.150000 	 1.023896e-01
 -0.150000 	 -0.100000 	 1.282859e-01
 -0.150000 	 -0.050000 	 1.512631e-01
 -0.150000 	 0.000000 	 1.610319e-01
 -0.150000 	 0.050000 	 1.511952e-01
 -0.150000 	 0.100000 	 1.282795e-01
 -0.150000 	 0.150000 	 1.024120e-01
 -0.150000 	 0.200000 	 7.835132e-02
 -0.150000 	 0.250000 	 5.751732e-02
 -0.150000 	 0.300000 	 4.050574e-02
 -0.150000 	 0.350000 	 2.748642e-02
 -0.150000 	 0.400000 	 1.811684e-02
 -0.150000 	 0.450000 	 1.169375e-02
 -0.150000 	 0.500000 	 7.448947e-03
 -0.150000 	 0.550000 	 4.714987e-03
 -0.150000 	 0.600000 	 2.977843e-03
 -0.150000 	 0.650000 	 1.885184e-03
 -0.150000 	 0.700000 	 1.199330e-03
 -0.150000 	 0.750000 	 7.684157e-04
 -0.150000 	 0.800000 	 4.964964e-04
 -0.150000 	 0.850000 	 3.238249e-04
 -0.150000 	 0.900000 	 2.132966e-04
 -0.150000 	 0.950000 	 1.419745e-04
 -0.150000 	 1.000000 	 9.548190e-05
 -0.100000 	 -1.000000 	 9.901143e-05
 -0.100000 	 -0.950000 	 1.478084e-04
 -0.100000 	 -0.900000 	 2.230792e-04
 -0.100000 	 -0.850000 	 3.403140e-04
 -0.100000 	 -0.800000 	 5.247236e-04
 -0.100000 	 -0.750000 	 8.171056e-04
 -0.100000 	 -0.700000 	 1.284263e-03
 -0.100000 	 -0.650000 	 2.034474e-03
 -0.100000 	 -0.600000 	 3.241820e-03
 -0.100000 	 -0.550000 	 5.181041e-03
 -0.100000 	 -0.500000 	 8.271935e-03
 -0.100000 	 -0.450000 	 1.312939e-02
 -0.100000 	 -0.400000 	 2.058398e-02
 -0.100000 	 -0.350000 	 3.162420e-02
 -0.100000 	 -0.300000 	 4.718873e-02
 -0.100000 	 -0.250000 	 6.803400e-02
 -0.100000 	 -0.200000 	 9.478094e-02
 -0.100000 	 -0.150000 	 1.290213e-01
 -0.100000 	 -0.100000 	 1.733826e-01
 -0.100000 	 -0.050000 	 2.226357e-01
 -0.100000 	 0.000000 	 2.474833e-01
 -0.100000 	 0.050000 	 2.227383e-01
 -0.100000 	 0.100000 	 1.733548e-01
 -0.100000 	 0.150000 	 1.290075e-01
 -0.100000 	 0.200000 	 9.477578e-02
 -0.100000 	 0.250000 	 6.803328e-02
 -0.100000 	 0.300000 	 4.719981e-02
 -0.100000 	 0.350000 	 3.162185e-02
 -0.100000 	 0.400000 	 2.058431e-02
 -0.100000 	 0.450000 	 1.313174e-02
 -0.100000 	 0.500000 	 8.273167e-03
 -0.100000 	 0.550000 	 5.180922e-03
 -0.100000 	 0.600000 	 3.241390e-03
 -0.100000 	 0.650000 	 2.034520e-03
 -0.100000 	 0.700000 	 1.284349e-03
 -0.100000 	 0.750000 	 8.171821e-04
 -0.100000 	 0.800000 	 5.247367e-04
 -0.100000 	 0.850000 	 3.402596e-04
 -0.100000 	 0.900000 	 2.230882e-04
 -0.100000 	 0.950000 	 1.477977e-04
 -0.100000 	 1.000000 	 9.900590e-05
 -0.050000 	 -1.000000 	 1.005032e-04
 -0.050000 	 -0.950000 	 1.503899e-04
 -0.050000 	 -0.900000 	 2.275851e-04
 -0.050000 	 -0.850000 	 3.481629e-04
 -0.050000 	 -0.800000 	 5.385441e-04
 -0.050000 	 -0.750000 	 8.416821e-04
 -0.050000 	 -0.700000 	 1.328607e-03
 -0.050000 	 -0.650000 	 2.113997e-03
 -0.050000 	 -0.600000 	 3.385182e-03
 -0.050000 	 -0.550000 	 5.441509e-03
 -0.050000 	 -0.500000 	 8.742855e-03
 -0.050000 	 -0.450000 	 1.397133e-02
 -0.050000 	 -0.400000 	 2.205363e-02
 -0.050000 	 -0.350000 	 3.412738e-02
 -0.050000 	 -0.300000 	 5.134863e-02
 -0.050000 	 -0.250000 	 7.482078e-02
 -0.050000 	 -0.200000 	 1.062565e-01
 -0.050000 	 -0.150000 	 1.508991e-01
 -0.050000 	 -0.100000 	 2.206571e-01
 -0.050000 	 -0.050000 	 3.193687e-01
 -0.050000 	 0.000000 	 3.815462e-01
 -0.050000 	 0.050000 	 3.193278e-01
 -0.050000 	 0.100000 	 2.207012e-01
 -0.050000 	 0.150000 	 1.509348e-01
 -0.050000 	 0.200000 	 1.062274e-01
 -0.050000 	 0.250000 	 7.482654e-02
 -0.050000 	 0.300000 	 5.136449e-02
 -0.050000 	 0.350000 	 3.412265e-02
 -0.050000 	 0.400000 	 2.205765e-02
 -0.050000 	 0.450000 	 1.397063e-02
 -0.050000 	 0.500000 	 8.741509e-03
 -0.050000 	 0.550000 	 5.441436e-03
 -0.050000 	 0.600000 	 3.385680e-03
 -0.050000 	 0.650000 	 2.114101e-03
 -0.050000 	 0.700000 	 1.328563e-03
 -0.050000 	 0.750000 	 8.418478e-04
 -0.050000 	 0.800000 	 5.385711e-04
 -0.050000 	 0.850000 	 3.481730e-04
 -0.050000 	 0.900000 	 2.275691e-04
 -0.050000 	 0.950000 	 1.503719e-04
 -0.050000 	 1.000000 	 1.004919e-04
 0.000000 	 -1.000000 	 9.986533e-05
 0.000000 	 -0.950000 	 1.495042e-04
 0.000000 	 -0.900000 	 2.263594e-04
 0.000000 	 -0.850000 	 3.465978e-04
 0.000000 	 -0.800000 	 5.365854e-04
 0.000000 	 -0.750000 	 8.394552e-04
 0.000000 	 -0.700000 	 1.326260e-03
 0.000000 	 -0.650000 	 2.113215e-03
 0.000000 	 -0.600000 	 3.388770e-03
 0.000000 	 -0.550000 	 5.455067e-03
 0.000000 	 -0.500000 	 8.779751e-03
 0.000000 	 -0.450000 	 1.405749e-02
 0.000000 	 -0.400000 	 2.223080e-02
 0.000000 	 -0.350000 	 3.446634e-02
 0.000000 	 -0.300000 	 5.199270e-02
 0.000000 	 -0.250000 	 7.598950e-02
 0.000000 	 -0.200000 	 1.087150e-01
 0.000000 	 -0.150000 	 1.573579e-01
 0.000000 	 -0.100000 	 2.398977e-01
 0.000000 	 -0.050000 	 3.731599e-01
 0.000000 	 0.000000 	 4.805292e-01
 0.000000 	 0.050000 	 3.730977e-01
 0.000000 	 0.100000 	 2.399015e-01
 0.000000 	 0.150000 	 1.573782e-01
 0.000000 	 0.200000 	 1.087127e-01
 0.000000 	 0.250000 	 7.599167e-02
 0.000000 	 0.300000 	 5.198329e-02
 0.000000 	 0.350000 	 3.446515e-02
 0.000000 	 0.400000 	 2.223321e-02
 0.000000 	 0.450000 	 1.405453e-02
 0.000000 	 0.500000 	 8.781479e-03
 0.000000 	 0.550000 	 5.456427e-03
 0.000000 	 0.600000 	 3.389506e-03
 0.000000 	 0.650000 	 2.113290e-03
 0.000000 	 0.700000 	 1.326504e-03
 0.000000 	 0.750000 	 8.394654e-04
 0.000000 	 0.800000 	 5.365560e-04
 0.000000 	 0.850000 	 3.465823e-04
 0.000000 	 0.900000 	 2.263531e-04
 0.000000 	 0.950000 	 1.495164e-04
 0.000000 	 1.000000 	 9.985895e-05
 0.050000 	 -1.000000 	 9.711738e-05
 0.050000 	 -0.950000 	 1.452384e-04
 0.050000 	 -0.900000 	 2.196392e-04
 0.050000 	 -0.850000 	 3.357972e-04
 0.050000 	 -0.800000 	 5.190326e-04
 0.050000 	 -0.750000 	 8.106838e-04
 0.050000 	 -0.700000 	 1.278356e-03
 0.050000 	 -0.650000 	 2.032608e-03
 0.050000 	 -0.600000 	 3.252889e-03
 0.050000 	 -0.550000 	 5.222416e-03
 0.050000 	 -0.500000 	 8.381548e-03
 0.050000 	 -0.450000 	 1.337682e-02
 0.050000 	 -0.400000 	 2.108701e-02
 0.050000 	 -0.350000 	 3.258411e-02
 0.050000 	 -0.300000 	 4.894827e-02
 0.050000 	 -0.250000 	 7.119332e-02
 0.050000 	 -0.200000 	 1.009307e-01
 0.050000 	 -0.150000 	 1.432797e-01
 0.050000 	 -0.100000 	 2.094740e-01
 0.050000 	 -0.050000 	 3.032512e-01
 0.050000 	 0.000000 	 3.622694e-01
 0.050000 	 0.050000 	 3.032267e-01
 0.050000 	 0.100000 	 2.094692e-01
 0.050000 	 0.150000 	 1.432295e-01
 0.050000 	 0.200000 	 1.009797e-01
 0.050000 	 0.250000 	 7.119999e-02
 0.050000 	 0.300000 	 4.895824e-02
 0.050000 	 0.350000 	 3.258721e-02
 0.050000 	 0.400000 	 2.108657e-02
 0.050000 	 0.450000 	 1.337695e-02
 0.050000 	 0.500000 	 8.381743e-03
 0.050000 	 0.550000 	 5.222147e-03
 0.050000 	 0.600000 	 3.252077e-03
 0.050000 	 0.650000 	 2.032835e-03
 0.050000 	 0.700000 	 1.278452e-03
 0.050000 	 0.750000 	 8.107468e-04
 0.050000 	 0.800000 	 5.190304e-04
 0.050000 	 0.850000 	 3.358427e-04
 0.050000 	 0.900000 	 2.196241e-04
 0.050000 	 0.950000 	 1.452415e-04
 0.050000 	 1.000000 	 9.710859e-05
 0.100000 	 -1.000000 	 9.250786e-05
 0.100000 	 -0.950000 	 1.379484e-04
 0.100000 	 -0.900000 	 2.079573e-04
 0.100000 	 -0.850000 	 3.168192e-04
 0.100000 	 -0.800000 	 4.878887e-04
 0.100000 	 -0.750000 	 7.586594e-04
 0.100000 	 -0.700000 	 1.190410e-03
 0.100000 	 -0.650000 	 1.883200e-03
 0.100000 	 -0.600000 	 2.995152e-03
 0.100000 	 -0.550000 	 4.776854e-03
 0.100000 	 -0.500000 	 7.614922e-03
 0.100000 	 -0.450000 	 1.206040e-02
 0.100000 	 -0.400000 	 1.886079e-02
 0.100000 	 -0.350000 	 2.889464e-02
 0.100000 	 -0.300000 	 4.300371e-02
 0.100000 	 -0.250000 	 6.183708e-02
 0.100000 	 -0.200000 	 8.593207e-02
 0.100000 	 -0.150000 	 1.167939e-01
 0.100000 	 -0.100000 	 1.569171e-01
 0.100000 	 -0.050000 	 2.015675e-01
 0.100000 	 0.000000 	 2.240137e-01
 0.100000 	 0.050000 	 2.014723e-01
 0.100000 	 0.100000 	 1.569592e-01
 0.100000 	 0.150000 	 1.168438e-01
 0.100000 	 0.200000 	 8.594120e-02
 0.100000 	 0.250000 	 6.184705e-02
 0.100000 	 0.300000 	 4.301596e-02
 0.100000 	 0.350000 	 2.889681e-02
 0.100000 	 0.400000 	 1.886346e-02
 0.100000 	 0.450000 	 1.205979e-02
 0.100000 	 0.500000 	 7.614818e-03
 0.100000 	 0.550000 	 4.778835e-03
 0.100000 	 0.600000 	 2.995166e-03
 0.100000 	 0.650000 	 1.882961e-03
 0.100000 	 0.700000 	 1.190470e-03
 0.100000 	 0.750000 	 7.586228e-04
 0.100000 	 0.800000 	 4.877550e-04
 0.100000 	 0.850000 	 3.168237e-04
 0.100000 	 0.900000 	 2.079210e-04
 0.100000 	 0.950000 	 1.379343e-04
 0.100000 	 1.000000 	 9.250282e-05
 0.150000 	 -1.000000 	 8.633867e-05
 0.150000 	 -0.950000 	 1.281862e-04
 0.150000 	 -0.900000 	 1.922095e-04
 0.150000 	 -0.850000 	 2.912355e-04
 0.150000 	 -0.800000 	 4.458652e-04
 0.150000 	 -0.750000 	 6.886026e-04
 0.150000 	 -0.700000 	 1.072717e-03
 0.150000 	 -0.650000 	 1.682445e-03
 0.150000 	 -0.600000 	 2.651050e-03
 0.150000 	 -0.550000 	 4.186974e-03
 0.150000 	 -0.500000 	 6.601701e-03
 0.150000 	 -0.450000 	 1.033334e-02
 0.150000 	 -0.400000 	 1.596858e-02
 0.150000 	 -0.350000 	 2.415100e-02
 0.150000 	 -0.300000 	 3.547703e-02
 0.150000 	 -0.250000 	 5.023824e-02
 0.150000 	 -0.200000 	 6.828661e-02
 0.150000 	 -0.150000 	 8.911288e-02
 0.150000 	 -0.100000 	 1.115744e-01
 0.150000 	 -0.050000 	 1.315018e-01
 0.150000 	 0.000000 	 1.399688e-01
 0.150000 	 0.050000 	 1.314835e-01
 0.150000 	 0.100000 	 1.115931e-01
 0.150000 	 0.150000 	 8.912347e-02
 0.150000 	 0.200000 	 6.827901e-02
 0.150000 	 0.250000 	 5.024084e-02
 0.150000 	 0.300000 	 3.548016e-02
 0.150000 	 0.350000 	 2.415224e-02
 0.150000 	 0.400000 	 1.596564e-02
 0.150000 	 0.450000 	 1.033476e-02
 0.150000 	 0.500000 	 6.600758e-03
 0.150000 	 0.550000 	 4.187400e-03
 0.150000 	 0.600000 	 2.651667e-03
 0.150000 	 0.650000 	 1.682571e-03
 0.150000 	 0.700000 	 1.072793e-03
 0.150000 	 0.750000 	 6.886112e-04
 0.150000 	 0.800000 	 4.458649e-04
 0.150000 	 0.850000 	 2.913051e-04
 0.150000 	 0.900000 	 1.922533e-04
 0.150000 	 0.950000 	 1.281476e-04
 0.150000 	 1.000000 	 8.632377e-05
 0.200000 	 -1.000000 	 7.900777e-05
 0.200000 	 -0.950000 	 1.165919e-04
 0.200000 	 -0.900000 	 1.737367e-04
 0.200000 	 -0.850000 	 2.614017e-04
 0.200000 	 -0.800000 	 3.967594e-04
 0.200000 	 -0.750000 	 6.074113e-04
 0.200000 	 -0.700000 	 9.369789e-04
 0.200000 	 -0.650000 	 1.453450e-03
 0.200000 	 -0.600000 	 2.263115e-03
 0.200000 	 -0.550000 	 3.527382e-03
 0.200000 	 -0.500000 	 5.482555e-03
 0.200000 	 -0.450000 	 8.457526e-03
 0.200000 	 -0.400000 	 1.285913e-02
 0.200000 	 -0.350000 	 1.914730e-02
 0.200000 	 -0.300000 	 2.767883e-02
 0.200000 	 -0.250000 	 3.854937e-02
 0.200000 	 -0.200000 	 5.136946e-02
 0.200000 	 -0.150000 	 6.515903e-02
 0.200000 	 -0.100000 	 7.835317e-02
 0.200000 	 -0.050000 	 8.837302e-02
 0.200000 	 0.000000 	 9.220735e-02
 0.200000 	 0.050000 	 8.837300e-02
 0.200000 	 0.100000 	 7.834187e-02
 0.200000 	 0.150000 	 6.517205e-02
 0.200000 	 0.200000 	 5.136512e-02
 0.200000 	 0.250000 	 3.855535e-02
 0.200000 	 0.300000 	 2.768581e-02
 0.200000 	 0.350000 	 1.914347e-02
 0.200000 	 0.400000 	 1.286023e-02
 0.200000 	 0.450000 	 8.456818e-03
 0.200000 	 0.500000 	 5.484008e-03
 0.200000 	 0.550000 	 3.527672e-03
 0.200000 	 0.600000 	 2.263073e-03
 0.200000 	 0.650000 	 1.453492e-03
 0.200000 	 0.700000 	 9.368750e-04
 0.200000 	 0.750000 	 6.074172e-04
 0.200000 	 0.800000 	 3.967820e-04
 0.200000 	 0.850000 	 2.614115e-04
 0.200000 	 0.900000 	 1.737526e-04
 0.200000 	 0.950000 	 1.165944e-04
 0.200000 	 1.000000 	 7.899239e-05
 0.250000 	 -1.000000 	 7.096835e-05
 0.250000 	 -0.950000 	 1.039759e-04
 0.250000 	 -0.900000 	 1.536996e-04
 0.250000 	 -0.850000 	 2.291709e-04
 0.250000 	 -0.800000 	 3.445260e-04
 0.250000 	 -0.750000 	 5.216076e-04
 0.250000 	 -0.700000 	 7.951116e-04
 0.250000 	 -0.650000 	 1.217261e-03
 0.250000 	 -0.600000 	 1.868385e-03
 0.250000 	 -0.550000 	 2.867781e-03
 0.250000 	 -0.500000 	 4.382836e-03
 0.250000 	 -0.450000 	 6.640393e-03
 0.250000 	 -0.400000 	 9.915609e-03
 0.250000 	 -0.350000 	 1.449461e-02
 0.250000 	 -0.300000 	 2.058554e-02
 0.250000 	 -0.250000 	 2.817770e-02
 0.250000 	 -0.200000 	 3.689210e-02
 0.250000 	 -0.150000 	 4.592807e-02
 0.250000 	 -0.100000 	 5.407834e-02
 0.250000 	 -0.050000 	 5.983853e-02
 0.250000 	 0.000000 	 6.194413e-02
 0.250000 	 0.050000 	 5.984508e-02
 0.250000 	 0.100000 	 5.405589e-02
 0.250000 	 0.150000 	 4.593706e-02
 0.250000 	 0.200000 	 3.689512e-02
 0.250000 	 0.250000 	 2.817039e-02
 0.250000 	 0.300000 	 2.058403e-02
 0.250000 	 0.350000 	 1.449683e-02
 0.250000 	 0.400000 	 9.915584e-03
 0.250000 	 0.450000 	 6.640378e-03
 0.250000 	 0.500000 	 4.382722e-03
 0.250000 	 0.550000 	 2.867596e-03
 0.250000 	 0.600000 	 1.868637e-03
 0.250000 	 0.650000 	 1.217341e-03
 0.250000 	 0.700000 	 7.950525e-04
 0.250000 	 0.750000 	 5.217090e-04
 0.250000 	 0.800000 	 3.445191e-04
 0.250000 	 0.850000 	 2.291856e-04
 0.250000 	 0.900000 	 1.536816e-04
 0.250000 	 0.950000 	 1.039810e-04
 0.250000 	 1.000000 	 7.097120e-05
 0.300000 	 -1.000000 	 6.265854e-05
 0.300000 	 -0.950000 	 9.103361e-05
 0.300000 	 -0.900000 	 1.332892e-04
 0.300000 	 -0.850000 	 1.966926e-04
 0.300000 	 -0.800000 	 2.923668e-04
 0.300000 	 -0.750000 	 4.372787e-04
 0.300000 	 -0.700000 	 6.573376e-04
 0.300000 	 -0.650000 	 9.916831e-04
 0.300000 	 -0.600000 	 1.497953e-03
 0.300000 	 -0.550000 	 2.257937e-03
 0.300000 	 -0.500000 	 3.387695e-03
 0.300000 	 -0.450000 	 5.032785e-03
 0.300000 	 -0.400000 	 7.367164e-03
 0.300000 	 -0.350000 	 1.055685e-02
 0.300000 	 -0.300000 	 1.470025e-02
 0.300000 	 -0.250000 	 1.976149e-02
 0.300000 	 -0.200000 	 2.545567e-02
 0.300000 	 -0.150000 	 3.122878e-02
 0.300000 	 -0.100000 	 3.629153e-02
 0.300000 	 -0.050000 	 3.979997e-02
 0.300000 	 0.000000 	 4.105776e-02
 0.300000 	 0.050000 	 3.980000e-02
 0.300000 	 0.100000 	 3.629863e-02
 0.300000 	 0.150000 	 3.122817e-02
 0.300000 	 0.200000 	 2.546016e-02
 0.300000 	 0.250000 	 1.976134e-02
 0.300000 	 0.300000 	 1.470157e-02
 0.300000 	 0.350000 	 1.055512e-02
 0.300000 	 0.400000 	 7.366790e-03
 0.300000 	 0.450000 	 5.033140e-03
 0.300000 	 0.500000 	 3.387892e-03
 0.300000 	 0.550000 	 2.258197e-03
 0.300000 	 0.600000 	 1.497835e-03
 0.300000 	 0.650000 	 9.915260e-04
 0.300000 	 0.700000 	 6.574109e-04
 0.300000 	 0.750000 	 4.372594e-04
 0.300000 	 0.800000 	 2.923682e-04
 0.300000 	 0.850000 	 1.966806e-04
 0.300000 	 0.900000 	 1.332975e-04
 0.300000 	 0.950000 	 9.100904e-05
 0.300000 	 1.000000 	 6.265362e-05
 0.350000 	 -1.000000 	 5.442977e-05
 0.350000 	 -0.950000 	 7.831460e-05
 0.350000 	 -0.900000 	 1.135096e-04
 0.350000 	 -0.850000 	 1.656059e-04
 0.350000 	 -0.800000 	 2.431151e-04
 0.350000 	 -0.750000 	 3.586113e-04
 0.350000 	 -0.700000 	 5.311415e-04
 0.350000 	 -0.650000 	 7.883003e-04
 0.350000 	 -0.600000 	 1.169852e-03
 0.350000 	 -0.550000 	 1.731334e-03
 0.350000 	 -0.500000 	 2.546108e-03
 0.350000 	 -0.450000 	 3.704288e-03
 0.350000 	 -0.400000 	 5.308608e-03
 0.350000 	 -0.350000 	 7.447274e-03
 0.350000 	 -0.300000 	 1.016572e-02
 0.350000 	 -0.250000 	 1.341360e-02
 0.350000 	 -0.200000 	 1.699905e-02
 0.350000 	 -0.150000 	 2.057186e-02
 0.350000 	 -0.100000 	 2.365487e-02
 0.350000 	 -0.050000 	 2.577036e-02
 0.350000 	 0.000000 	 2.652433e-02
 0.350000 	 0.050000 	 2.577275e-02
 0.350000 	 0.100000 	 2.365818e-02
 0.350000 	 0.150000 	 2.056914e-02
 0.350000 	 0.200000 	 1.699899e-02
 0.350000 	 0.250000 	 1.341185e-02
 0.350000 	 0.300000 	 1.016550e-02
 0.350000 	 0.350000 	 7.447865e-03
 0.350000 	 0.400000 	 5.308494e-03
 0.350000 	 0.450000 	 3.704542e-03
 0.350000 	 0.500000 	 2.545890e-03
 0.350000 	 0.550000 	 1.731102e-03
 0.350000 	 0.600000 	 1.169588e-03
 0.350000 	 0.650000 	 7.882640e-04
 0.350000 	 0.700000 	 5.311269e-04
 0.350000 	 0.750000 	 3.586368e-04
 0.350000 	 0.800000 	 2.431094e-04
 0.350000 	 0.850000 	 1.656136e-04
 0.350000 	 0.900000 	 1.135193e-04
 0.350000 	 0.950000 	 7.832079e-05
 0.350000 	 1.000000 	 5.442462e-05
 0.400000 	 -1.000000 	 4.658589e-05
 0.400000 	 -0.950000 	 6.633726e-05
 0.400000 	 -0.900000 	 9.507867e-05
 0.400000 	 -0.850000 	 1.370170e-04
 0.400000 	 -0.800000 	 1.984443e-04
 0.400000 	 -0.750000 	 2.885464e-04
 0.400000 	 -0.700000 	 4.205645e-04
 0.400000 	 -0.650000 	 6.136198e-04
 0.400000 	 -0.600000 	 8.940139e-04
 0.400000 	 -0.550000 	 1.297448e-03
 0.400000 	 -0.500000 	 1.869266e-03
 0.400000 	 -0.450000 	 2.662210e-03
 0.400000 	 -0.400000 	 3.733063e-03
 0.400000 	 -0.350000 	 5.126173e-03
 0.400000 	 -0.300000 	 6.854197e-03
 0.400000 	 -0.250000 	 8.875402e-03
 0.400000 	 -0.200000 	 1.106465e-02
 0.400000 	 -0.150000 	 1.320739e-02
 0.400000 	 -0.100000 	 1.504212e-02
 0.400000 	 -0.050000 	 1.628498e-02
 0.400000 	 0.000000 	 1.672418e-02
 0.400000 	 0.050000 	 1.628560e-02
 0.400000 	 0.100000 	 1.504071e-02
 0.400000 	 0.150000 	 1.320941e-02
 0.400000 	 0.200000 	 1.106296e-02
 0.400000 	 0.250000 	 8.875051e-03
 0.400000 	 0.300000 	 6.854260e-03
 0.400000 	 0.350000 	 5.126282e-03
 0.400000 	 0.400000 	 3.733086e-03
 0.400000 	 0.450000 	 2.662215e-03
 0.400000 	 0.500000 	 1.869044e-03
 0.400000 	 0.550000 	 1.297450e-03
 0.400000 	 0.600000 	 8.939612e-04
 0.400000 	 0.650000 	 6.136291e-04
 0.400000 	 0.700000 	 4.204806e-04
 0.400000 	 0.750000 	 2.885164e-04
 0.400000 	 0.800000 	 1.984120e-04
 0.400000 	 0.850000 	 1.370523e-04
 0.400000 	 0.900000 	 9.507055e-05
 0.400000 	 0.950000 	 6.633547e-05
 0.400000 	 1.000000 	 4.658418e-05
 0.450000 	 -1.000000 	 3.933653e-05
 0.450000 	 -0.950000 	 5.541496e-05
 0.450000 	 -0.900000 	 7.847296e-05
 0.450000 	 -0.850000 	 1.116301e-04
 0.450000 	 -0.800000 	 1.593771e-04
 0.450000 	 -0.750000 	 2.282793e-04
 0.450000 	 -0.700000 	 3.273060e-04
 0.450000 	 -0.650000 	 4.692141e-04
 0.450000 	 -0.600000 	 6.708554e-04
 0.450000 	 -0.550000 	 9.544868e-04
 0.450000 	 -0.500000 	 1.346901e-03
 0.450000 	 -0.450000 	 1.877828e-03
 0.450000 	 -0.400000 	 2.576852e-03
 0.450000 	 -0.350000 	 3.464223e-03
 0.450000 	 -0.300000 	 4.539072e-03
 0.450000 	 -0.250000 	 5.768468e-03
 0.450000 	 -0.200000 	 7.073905e-03
 0.450000 	 -0.150000 	 8.333759e-03
 0.450000 	 -0.100000 	 9.398295e-03
 0.450000 	 -0.050000 	 1.011166e-02
 0.450000 	 0.000000 	 1.036319e-02
 0.450000 	 0.050000 	 1.011145e-02
 0.450000 	 0.100000 	 9.396830e-03
 0.450000 	 0.150000 	 8.334968e-03
 0.450000 	 0.200000 	 7.075253e-03
 0.450000 	 0.250000 	 5.768209e-03
 0.450000 	 0.300000 	 4.538400e-03
 0.450000 	 0.350000 	 3.463992e-03
 0.450000 	 0.400000 	 2.576841e-03
 0.450000 	 0.450000 	 1.877805e-03
 0.450000 	 0.500000 	 1.346712e-03
 0.450000 	 0.550000 	 9.542674e-04
 0.450000 	 0.600000 	 6.709715e-04
 0.450000 	 0.650000 	 4.692843e-04
 0.450000 	 0.700000 	 3.273067e-04
 0.450000 	 0.750000 	 2.282888e-04
 0.450000 	 0.800000 	 1.594242e-04
 0.450000 	 0.850000 	 1.116298e-04
 0.450000 	 0.900000 	 7.847144e-05
 0.450000 	 0.950000 	 5.540826e-05
 0.450000 	 1.000000 	 3.933102e-05
 0.500000 	 -1.000000 	 3.281535e-05
 0.500000 	 -0.950000 	 4.570317e-05
 0.500000 	 -0.900000 	 6.392471e-05
 0.500000 	 -0.850000 	 8.972441e-05
 0.500000 	 -0.800000 	 1.263142e-04
 0.500000 	 -0.750000 	 1.781259e-04
 0.500000 	 -0.700000 	 2.511750e-04
 0.500000 	 -0.650000 	 3.536221e-04
 0.500000 	 -0.600000 	 4.962326e-04
 0.500000 	 -0.550000 	 6.920996e-04
 0.500000 	 -0.500000 	 9.566631e-04
 0.500000 	 -0.450000 	 1.306133e-03
 0.500000 	 -0.400000 	 1.754791e-03
 0.500000 	 -0.350000 	 2.311223e-03
 0.500000 	 -0.300000 	 2.968883e-03
 0.500000 	 -0.250000 	 3.705533e-03
 0.500000 	 -0.200000 	 4.473425e-03
 0.500000 	 -0.150000 	 5.202873e-03
 0.500000 	 -0.100000 	 5.810825e-03
 0.500000 	 -0.050000 	 6.215918e-03
 0.500000 	 0.000000 	 6.358607e-03
 0.500000 	 0.050000 	 6.216696e-03
 0.500000 	 0.100000 	 5.811047e-03
 0.500000 	 0.150000 	 5.203205e-03
 0.500000 	 0.200000 	 4.473892e-03
 0.500000 	 0.250000 	 3.705532e-03
 0.500000 	 0.300000 	 2.968799e-03
 0.500000 	 0.350000 	 2.311233e-03
 0.500000 	 0.400000 	 1.754877e-03
 0.500000 	 0.450000 	 1.306046e-03
 0.500000 	 0.500000 	 9.566114e-04
 0.500000 	 0.550000 	 6.920440e-04
 0.500000 	 0.600000 	 4.962587e-04
 0.500000 	 0.650000 	 3.536285e-04
 0.500000 	 0.700000 	 2.511823e-04
 0.500000 	 0.750000 	 1.780996e-04
 0.500000 	 0.800000 	 1.263139e-04
 0.500000 	 0.850000 	 8.973314e-05
 0.500000 	 0.900000 	 6.393571e-05
 0.500000 	 0.950000 	 4.570515e-05
 0.500000 	 1.000000 	 3.281251e-05
 0.550000 	 -1.000000 	 2.709200e-05
 0.550000 	 -0.950000 	 3.728930e-05
 0.550000 	 -0.900000 	 5.149848e-05
 0.550000 	 -0.850000 	 7.132271e-05
 0.550000 	 -0.800000 	 9.893886e-05
 0.550000 	 -0.750000 	 1.373021e-04
 0.550000 	 -0.700000 	 1.904100e-04
 0.550000 	 -0.650000 	 2.633722e-04
 0.550000 	 -0.600000 	 3.628275e-04
 0.550000 	 -0.550000 	 4.963286e-04
 0.550000 	 -0.500000 	 6.723794e-04
 0.550000 	 -0.450000 	 8.995206e-04
 0.550000 	 -0.400000 	 1.184470e-03
 0.550000 	 -0.350000 	 1.529207e-03
 0.550000 	 -0.300000 	 1.928209e-03
 0.550000 	 -0.250000 	 2.365622e-03
 0.550000 	 -0.200000 	 2.813653e-03
 0.550000 	 -0.150000 	 3.232601e-03
 0.550000 	 -0.100000 	 3.577196e-03
 0.550000 	 -0.050000 	 3.805488e-03
 0.550000 	 0.000000 	 3.884064e-03
 0.550000 	 0.050000 	 3.804739e-03
 0.550000 	 0.100000 	 3.576785e-03
 0.550000 	 0.150000 	 3.232028e-03
 0.550000 	 0.200000 	 2.812966e-03
 0.550000 	 0.250000 	 2.365709e-03
 0.550000 	 0.300000 	 1.928017e-03
 0.550000 	 0.350000 	 1.529181e-03
 0.550000 	 0.400000 	 1.184472e-03
 0.550000 	 0.450000 	 8.996840e-04
 0.550000 	 0.500000 	 6.723467e-04
 0.550000 	 0.550000 	 4.962743e-04
 0.550000 	 0.600000 	 3.627996e-04
 0.550000 	 0.650000 	 2.634401e-04
 0.550000 	 0.700000 	 1.903906e-04
 0.550000 	 0.750000 	 1.372755e-04
 0.550000 	 0.800000 	 9.892146e-05
 0.550000 	 0.850000 	 7.131317e-05
 0.550000 	 0.900000 	 5.150000e-05
 0.550000 	 0.950000 	 3.728006e-05
 0.550000 	 1.000000 	 2.708883e-05
 0.600000 	 -1.000000 	 2.215501e-05
 0.600000 	 -0.950000 	 3.012570e-05
 0.600000 	 -0.900000 	 4.108968e-05
 0.600000 	 -0.850000 	 5.612601e-05
 0.600000 	 -0.800000 	 7.670437e-05
 0.600000 	 -0.750000 	 1.048474e-04
 0.600000 	 -0.700000 	 1.430212e-04
 0.600000 	 -0.650000 	 1.944344e-04
 0.600000 	 -0.600000 	 2.630102e-04
 0.600000 	 -0.550000 	 3.529596e-04
 0.600000 	 -0.500000 	 4.691544e-04
 0.600000 	 -0.450000 	 6.156835e-04
 0.600000 	 -0.400000 	 7.953248e-04
 0.600000 	 -0.350000 	 1.007731e-03
 0.600000 	 -0.300000 	 1.248561e-03
 0.600000 	 -0.250000 	 1.507557e-03
 0.600000 	 -0.200000 	 1.767572e-03
 0.600000 	 -0.150000 	 2.007743e-03
 0.600000 	 -0.100000 	 2.203360e-03
 0.600000 	 -0.050000 	 2.331359e-03
 0.600000 	 0.000000 	 2.375982e-03
 0.600000 	 0.050000 	 2.331242e-03
 0.600000 	 0.100000 	 2.202965e-03
 0.600000 	 0.150000 	 2.007611e-03
 0.600000 	 0.200000 	 1.768109e-03
 0.600000 	 0.250000 	 1.507166e-03
 0.600000 	 0.300000 	 1.248562e-03
 0.600000 	 0.350000 	 1.007674e-03
 0.600000 	 0.400000 	 7.952557e-04
 0.600000 	 0.450000 	 6.157076e-04
 0.600000 	 0.500000 	 4.692111e-04
 0.600000 	 0.550000 	 3.530255e-04
 0.600000 	 0.600000 	 2.629728e-04
 0.600000 	 0.650000 	 1.944336e-04
 0.600000 	 0.700000 	 1.429831e-04
 0.600000 	 0.750000 	 1.048386e-04
 0.600000 	 0.800000 	 7.671764e-05
 0.600000 	 0.850000 	 5.611661e-05
 0.600000 	 0.900000 	 4.108261e-05
 0.600000 	 0.950000 	 3.013523e-05
 0.600000 	 1.000000 	 2.214894e-05
 0.650000 	 -1.000000 	 1.796992e-05
 0.650000 	 -0.950000 	 2.414882e-05
 0.650000 	 -0.900000 	 3.251215e-05
 0.650000 	 -0.850000 	 4.380757e-05
 0.650000 	 -0.800000 	 5.902640e-05
 0.650000 	 -0.750000 	 7.946089e-05
 0.650000 	 -0.700000 	 1.066561e-04
 0.650000 	 -0.650000 	 1.425748e-04
 0.650000 	 -0.600000 	 1.894819e-04
 0.650000 	 -0.550000 	 2.498594e-04
 0.650000 	 -0.500000 	 3.260733e-04
 0.650000 	 -0.450000 	 4.201489e-04
 0.650000 	 -0.400000 	 5.327827e-04
 0.650000 	 -0.350000 	 6.636117e-04
 0.650000 	 -0.300000 	 8.087273e-04
 0.650000 	 -0.250000 	 9.617984e-04
 0.650000 	 -0.200000 	 1.113723e-03
 0.650000 	 -0.150000 	 1.251685e-03
 0.650000 	 -0.100000 	 1.362603e-03
 0.650000 	 -0.050000 	 1.435374e-03
 0.650000 	 0.000000 	 1.460203e-03
 0.650000 	 0.050000 	 1.435292e-03
 0.650000 	 0.100000 	 1.362695e-03
 0.650000 	 0.150000 	 1.251598e-03
 0.650000 	 0.200000 	 1.113537e-03
 0.650000 	 0.250000 	 9.620049e-04
 0.650000 	 0.300000 	 8.085821e-04
 0.650000 	 0.350000 	 6.635141e-04
 0.650000 	 0.400000 	 5.328738e-04
 0.650000 	 0.450000 	 4.200175e-04
 0.650000 	 0.500000 	 3.260431e-04
 0.650000 	 0.550000 	 2.498178e-04
 0.650000 	 0.600000 	 1.894768e-04
 0.650000 	 0.650000 	 1.425949e-04
 0.650000 	 0.700000 	 1.066470e-04
 0.650000 	 0.750000 	 7.944344e-05
 0.650000 	 0.800000 	 5.903839e-05
 0.650000 	 0.850000 	 4.380679e-05
 0.650000 	 0.900000 	 3.251639e-05
 0.650000 	 0.950000 	 2.415225e-05
 0.650000 	 1.000000 	 1.796951e-05
 0.700000 	 -1.000000 	 1.447643e-05
 0.700000 	 -0.950000 	 1.922634e-05
 0.700000 	 -0.900000 	 2.556077e-05
 0.700000 	 -0.850000 	 3.397405e-05
 0.700000 	 -0.800000 	 4.514378e-05
 0.700000 	 -0.750000 	 5.985523e-05
 0.700000 	 -0.700000 	 7.910495e-05
 0.700000 	 -0.650000 	 1.040688e-04
 0.700000 	 -0.600000 	 1.360046e-04
 0.700000 	 -0.550000 	 1.763078e-04
 0.700000 	 -0.500000 	 2.261555e-04
 0.700000 	 -0.450000 	 2.863254e-04
 0.700000 	 -0.400000 	 3.571132e-04
 0.700000 	 -0.350000 	 4.375901e-04
 0.700000 	 -0.300000 	 5.254748e-04
 0.700000 	 -0.250000 	 6.164301e-04
 0.700000 	 -0.200000 	 7.053521e-04
 0.700000 	 -0.150000 	 7.850360e-04
 0.700000 	 -0.100000 	 8.487658e-04
 0.700000 	 -0.050000 	 8.899237e-04
 0.700000 	 0.000000 	 9.041289e-04
 0.700000 	 0.050000 	 8.899401e-04
 0.700000 	 0.100000 	 8.487713e-04
 0.700000 	 0.150000 	 7.850697e-04
 0.700000 	 0.200000 	 7.052005e-04
 0.700000 	 0.250000 	 6.164971e-04
 0.700000 	 0.300000 	 5.253006e-04
 0.700000 	 0.350000 	 4.375981e-04
 0.700000 	 0.400000 	 3.571006e-04
 0.700000 	 0.450000 	 2.863502e-04
 0.700000 	 0.500000 	 2.261054e-04
 0.700000 	 0.550000 	 1.762865e-04
 0.700000 	 0.600000 	 1.360301e-04
 0.700000 	 0.650000 	 1.040625e-04
 0.700000 	 0.700000 	 7.909942e-05
 0.700000 	 0.750000 	 5.985967e-05
 0.700000 	 0.800000 	 4.515414e-05
 0.700000 	 0.850000 	 3.398012e-05
 0.700000 	 0.900000 	 2.555910e-05
 0.700000 	 0.950000 	 1.922323e-05
 0.700000 	 1.000000 	 1.447440e-05
 0.750000 	 -1.000000 	 1.159357e-05
 0.750000 	 -0.950000 	 1.521711e-05
 0.750000 	 -0.900000 	 1.998311e-05
 0.750000 	 -0.850000 	 2.622169e-05
 0.750000 	 -0.800000 	 3.436267e-05
 0.750000 	 -0.750000 	 4.490921e-05
 0.750000 	 -0.700000 	 5.847536e-05
 0.750000 	 -0.650000 	 7.573576e-05
 0.750000 	 -0.600000 	 9.743996e-05
 0.750000 	 -0.550000 	 1.242590e-04
 0.750000 	 -0.500000 	 1.568183e-04
 0.750000 	 -0.450000 	 1.954495e-04
 0.750000 	 -0.400000 	 2.400020e-04
 0.750000 	 -0.350000 	 2.896042e-04
 0.750000 	 -0.300000 	 3.429473e-04
 0.750000 	 -0.250000 	 3.974503e-04
 0.750000 	 -0.200000 	 4.499494e-04
 0.750000 	 -0.150000 	 4.963518e-04
 0.750000 	 -0.100000 	 5.331404e-04
 0.750000 	 -0.050000 	 5.567279e-04
 0.750000 	 0.000000 	 5.649833e-04
 0.750000 	 0.050000 	 5.567679e-04
 0.750000 	 0.100000 	 5.330961e-04
 0.750000 	 0.150000 	 4.963935e-04
 0.750000 	 0.200000 	 4.498446e-04
 0.750000 	 0.250000 	 3.974323e-04
 0.750000 	 0.300000 	 3.429800e-04
 0.750000 	 0.350000 	 2.897002e-04
 0.750000 	 0.400000 	 2.399907e-04
 0.750000 	 0.450000 	 1.954481e-04
 0.750000 	 0.500000 	 1.568224e-04
 0.750000 	 0.550000 	 1.242563e-04
 0.750000 	 0.600000 	 9.743297e-05
 0.750000 	 0.650000 	 7.575059e-05
 0.750000 	 0.700000 	 5.848299e-05
 0.750000 	 0.750000 	 4.491231e-05
 0.750000 	 0.800000 	 3.436255e-05
 0.750000 	 0.850000 	 2.622148e-05
 0.750000 	 0.900000 	 1.998138e-05
 0.750000 	 0.950000 	 1.522155e-05
 0.750000 	 1.000000 	 1.159175e-05
 0.800000 	 -1.000000 	 9.245070e-06
 0.800000 	 -0.950000 	 1.199448e-05
 0.800000 	 -0.900000 	 1.555779e-05
 0.800000 	 -0.850000 	 2.015976e-05
 0.800000 	 -0.800000 	 2.607634e-05
 0.800000 	 -0.750000 	 3.360764e-05
 0.800000 	 -0.700000 	 4.313158e-05
 0.800000 	 -0.650000 	 5.505416e-05
 0.800000 	 -0.600000 	 6.977887e-05
 0.800000 	 -0.550000 	 8.763173e-05
 0.800000 	 -0.500000 	 1.089316e-04
 0.800000 	 -0.450000 	 1.337622e-04
 0.800000 	 -0.400000 	 1.618957e-04
 0.800000 	 -0.350000 	 1.927443e-04
 0.800000 	 -0.300000 	 2.253259e-04
 0.800000 	 -0.250000 	 2.581834e-04
 0.800000 	 -0.200000 	 2.894018e-04
 0.800000 	 -0.150000 	 3.168338e-04
 0.800000 	 -0.100000 	 3.382128e-04
 0.800000 	 -0.050000 	 3.519711e-04
 0.800000 	 0.000000 	 3.567398e-04
 0.800000 	 0.050000 	 3.520158e-04
 0.800000 	 0.100000 	 3.382657e-04
 0.800000 	 0.150000 	 3.168312e-04
 0.800000 	 0.200000 	 2.894009e-04
 0.800000 	 0.250000 	 2.582359e-04
 0.800000 	 0.300000 	 2.253607e-04
 0.800000 	 0.350000 	 1.927440e-04
 0.800000 	 0.400000 	 1.618482e-04
 0.800000 	 0.450000 	 1.337597e-04
 0.800000 	 0.500000 	 1.089375e-04
 0.800000 	 0.550000 	 8.764695e-05
 0.800000 	 0.600000 	 6.976910e-05
 0.800000 	 0.650000 	 5.505171e-05
 0.800000 	 0.700000 	 4.312724e-05
 0.800000 	 0.750000 	 3.360472e-05
 0.800000 	 0.800000 	 2.607267e-05
 0.800000 	 0.850000 	 2.016260e-05
 0.800000 	 0.900000 	 1.556009e-05
 0.800000 	 0.950000 	 1.199617e-05
 0.800000 	 1.000000 	 9.243746e-06
 0.850000 	 -1.000000 	 7.341753e-06
 0.850000 	 -0.950000 	 9.420851e-06
 0.850000 	 -0.900000 	 1.207601e-05
 0.850000 	 -0.850000 	 1.545785e-05
 0.850000 	 -0.800000 	 1.973398e-05
 0.850000 	 -0.750000 	 2.510867e-05
 0.850000 	 -0.700000 	 3.178460e-05
 0.850000 	 -0.650000 	 4.002038e-05
 0.850000 	 -0.600000 	 4.999343e-05
 0.850000 	 -0.550000 	 6.191074e-05
 0.850000 	 -0.500000 	 7.589797e-05
 0.850000 	 -0.450000 	 9.191833e-05
 0.850000 	 -0.400000 	 1.097675e-04
 0.850000 	 -0.350000 	 1.290683e-04
 0.850000 	 -0.300000 	 1.491653e-04
 0.850000 	 -0.250000 	 1.691594e-04
 0.850000 	 -0.200000 	 1.878944e-04
 0.850000 	 -0.150000 	 2.042170e-04
 0.850000 	 -0.100000 	 2.169058e-04
 0.850000 	 -0.050000 	 2.250285e-04
 0.850000 	 0.000000 	 2.277936e-04
 0.850000 	 0.050000 	 2.250606e-04
 0.850000 	 0.100000 	 2.169489e-04
 0.850000 	 0.150000 	 2.042225e-04
 0.850000 	 0.200000 	 1.879009e-04
 0.850000 	 0.250000 	 1.691606e-04
 0.850000 	 0.300000 	 1.491781e-04
 0.850000 	 0.350000 	 1.290518e-04
 0.850000 	 0.400000 	 1.097599e-04
 0.850000 	 0.450000 	 9.189158e-05
 0.850000 	 0.500000 	 7.588839e-05
 0.850000 	 0.550000 	 6.192202e-05
 0.850000 	 0.600000 	 4.999920e-05
 0.850000 	 0.650000 	 4.001186e-05
 0.850000 	 0.700000 	 3.179569e-05
 0.850000 	 0.750000 	 2.511563e-05
 0.850000 	 0.800000 	 1.973428e-05
 0.850000 	 0.850000 	 1.545636e-05
 0.850000 	 0.900000 	 1.207773e-05
 0.850000 	 0.950000 	 9.422416e-06
 0.850000 	 1.000000 	 7.340596e-06
 0.900000 	 -1.000000 	 5.813941e-06
 0.900000 	 -0.950000 	 7.380269e-06
 0.900000 	 -0.900000 	 9.355014e-06
 0.900000 	 -0.850000 	 1.183340e-05
 0.900000 	 -0.800000 	 1.492601e-05
 0.900000 	 -0.750000 	 1.874820e-05
 0.900000 	 -0.700000 	 2.343275e-05
 0.900000 	 -0.650000 	 2.911557e-05
 0.900000 	 -0.600000 	 3.590545e-05
 0.900000 	 -0.550000 	 4.387783e-05
 0.900000 	 -0.500000 	 5.309039e-05
 0.900000 	 -0.450000 	 6.346872e-05
 0.900000 	 -0.400000 	 7.488309e-05
 0.900000 	 -0.350000 	 8.702899e-05
 0.900000 	 -0.300000 	 9.950320e-05
 0.900000 	 -0.250000 	 1.118269e-04
 0.900000 	 -0.200000 	 1.232248e-04
 0.900000 	 -0.150000 	 1.330643e-04
 0.900000 	 -0.100000 	 1.407077e-04
 0.900000 	 -0.050000 	 1.455284e-04
 0.900000 	 0.000000 	 1.471582e-04
 0.900000 	 0.050000 	 1.455275e-04
 0.900000 	 0.100000 	 1.406921e-04
 0.900000 	 0.150000 	 1.330788e-04
 0.900000 	 0.200000 	 1.232338e-04
 0.900000 	 0.250000 	 1.117963e-04
 0.900000 	 0.300000 	 9.954769e-05
 0.900000 	 0.350000 	 8.704419e-05
 0.900000 	 0.400000 	 7.486989e-05
 0.900000 	 0.450000 	 6.347542e-05
 0.900000 	 0.500000 	 5.308213e-05
 0.900000 	 0.550000 	 4.387589e-05
 0.900000 	 0.600000 	 3.589641e-05
 0.900000 	 0.650000 	 2.911490e-05
 0.900000 	 0.700000 	 2.343504e-05
 0.900000 	 0.750000 	 1.875070e-05
 0.900000 	 0.800000 	 1.492512e-05
 0.900000 	 0.850000 	 1.183363e-05
 0.900000 	 0.900000 	 9.358123e-06
 0.900000 	 0.950000 	 7.380573e-06
 0.900000 	 1.000000 	 5.813551e-06
 0.950000 	 -1.000000 	 4.594915e-06
 0.950000 	 -0.950000 	 5.771211e-06
 0.950000 	 -0.900000 	 7.237091e-06
 0.950000 	 -0.850000 	 9.052710e-06
 0.950000 	 -0.800000 	 1.128304e-05
 0.950000 	 -0.750000 	 1.400971e-05
 0.950000 	 -0.700000 	 1.729824e-05
 0.950000 	 -0.650000 	 2.122470e-05
 0.950000 	 -0.600000 	 2.585117e-05
 0.950000 	 -0.550000 	 3.121043e-05
 0.950000 	 -0.500000 	 3.730104e-05
 0.950000 	 -0.450000 	 4.408084e-05
 0.950000 	 -0.400000 	 5.142164e-05
 0.950000 	 -0.350000 	 5.915452e-05
 0.950000 	 -0.300000 	 6.700124e-05
 0.950000 	 -0.250000 	 7.462182e-05
 0.950000 	 -0.200000 	 8.167377e-05
 0.950000 	 -0.150000 	 8.767148e-05
 0.950000 	 -0.100000 	 9.229300e-05
 0.950000 	 -0.050000 	 9.520084e-05
 0.950000 	 0.000000 	 9.619229e-05
 0.950000 	 0.050000 	 9.518423e-05
 0.950000 	 0.100000 	 9.227345e-05
 0.950000 	 0.150000 	 8.766418e-05
 0.950000 	 0.200000 	 8.165041e-05
 0.950000 	 0.250000 	 7.463690e-05
 0.950000 	 0.300000 	 6.700086e-05
 0.950000 	 0.350000 	 5.916029e-05
 0.950000 	 0.400000 	 5.143384e-05
 0.950000 	 0.450000 	 4.407977e-05
 0.950000 	 0.500000 	 3.729974e-05
 0.950000 	 0.550000 	 3.121383e-05
 0.950000 	 0.600000 	 2.584847e-05
 0.950000 	 0.650000 	 2.122496e-05
 0.950000 	 0.700000 	 1.729791e-05
 0.950000 	 0.750000 	 1.400623e-05
 0.950000 	 0.800000 	 1.128285e-05
 0.950000 	 0.850000 	 9.052131e-06
 0.950000 	 0.900000 	 7.237017e-06
 0.950000 	 0.950000 	 5.770573e-06
 0.950000 	 1.000000 	 4.594349e-06
 1.000000 	 -1.000000 	 3.626209e-06
 1.000000 	 -0.950000 	 4.508635e-06
 1.000000 	 -0.900000 	 5.595576e-06
 1.000000 	 -0.850000 	 6.924339e-06
 1.000000 	 -0.800000 	 8.536073e-06
 1.000000 	 -0.750000 	 1.047658e-05
 1.000000 	 -0.700000 	 1.279044e-05
 1.000000 	 -0.650000 	 1.551326e-05
 1.000000 	 -0.600000 	 1.868142e-05
 1.000000 	 -0.550000 	 2.229427e-05
 1.000000 	 -0.500000 	 2.635074e-05
 1.000000 	 -0.450000 	 3.080237e-05
 1.000000 	 -0.400000 	 3.557195e-05
 1.000000 	 -0.350000 	 4.052955e-05
 1.000000 	 -0.300000 	 4.550220e-05
 1.000000 	 -0.250000 	 5.029815e-05
 1.000000 	 -0.200000 	 5.467345e-05
 1.000000 	 -0.150000 	 5.839006e-05
 1.000000 	 -0.100000 	 6.123664e-05
 1.000000 	 -0.050000 	 6.302502e-05
 1.000000 	 0.000000 	 6.362976e-05
 1.000000 	 0.050000 	 6.301982e-05
 1.000000 	 0.100000 	 6.123420e-05
 1.000000 	 0.150000 	 5.839595e-05
 1.000000 	 0.200000 	 5.466425e-05
 1.000000 	 0.250000 	 5.029142e-05
 1.000000 	 0.300000 	 4.550499e-05
 1.000000 	 0.350000 	 4.052950e-05
 1.000000 	 0.400000 	 3.557285e-05
 1.000000 	 0.450000 	 3.079937e-05
 1.000000 	 0.500000 	 2.635260e-05
 1.000000 	 0.550000 	 2.229443e-05
 1.000000 	 0.600000 	 1.868147e-05
 1.000000 	 0.650000 	 1.551517e-05
 1.000000 	 0.700000 	 1.279026e-05
 1.000000 	 0.750000 	 1.047685e-05
 1.000000 	 0.800000 	 8.536829e-06
 1.000000 	 0.850000 	 6.923917e-06
 1.000000 	 0.900000 	 5.595348e-06
 1.000000 	 0.950000 	 4.508704e-06
 1.000000 	 1.000000 	 3.626010e-06
