 -1.000000 	 -1.000000 	 1.801382e-06
 -1.000000 	 -0.950000 	 2.260396e-06
 -1.000000 	 -0.900000 	 2.827706e-06
 -1.000000 	 -0.850000 	 3.532086e-06
 -1.000000 	 -0.800000 	 4.393431e-06
 -1.000000 	 -0.750000 	 5.440835e-06
 -1.000000 	 -0.700000 	 6.706818e-06
 -1.000000 	 -0.650000 	 8.208259e-06
 -1.000000 	 -0.600000 	 9.973369e-06
 -1.000000 	 -0.550000 	 1.201048e-05
 -1.000000 	 -0.500000 	 1.432252e-05
 -1.000000 	 -0.450000 	 1.688537e-05
 -1.000000 	 -0.400000 	 1.966491e-05
 -1.000000 	 -0.350000 	 2.257850e-05
 -1.000000 	 -0.300000 	 2.552124e-05
 -1.000000 	 -0.250000 	 2.838575e-05
 -1.000000 	 -0.200000 	 3.101289e-05
 -1.000000 	 -0.150000 	 3.329168e-05
 -1.000000 	 -0.100000 	 3.500434e-05
 -1.000000 	 -0.050000 	 3.608382e-05
 -1.000000 	 0.000000 	 3.646647e-05
 -1.000000 	 0.050000 	 3.608089e-05
 -1.000000 	 0.100000 	 3.500630e-05
 -1.000000 	 0.150000 	 3.327203e-05
 -1.000000 	 0.200000 	 3.101763e-05
 -1.000000 	 0.250000 	 2.838908e-05
 -1.000000 	 0.300000 	 2.551644e-05
 -1.000000 	 0.350000 	 2.257775e-05
 -1.000000 	 0.400000 	 1.966533e-05
 -1.000000 	 0.450000 	 1.688982e-05
 -1.000000 	 0.500000 	 1.432762e-05
 -1.000000 	 0.550000 	 1.201311e-05
 -1.000000 	 0.600000 	 9.974289e-06
 -1.000000 	 0.650000 	 8.207486e-06
 -1.000000 	 0.700000 	 6.707257e-06
 -1.000000 	 0.750000 	 5.441764e-06
 -1.000000 	 0.800000 	 4.393246e-06
 -1.000000 	 0.850000 	 3.531142e-06
 -1.000000 	 0.900000 	 2.828485e-06
 -1.000000 	 0.950000 	 2.261026e-06
 -1.000000 	 1.000000 	 1.802744e-06
 -0.950000 	 -1.000000 	 2.188349e-06
 -0.950000 	 -0.950000 	 2.775290e-06
 -0.950000 	 -0.900000 	 3.514710e-06
 -0.950000 	 -0.850000 	 4.441076e-06
 -0.950000 	 -0.800000 	 5.589943e-06
 -0.950000 	 -0.750000 	 7.012521e-06
 -0.950000 	 -0.700000 	 8.754432e-06
 -0.950000 	 -0.650000 	 1.085185e-05
 -0.950000 	 -0.600000 	 1.335592e-05
 -0.950000 	 -0.550000 	 1.629783e-05
 -0.950000 	 -0.500000 	 1.968414e-05
 -0.950000 	 -0.450000 	 2.349120e-05
 -0.950000 	 -0.400000 	 2.766476e-05
 -0.950000 	 -0.350000 	 3.212981e-05
 -0.950000 	 -0.300000 	 3.669251e-05
 -0.950000 	 -0.250000 	 4.117135e-05
 -0.950000 	 -0.200000 	 4.532422e-05
 -0.950000 	 -0.150000 	 4.893043e-05
 -0.950000 	 -0.100000 	 5.172199e-05
 -0.950000 	 -0.050000 	 5.347232e-05
 -0.950000 	 0.000000 	 5.404922e-05
 -0.950000 	 0.050000 	 5.344814e-05
 -0.950000 	 0.100000 	 5.171159e-05
 -0.950000 	 0.150000 	 4.893090e-05
 -0.950000 	 0.200000 	 4.534647e-05
 -0.950000 	 0.250000 	 4.116699e-05
 -0.950000 	 0.300000 	 3.670285e-05
 -0.950000 	 0.350000 	 3.212078e-05
 -0.950000 	 0.400000 	 2.767657e-05
 -0.950000 	 0.450000 	 2.349752e-05
 -0.950000 	 0.500000 	 1.967734e-05
 -0.950000 	 0.550000 	 1.630278e-05
 -0.950000 	 0.600000 	 1.335882e-05
 -0.950000 	 0.650000 	 1.084888e-05
 -0.950000 	 0.700000 	 8.754906e-06
 -0.950000 	 0.750000 	 7.015093e-06
 -0.950000 	 0.800000 	 5.591446e-06
 -0.950000 	 0.850000 	 4.440316e-06
 -0.950000 	 0.900000 	 3.514241e-06
 -0.950000 	 0.950000 	 2.776240e-06
 -0.950000 	 1.000000 	 2.188923e-06
 -0.900000 	 -1.000000 	 2.648224e-06
 -0.900000 	 -0.950000 	 3.397003e-06
 -0.900000 	 -0.900000 	 4.354133e-06
 -0.900000 	 -0.850000 	 5.568612e-06
 -0.900000 	 -0.800000 	 7.105369e-06
 -0.900000 	 -0.750000 	 9.033985e-06
 -0.900000 	 -0.700000 	 1.142824e-05
 -0.900000 	 -0.650000 	 1.436786e-05
 -0.900000 	 -0.600000 	 1.794354e-05
 -0.900000 	 -0.550000 	 2.219382e-05
 -0.900000 	 -0.500000 	 2.718648e-05
 -0.900000 	 -0.450000 	 3.289680e-05
 -0.900000 	 -0.400000 	 3.923630e-05
 -0.900000 	 -0.350000 	 4.611742e-05
 -0.900000 	 -0.300000 	 5.326889e-05
 -0.900000 	 -0.250000 	 6.036956e-05
 -0.900000 	 -0.200000 	 6.703034e-05
 -0.900000 	 -0.150000 	 7.286990e-05
 -0.900000 	 -0.100000 	 7.740660e-05
 -0.900000 	 -0.050000 	 8.027600e-05
 -0.900000 	 0.000000 	 8.124948e-05
 -0.900000 	 0.050000 	 8.024892e-05
 -0.900000 	 0.100000 	 7.741181e-05
 -0.900000 	 0.150000 	 7.285068e-05
 -0.900000 	 0.200000 	 6.705719e-05
 -0.900000 	 0.250000 	 6.037094e-05
 -0.900000 	 0.300000 	 5.325657e-05
 -0.900000 	 0.350000 	 4.611018e-05
 -0.900000 	 0.400000 	 3.924994e-05
 -0.900000 	 0.450000 	 3.288872e-05
 -0.900000 	 0.500000 	 2.718240e-05
 -0.900000 	 0.550000 	 2.219501e-05
 -0.900000 	 0.600000 	 1.794208e-05
 -0.900000 	 0.650000 	 1.436563e-05
 -0.900000 	 0.700000 	 1.142769e-05
 -0.900000 	 0.750000 	 9.037976e-06
 -0.900000 	 0.800000 	 7.107188e-06
 -0.900000 	 0.850000 	 5.568848e-06
 -0.900000 	 0.900000 	 4.354638e-06
 -0.900000 	 0.950000 	 3.397471e-06
 -0.900000 	 1.000000 	 2.648198e-06
 -0.850000 	 -1.000000 	 3.188303e-06
 -0.850000 	 -0.950000 	 4.141099e-06
 -0.850000 	 -0.900000 	 5.374055e-06
 -0.850000 	 -0.850000 	 6.970618e-06
 -0.850000 	 -0.800000 	 9.014226e-06
 -0.850000 	 -0.750000 	 1.162427e-05
 -0.850000 	 -0.700000 	 1.492497e-05
 -0.850000 	 -0.650000 	 1.904270e-05
 -0.850000 	 -0.600000 	 2.413818e-05
 -0.850000 	 -0.550000 	 3.033732e-05
 -0.850000 	 -0.500000 	 3.770237e-05
 -0.850000 	 -0.450000 	 4.629234e-05
 -0.850000 	 -0.400000 	 5.605732e-05
 -0.850000 	 -0.350000 	 6.676377e-05
 -0.850000 	 -0.300000 	 7.807300e-05
 -0.850000 	 -0.250000 	 8.953369e-05
 -0.850000 	 -0.200000 	 1.003852e-04
 -0.850000 	 -0.150000 	 1.099386e-04
 -0.850000 	 -0.100000 	 1.174364e-04
 -0.850000 	 -0.050000 	 1.222495e-04
 -0.850000 	 0.000000 	 1.239072e-04
 -0.850000 	 0.050000 	 1.223003e-04
 -0.850000 	 0.100000 	 1.174488e-04
 -0.850000 	 0.150000 	 1.099411e-04
 -0.850000 	 0.200000 	 1.003624e-04
 -0.850000 	 0.250000 	 8.949465e-05
 -0.850000 	 0.300000 	 7.809404e-05
 -0.850000 	 0.350000 	 6.676505e-05
 -0.850000 	 0.400000 	 5.603413e-05
 -0.850000 	 0.450000 	 4.629954e-05
 -0.850000 	 0.500000 	 3.771495e-05
 -0.850000 	 0.550000 	 3.033872e-05
 -0.850000 	 0.600000 	 2.414766e-05
 -0.850000 	 0.650000 	 1.904996e-05
 -0.850000 	 0.700000 	 1.492492e-05
 -0.850000 	 0.750000 	 1.162812e-05
 -0.850000 	 0.800000 	 9.017869e-06
 -0.850000 	 0.850000 	 6.968691e-06
 -0.850000 	 0.900000 	 5.375609e-06
 -0.850000 	 0.950000 	 4.140900e-06
 -0.850000 	 1.000000 	 3.187932e-06
 -0.800000 	 -1.000000 	 3.815549e-06
 -0.800000 	 -0.950000 	 5.019237e-06
 -0.800000 	 -0.900000 	 6.603418e-06
 -0.800000 	 -0.850000 	 8.684605e-06
 -0.800000 	 -0.800000 	 1.139415e-05
 -0.800000 	 -0.750000 	 1.491967e-05
 -0.800000 	 -0.700000 	 1.946271e-05
 -0.800000 	 -0.650000 	 2.523160e-05
 -0.800000 	 -0.600000 	 3.252281e-05
 -0.800000 	 -0.550000 	 4.151392e-05
 -0.800000 	 -0.500000 	 5.251780e-05
 -0.800000 	 -0.450000 	 6.555758e-05
 -0.800000 	 -0.400000 	 8.063035e-05
 -0.800000 	 -0.350000 	 9.752194e-05
 -0.800000 	 -0.300000 	 1.156644e-04
 -0.800000 	 -0.250000 	 1.342276e-04
 -0.800000 	 -0.200000 	 1.521849e-04
 -0.800000 	 -0.150000 	 1.680990e-04
 -0.800000 	 -0.100000 	 1.808312e-04
 -0.800000 	 -0.050000 	 1.889616e-04
 -0.800000 	 0.000000 	 1.918142e-04
 -0.800000 	 0.050000 	 1.890667e-04
 -0.800000 	 0.100000 	 1.808310e-04
 -0.800000 	 0.150000 	 1.681428e-04
 -0.800000 	 0.200000 	 1.521834e-04
 -0.800000 	 0.250000 	 1.342659e-04
 -0.800000 	 0.300000 	 1.156387e-04
 -0.800000 	 0.350000 	 9.752415e-05
 -0.800000 	 0.400000 	 8.062720e-05
 -0.800000 	 0.450000 	 6.552010e-05
 -0.800000 	 0.500000 	 5.252789e-05
 -0.800000 	 0.550000 	 4.154766e-05
 -0.800000 	 0.600000 	 3.253688e-05
 -0.800000 	 0.650000 	 2.524856e-05
 -0.800000 	 0.700000 	 1.946437e-05
 -0.800000 	 0.750000 	 1.492063e-05
 -0.800000 	 0.800000 	 1.139727e-05
 -0.800000 	 0.850000 	 8.683715e-06
 -0.800000 	 0.900000 	 6.603814e-06
 -0.800000 	 0.950000 	 5.018170e-06
 -0.800000 	 1.000000 	 3.815964e-06
 -0.750000 	 -1.000000 	 4.532436e-06
 -0.750000 	 -0.950000 	 6.044460e-06
 -0.750000 	 -0.900000 	 8.065454e-06
 -0.750000 	 -0.850000 	 1.076216e-05
 -0.750000 	 -0.800000 	 1.434358e-05
 -0.750000 	 -0.750000 	 1.909848e-05
 -0.750000 	 -0.700000 	 2.531291e-05
 -0.750000 	 -0.650000 	 3.340537e-05
 -0.750000 	 -0.600000 	 4.382891e-05
 -0.750000 	 -0.550000 	 5.698457e-05
 -0.750000 	 -0.500000 	 7.337327e-05
 -0.750000 	 -0.450000 	 9.323982e-05
 -0.750000 	 -0.400000 	 1.167489e-04
 -0.750000 	 -0.350000 	 1.435492e-04
 -0.750000 	 -0.300000 	 1.729705e-04
 -0.750000 	 -0.250000 	 2.037032e-04
 -0.750000 	 -0.200000 	 2.337536e-04
 -0.750000 	 -0.150000 	 2.609581e-04
 -0.750000 	 -0.100000 	 2.826993e-04
 -0.750000 	 -0.050000 	 2.967756e-04
 -0.750000 	 0.000000 	 3.015350e-04
 -0.750000 	 0.050000 	 2.968218e-04
 -0.750000 	 0.100000 	 2.826809e-04
 -0.750000 	 0.150000 	 2.609377e-04
 -0.750000 	 0.200000 	 2.337651e-04
 -0.750000 	 0.250000 	 2.036521e-04
 -0.750000 	 0.300000 	 1.729956e-04
 -0.750000 	 0.350000 	 1.435586e-04
 -0.750000 	 0.400000 	 1.167498e-04
 -0.750000 	 0.450000 	 9.322419e-05
 -0.750000 	 0.500000 	 7.336945e-05
 -0.750000 	 0.550000 	 5.699010e-05
 -0.750000 	 0.600000 	 4.379859e-05
 -0.750000 	 0.650000 	 3.341320e-05
 -0.750000 	 0.700000 	 2.531805e-05
 -0.750000 	 0.750000 	 1.907915e-05
 -0.750000 	 0.800000 	 1.434458e-05
 -0.750000 	 0.850000 	 1.075492e-05
 -0.750000 	 0.900000 	 8.059370e-06
 -0.750000 	 0.950000 	 6.044921e-06
 -0.750000 	 1.000000 	 4.537218e-06
 -0.700000 	 -1.000000 	 5.344425e-06
 -0.700000 	 -0.950000 	 7.223932e-06
 -0.700000 	 -0.900000 	 9.771825e-06
 -0.700000 	 -0.850000 	 1.324707e-05
 -0.700000 	 -0.800000 	 1.795889e-05
 -0.700000 	 -0.750000 	 2.429700e-05
 -0.700000 	 -0.700000 	 3.280728e-05
 -0.700000 	 -0.650000 	 4.411476e-05
 -0.700000 	 -0.600000 	 5.895723e-05
 -0.700000 	 -0.550000 	 7.823125e-05
 -0.700000 	 -0.500000 	 1.027158e-04
 -0.700000 	 -0.450000 	 1.331768e-04
 -0.700000 	 -0.400000 	 1.699482e-04
 -0.700000 	 -0.350000 	 2.130063e-04
 -0.700000 	 -0.300000 	 2.612947e-04
 -0.700000 	 -0.250000 	 3.125136e-04
 -0.700000 	 -0.200000 	 3.638226e-04
 -0.700000 	 -0.150000 	 4.106287e-04
 -0.700000 	 -0.100000 	 4.485419e-04
 -0.700000 	 -0.050000 	 4.736161e-04
 -0.700000 	 0.000000 	 4.822974e-04
 -0.700000 	 0.050000 	 4.734719e-04
 -0.700000 	 0.100000 	 4.487689e-04
 -0.700000 	 0.150000 	 4.107400e-04
 -0.700000 	 0.200000 	 3.639445e-04
 -0.700000 	 0.250000 	 3.125640e-04
 -0.700000 	 0.300000 	 2.612369e-04
 -0.700000 	 0.350000 	 2.129409e-04
 -0.700000 	 0.400000 	 1.699867e-04
 -0.700000 	 0.450000 	 1.332154e-04
 -0.700000 	 0.500000 	 1.027251e-04
 -0.700000 	 0.550000 	 7.822627e-05
 -0.700000 	 0.600000 	 5.901241e-05
 -0.700000 	 0.650000 	 4.412561e-05
 -0.700000 	 0.700000 	 3.278756e-05
 -0.700000 	 0.750000 	 2.430104e-05
 -0.700000 	 0.800000 	 1.795181e-05
 -0.700000 	 0.850000 	 1.324794e-05
 -0.700000 	 0.900000 	 9.774770e-06
 -0.700000 	 0.950000 	 7.222816e-06
 -0.700000 	 1.000000 	 5.343824e-06
 -0.650000 	 -1.000000 	 6.234625e-06
 -0.650000 	 -0.950000 	 8.548502e-06
 -0.650000 	 -0.900000 	 1.174422e-05
 -0.650000 	 -0.850000 	 1.617234e-05
 -0.650000 	 -0.800000 	 2.229570e-05
 -0.650000 	 -0.750000 	 3.071461e-05
 -0.650000 	 -0.700000 	 4.227595e-05
 -0.650000 	 -0.650000 	 5.800031e-05
 -0.650000 	 -0.600000 	 7.914204e-05
 -0.650000 	 -0.550000 	 1.072589e-04
 -0.650000 	 -0.500000 	 1.439515e-04
 -0.650000 	 -0.450000 	 1.906616e-04
 -0.650000 	 -0.400000 	 2.487309e-04
 -0.650000 	 -0.350000 	 3.181794e-04
 -0.650000 	 -0.300000 	 3.980424e-04
 -0.650000 	 -0.250000 	 4.849290e-04
 -0.650000 	 -0.200000 	 5.735790e-04
 -0.650000 	 -0.150000 	 6.558095e-04
 -0.650000 	 -0.100000 	 7.235698e-04
 -0.650000 	 -0.050000 	 7.680958e-04
 -0.650000 	 0.000000 	 7.836086e-04
 -0.650000 	 0.050000 	 7.684330e-04
 -0.650000 	 0.100000 	 7.237565e-04
 -0.650000 	 0.150000 	 6.557574e-04
 -0.650000 	 0.200000 	 5.732750e-04
 -0.650000 	 0.250000 	 4.848588e-04
 -0.650000 	 0.300000 	 3.979857e-04
 -0.650000 	 0.350000 	 3.181939e-04
 -0.650000 	 0.400000 	 2.487055e-04
 -0.650000 	 0.450000 	 1.906311e-04
 -0.650000 	 0.500000 	 1.439684e-04
 -0.650000 	 0.550000 	 1.072277e-04
 -0.650000 	 0.600000 	 7.914606e-05
 -0.650000 	 0.650000 	 5.800029e-05
 -0.650000 	 0.700000 	 4.227233e-05
 -0.650000 	 0.750000 	 3.072878e-05
 -0.650000 	 0.800000 	 2.228483e-05
 -0.650000 	 0.850000 	 1.616350e-05
 -0.650000 	 0.900000 	 1.173462e-05
 -0.650000 	 0.950000 	 8.541580e-06
 -0.650000 	 1.000000 	 6.241012e-06
 -0.600000 	 -1.000000 	 7.196040e-06
 -0.600000 	 -0.950000 	 1.000207e-05
 -0.600000 	 -0.900000 	 1.395711e-05
 -0.600000 	 -0.850000 	 1.953763e-05
 -0.600000 	 -0.800000 	 2.739889e-05
 -0.600000 	 -0.750000 	 3.849835e-05
 -0.600000 	 -0.700000 	 5.404174e-05
 -0.600000 	 -0.650000 	 7.574755e-05
 -0.600000 	 -0.600000 	 1.057532e-04
 -0.600000 	 -0.550000 	 1.465396e-04
 -0.600000 	 -0.500000 	 2.013763e-04
 -0.600000 	 -0.450000 	 2.734313e-04
 -0.600000 	 -0.400000 	 3.651176e-04
 -0.600000 	 -0.350000 	 4.780816e-04
 -0.600000 	 -0.300000 	 6.113917e-04
 -0.600000 	 -0.250000 	 7.601379e-04
 -0.600000 	 -0.200000 	 9.146446e-04
 -0.600000 	 -0.150000 	 1.062333e-03
 -0.600000 	 -0.100000 	 1.184860e-03
 -0.600000 	 -0.050000 	 1.267250e-03
 -0.600000 	 0.000000 	 1.295543e-03
 -0.600000 	 0.050000 	 1.267151e-03
 -0.600000 	 0.100000 	 1.185355e-03
 -0.600000 	 0.150000 	 1.062243e-03
 -0.600000 	 0.200000 	 9.148918e-04
 -0.600000 	 0.250000 	 7.601091e-04
 -0.600000 	 0.300000 	 6.111604e-04
 -0.600000 	 0.350000 	 4.779967e-04
 -0.600000 	 0.400000 	 3.649430e-04
 -0.600000 	 0.450000 	 2.732724e-04
 -0.600000 	 0.500000 	 2.013950e-04
 -0.600000 	 0.550000 	 1.465445e-04
 -0.600000 	 0.600000 	 1.057957e-04
 -0.600000 	 0.650000 	 7.574841e-05
 -0.600000 	 0.700000 	 5.408576e-05
 -0.600000 	 0.750000 	 3.847595e-05
 -0.600000 	 0.800000 	 2.740099e-05
 -0.600000 	 0.850000 	 1.953914e-05
 -0.600000 	 0.900000 	 1.396082e-05
 -0.600000 	 0.950000 	 9.993650e-06
 -0.600000 	 1.000000 	 7.198677e-06
 -0.550000 	 -1.000000 	 8.195163e-06
 -0.550000 	 -0.950000 	 1.155015e-05
 -0.550000 	 -0.900000 	 1.636161e-05
 -0.550000 	 -0.850000 	 2.330923e-05
 -0.550000 	 -0.800000 	 3.330629e-05
 -0.550000 	 -0.750000 	 4.771799e-05
 -0.550000 	 -0.700000 	 6.843954e-05
 -0.550000 	 -0.650000 	 9.806358e-05
 -0.550000 	 -0.600000 	 1.401536e-04
 -0.550000 	 -0.550000 	 1.991298e-04
 -0.550000 	 -0.500000 	 2.807770e-04
 -0.550000 	 -0.450000 	 3.911373e-04
 -0.550000 	 -0.400000 	 5.363096e-04
 -0.550000 	 -0.350000 	 7.203323e-04
 -0.550000 	 -0.300000 	 9.445792e-04
 -0.550000 	 -0.250000 	 1.200968e-03
 -0.550000 	 -0.200000 	 1.475813e-03
 -0.550000 	 -0.150000 	 1.742606e-03
 -0.550000 	 -0.100000 	 1.968526e-03
 -0.550000 	 -0.050000 	 2.121414e-03
 -0.550000 	 0.000000 	 2.174476e-03
 -0.550000 	 0.050000 	 2.120939e-03
 -0.550000 	 0.100000 	 1.969270e-03
 -0.550000 	 0.150000 	 1.742719e-03
 -0.550000 	 0.200000 	 1.476111e-03
 -0.550000 	 0.250000 	 1.201668e-03
 -0.550000 	 0.300000 	 9.448833e-04
 -0.550000 	 0.350000 	 7.207143e-04
 -0.550000 	 0.400000 	 5.362478e-04
 -0.550000 	 0.450000 	 3.910459e-04
 -0.550000 	 0.500000 	 2.807661e-04
 -0.550000 	 0.550000 	 1.991482e-04
 -0.550000 	 0.600000 	 1.400833e-04
 -0.550000 	 0.650000 	 9.804779e-05
 -0.550000 	 0.700000 	 6.845022e-05
 -0.550000 	 0.750000 	 4.773645e-05
 -0.550000 	 0.800000 	 3.331062e-05
 -0.550000 	 0.850000 	 2.331287e-05
 -0.550000 	 0.900000 	 1.637465e-05
 -0.550000 	 0.950000 	 1.155243e-05
 -0.550000 	 1.000000 	 8.189313e-06
 -0.500000 	 -1.000000 	 9.189210e-06
 -0.500000 	 -0.950000 	 1.314501e-05
 -0.500000 	 -0.900000 	 1.891693e-05
 -0.500000 	 -0.850000 	 2.740871e-05
 -0.500000 	 -0.800000 	 3.990827e-05
 -0.500000 	 -0.750000 	 5.834605e-05
 -0.500000 	 -0.700000 	 8.555808e-05
 -0.500000 	 -0.650000 	 1.254430e-04
 -0.500000 	 -0.600000 	 1.838393e-04
 -0.500000 	 -0.550000 	 2.683661e-04
 -0.500000 	 -0.500000 	 3.888507e-04
 -0.500000 	 -0.450000 	 5.571363e-04
 -0.500000 	 -0.400000 	 7.862096e-04
 -0.500000 	 -0.350000 	 1.086848e-03
 -0.500000 	 -0.300000 	 1.463918e-03
 -0.500000 	 -0.250000 	 1.910627e-03
 -0.500000 	 -0.200000 	 2.399739e-03
 -0.500000 	 -0.150000 	 2.887127e-03
 -0.500000 	 -0.100000 	 3.309223e-03
 -0.500000 	 -0.050000 	 3.597143e-03
 -0.500000 	 0.000000 	 3.700655e-03
 -0.500000 	 0.050000 	 3.597870e-03
 -0.500000 	 0.100000 	 3.309682e-03
 -0.500000 	 0.150000 	 2.888801e-03
 -0.500000 	 0.200000 	 2.400546e-03
 -0.500000 	 0.250000 	 1.910587e-03
 -0.500000 	 0.300000 	 1.464195e-03
 -0.500000 	 0.350000 	 1.086942e-03
 -0.500000 	 0.400000 	 7.859818e-04
 -0.500000 	 0.450000 	 5.571290e-04
 -0.500000 	 0.500000 	 3.888417e-04
 -0.500000 	 0.550000 	 2.683283e-04
 -0.500000 	 0.600000 	 1.838693e-04
 -0.500000 	 0.650000 	 1.255016e-04
 -0.500000 	 0.700000 	 8.550374e-05
 -0.500000 	 0.750000 	 5.838850e-05
 -0.500000 	 0.800000 	 3.992401e-05
 -0.500000 	 0.850000 	 2.742003e-05
 -0.500000 	 0.900000 	 1.892817e-05
 -0.500000 	 0.950000 	 1.314251e-05
 -0.500000 	 1.000000 	 9.187013e-06
 -0.450000 	 -1.000000 	 1.012796e-05
 -0.450000 	 -0.950000 	 1.469444e-05
 -0.450000 	 -0.900000 	 2.151310e-05
 -0.450000 	 -0.850000 	 3.168594e-05
 -0.450000 	 -0.800000 	 4.700730e-05
 -0.450000 	 -0.750000 	 7.020642e-05
 -0.450000 	 -0.700000 	 1.052425e-04
 -0.450000 	 -0.650000 	 1.582197e-04
 -0.450000 	 -0.600000 	 2.380298e-04
 -0.450000 	 -0.550000 	 3.570207e-04
 -0.450000 	 -0.500000 	 5.328045e-04
 -0.450000 	 -0.450000 	 7.872529e-04
 -0.450000 	 -0.400000 	 1.145181e-03
 -0.450000 	 -0.350000 	 1.633500e-03
 -0.450000 	 -0.300000 	 2.266703e-03
 -0.450000 	 -0.250000 	 3.043349e-03
 -0.450000 	 -0.200000 	 3.920538e-03
 -0.450000 	 -0.150000 	 4.817129e-03
 -0.450000 	 -0.100000 	 5.607857e-03
 -0.450000 	 -0.050000 	 6.156621e-03
 -0.450000 	 0.000000 	 6.351179e-03
 -0.450000 	 0.050000 	 6.155251e-03
 -0.450000 	 0.100000 	 5.610064e-03
 -0.450000 	 0.150000 	 4.817931e-03
 -0.450000 	 0.200000 	 3.921512e-03
 -0.450000 	 0.250000 	 3.041998e-03
 -0.450000 	 0.300000 	 2.266812e-03
 -0.450000 	 0.350000 	 1.633773e-03
 -0.450000 	 0.400000 	 1.145302e-03
 -0.450000 	 0.450000 	 7.870568e-04
 -0.450000 	 0.500000 	 5.325086e-04
 -0.450000 	 0.550000 	 3.570906e-04
 -0.450000 	 0.600000 	 2.378797e-04
 -0.450000 	 0.650000 	 1.581094e-04
 -0.450000 	 0.700000 	 1.052303e-04
 -0.450000 	 0.750000 	 7.019547e-05
 -0.450000 	 0.800000 	 4.704266e-05
 -0.450000 	 0.850000 	 3.168519e-05
 -0.450000 	 0.900000 	 2.149271e-05
 -0.450000 	 0.950000 	 1.469633e-05
 -0.450000 	 1.000000 	 1.012939e-05
 -0.400000 	 -1.000000 	 1.096931e-05
 -0.400000 	 -0.950000 	 1.613609e-05
 -0.400000 	 -0.900000 	 2.395066e-05
 -0.400000 	 -0.850000 	 3.589535e-05
 -0.400000 	 -0.800000 	 5.431332e-05
 -0.400000 	 -0.750000 	 8.271506e-05
 -0.400000 	 -0.700000 	 1.269091e-04
 -0.400000 	 -0.650000 	 1.955819e-04
 -0.400000 	 -0.600000 	 3.022642e-04
 -0.400000 	 -0.550000 	 4.673115e-04
 -0.400000 	 -0.500000 	 7.183603e-04
 -0.400000 	 -0.450000 	 1.096898e-03
 -0.400000 	 -0.400000 	 1.650466e-03
 -0.400000 	 -0.350000 	 2.432973e-03
 -0.400000 	 -0.300000 	 3.488431e-03
 -0.400000 	 -0.250000 	 4.828469e-03
 -0.400000 	 -0.200000 	 6.393516e-03
 -0.400000 	 -0.150000 	 8.032720e-03
 -0.400000 	 -0.100000 	 9.514530e-03
 -0.400000 	 -0.050000 	 1.055589e-02
 -0.400000 	 0.000000 	 1.093062e-02
 -0.400000 	 0.050000 	 1.055754e-02
 -0.400000 	 0.100000 	 9.511898e-03
 -0.400000 	 0.150000 	 8.032482e-03
 -0.400000 	 0.200000 	 6.392103e-03
 -0.400000 	 0.250000 	 4.825559e-03
 -0.400000 	 0.300000 	 3.487902e-03
 -0.400000 	 0.350000 	 2.433362e-03
 -0.400000 	 0.400000 	 1.650009e-03
 -0.400000 	 0.450000 	 1.096277e-03
 -0.400000 	 0.500000 	 7.186151e-04
 -0.400000 	 0.550000 	 4.670789e-04
 -0.400000 	 0.600000 	 3.024025e-04
 -0.400000 	 0.650000 	 1.954200e-04
 -0.400000 	 0.700000 	 1.269687e-04
 -0.400000 	 0.750000 	 8.275121e-05
 -0.400000 	 0.800000 	 5.431770e-05
 -0.400000 	 0.850000 	 3.592412e-05
 -0.400000 	 0.900000 	 2.397540e-05
 -0.400000 	 0.950000 	 1.613620e-05
 -0.400000 	 1.000000 	 1.097523e-05
 -0.350000 	 -1.000000 	 1.163732e-05
 -0.350000 	 -0.950000 	 1.733164e-05
 -0.350000 	 -0.900000 	 2.612926e-05
 -0.350000 	 -0.850000 	 3.980336e-05
 -0.350000 	 -0.800000 	 6.131271e-05
 -0.350000 	 -0.750000 	 9.529923e-05
 -0.350000 	 -0.700000 	 1.494257e-04
 -0.350000 	 -0.650000 	 2.363357e-04
 -0.350000 	 -0.600000 	 3.752235e-04
 -0.350000 	 -0.550000 	 5.971492e-04
 -0.350000 	 -0.500000 	 9.486511e-04
 -0.350000 	 -0.450000 	 1.496749e-03
 -0.350000 	 -0.400000 	 2.334321e-03
 -0.350000 	 -0.350000 	 3.565064e-03
 -0.350000 	 -0.300000 	 5.293893e-03
 -0.350000 	 -0.250000 	 7.572938e-03
 -0.350000 	 -0.200000 	 1.031123e-02
 -0.350000 	 -0.150000 	 1.326338e-02
 -0.350000 	 -0.100000 	 1.598884e-02
 -0.350000 	 -0.050000 	 1.792254e-02
 -0.350000 	 0.000000 	 1.862478e-02
 -0.350000 	 0.050000 	 1.792590e-02
 -0.350000 	 0.100000 	 1.598832e-02
 -0.350000 	 0.150000 	 1.326833e-02
 -0.350000 	 0.200000 	 1.031030e-02
 -0.350000 	 0.250000 	 7.566235e-03
 -0.350000 	 0.300000 	 5.295179e-03
 -0.350000 	 0.350000 	 3.565563e-03
 -0.350000 	 0.400000 	 2.333423e-03
 -0.350000 	 0.450000 	 1.497733e-03
 -0.350000 	 0.500000 	 9.488370e-04
 -0.350000 	 0.550000 	 5.970606e-04
 -0.350000 	 0.600000 	 3.752514e-04
 -0.350000 	 0.650000 	 2.363548e-04
 -0.350000 	 0.700000 	 1.494873e-04
 -0.350000 	 0.750000 	 9.532140e-05
 -0.350000 	 0.800000 	 6.131137e-05
 -0.350000 	 0.850000 	 3.978293e-05
 -0.350000 	 0.900000 	 2.610567e-05
 -0.350000 	 0.950000 	 1.734465e-05
 -0.350000 	 1.000000 	 1.164021e-05
 -0.300000 	 -1.000000 	 1.207104e-05
 -0.300000 	 -0.950000 	 1.820632e-05
 -0.300000 	 -0.900000 	 2.781494e-05
 -0.300000 	 -0.850000 	 4.303246e-05
 -0.300000 	 -0.800000 	 6.738182e-05
 -0.300000 	 -0.750000 	 1.068938e-04
 -0.300000 	 -0.700000 	 1.713774e-04
 -0.300000 	 -0.650000 	 2.777244e-04
 -0.300000 	 -0.600000 	 4.528138e-04
 -0.300000 	 -0.550000 	 7.422660e-04
 -0.300000 	 -0.500000 	 1.217387e-03
 -0.300000 	 -0.450000 	 1.988963e-03
 -0.300000 	 -0.400000 	 3.213668e-03
 -0.300000 	 -0.350000 	 5.094162e-03
 -0.300000 	 -0.300000 	 7.840954e-03
 -0.300000 	 -0.250000 	 1.159880e-02
 -0.300000 	 -0.200000 	 1.627393e-02
 -0.300000 	 -0.150000 	 2.141873e-02
 -0.300000 	 -0.100000 	 2.620161e-02
 -0.300000 	 -0.050000 	 2.962501e-02
 -0.300000 	 0.000000 	 3.087530e-02
 -0.300000 	 0.050000 	 2.962468e-02
 -0.300000 	 0.100000 	 2.620561e-02
 -0.300000 	 0.150000 	 2.141807e-02
 -0.300000 	 0.200000 	 1.627418e-02
 -0.300000 	 0.250000 	 1.159126e-02
 -0.300000 	 0.300000 	 7.842050e-03
 -0.300000 	 0.350000 	 5.093574e-03
 -0.300000 	 0.400000 	 3.214834e-03
 -0.300000 	 0.450000 	 1.988692e-03
 -0.300000 	 0.500000 	 1.218173e-03
 -0.300000 	 0.550000 	 7.426301e-04
 -0.300000 	 0.600000 	 4.530779e-04
 -0.300000 	 0.650000 	 2.776699e-04
 -0.300000 	 0.700000 	 1.714245e-04
 -0.300000 	 0.750000 	 1.068653e-04
 -0.300000 	 0.800000 	 6.742103e-05
 -0.300000 	 0.850000 	 4.301020e-05
 -0.300000 	 0.900000 	 2.781670e-05
 -0.300000 	 0.950000 	 1.820205e-05
 -0.300000 	 1.000000 	 1.206861e-05
 -0.250000 	 -1.000000 	 1.222947e-05
 -0.250000 	 -0.950000 	 1.862614e-05
 -0.250000 	 -0.900000 	 2.882124e-05
 -0.250000 	 -0.850000 	 4.524343e-05
 -0.250000 	 -0.800000 	 7.203955e-05
 -0.250000 	 -0.750000 	 1.163219e-04
 -0.250000 	 -0.700000 	 1.905244e-04
 -0.250000 	 -0.650000 	 3.154905e-04
 -0.250000 	 -0.600000 	 5.286043e-04
 -0.250000 	 -0.550000 	 8.912731e-04
 -0.250000 	 -0.500000 	 1.508550e-03
 -0.250000 	 -0.450000 	 2.548566e-03
 -0.250000 	 -0.400000 	 4.269334e-03
 -0.250000 	 -0.350000 	 7.017165e-03
 -0.250000 	 -0.300000 	 1.120167e-02
 -0.250000 	 -0.250000 	 1.712425e-02
 -0.250000 	 -0.200000 	 2.471278e-02
 -0.250000 	 -0.150000 	 3.316150e-02
 -0.250000 	 -0.100000 	 4.095921e-02
 -0.250000 	 -0.050000 	 4.639457e-02
 -0.250000 	 0.000000 	 4.835674e-02
 -0.250000 	 0.050000 	 4.640189e-02
 -0.250000 	 0.100000 	 4.095714e-02
 -0.250000 	 0.150000 	 3.316637e-02
 -0.250000 	 0.200000 	 2.472103e-02
 -0.250000 	 0.250000 	 1.713305e-02
 -0.250000 	 0.300000 	 1.120395e-02
 -0.250000 	 0.350000 	 7.015166e-03
 -0.250000 	 0.400000 	 4.267474e-03
 -0.250000 	 0.450000 	 2.549030e-03
 -0.250000 	 0.500000 	 1.508194e-03
 -0.250000 	 0.550000 	 8.909825e-04
 -0.250000 	 0.600000 	 5.284746e-04
 -0.250000 	 0.650000 	 3.156771e-04
 -0.250000 	 0.700000 	 1.904930e-04
 -0.250000 	 0.750000 	 1.163339e-04
 -0.250000 	 0.800000 	 7.206089e-05
 -0.250000 	 0.850000 	 4.522064e-05
 -0.250000 	 0.900000 	 2.883611e-05
 -0.250000 	 0.950000 	 1.865511e-05
 -0.250000 	 1.000000 	 1.223221e-05
 -0.200000 	 -1.000000 	 1.207549e-05
 -0.200000 	 -0.950000 	 1.858367e-05
 -0.200000 	 -0.900000 	 2.904554e-05
 -0.200000 	 -0.850000 	 4.615451e-05
 -0.200000 	 -0.800000 	 7.455718e-05
 -0.200000 	 -0.750000 	 1.224937e-04
 -0.200000 	 -0.700000 	 2.042492e-04
 -0.200000 	 -0.650000 	 3.458684e-04
 -0.200000 	 -0.600000 	 5.926457e-04
 -0.200000 	 -0.550000 	 1.026459e-03
 -0.200000 	 -0.500000 	 1.789632e-03
 -0.200000 	 -0.450000 	 3.121324e-03
 -0.200000 	 -0.400000 	 5.409789e-03
 -0.200000 	 -0.350000 	 9.212542e-03
 -0.200000 	 -0.300000 	 1.523369e-02
 -0.200000 	 -0.250000 	 2.403438e-02
 -0.200000 	 -0.200000 	 3.548147e-02
 -0.200000 	 -0.150000 	 4.809564e-02
 -0.200000 	 -0.100000 	 5.905286e-02
 -0.200000 	 -0.050000 	 6.580588e-02
 -0.200000 	 0.000000 	 6.796175e-02
 -0.200000 	 0.050000 	 6.580039e-02
 -0.200000 	 0.100000 	 5.904074e-02
 -0.200000 	 0.150000 	 4.811472e-02
 -0.200000 	 0.200000 	 3.548346e-02
 -0.200000 	 0.250000 	 2.402645e-02
 -0.200000 	 0.300000 	 1.522824e-02
 -0.200000 	 0.350000 	 9.210720e-03
 -0.200000 	 0.400000 	 5.407699e-03
 -0.200000 	 0.450000 	 3.121094e-03
 -0.200000 	 0.500000 	 1.789359e-03
 -0.200000 	 0.550000 	 1.027091e-03
 -0.200000 	 0.600000 	 5.925824e-04
 -0.200000 	 0.650000 	 3.457267e-04
 -0.200000 	 0.700000 	 2.043627e-04
 -0.200000 	 0.750000 	 1.224899e-04
 -0.200000 	 0.800000 	 7.458998e-05
 -0.200000 	 0.850000 	 4.618689e-05
 -0.200000 	 0.900000 	 2.904094e-05
 -0.200000 	 0.950000 	 1.857183e-05
 -0.200000 	 1.000000 	 1.206440e-05
 -0.150000 	 -1.000000 	 1.160495e-05
 -0.150000 	 -0.950000 	 1.801058e-05
 -0.150000 	 -0.900000 	 2.840041e-05
 -0.150000 	 -0.850000 	 4.566145e-05
 -0.150000 	 -0.800000 	 7.455961e-05
 -0.150000 	 -0.750000 	 1.243605e-04
 -0.150000 	 -0.700000 	 2.106219e-04
 -0.150000 	 -0.650000 	 3.632569e-04
 -0.150000 	 -0.600000 	 6.360011e-04
 -0.150000 	 -0.550000 	 1.126981e-03
 -0.150000 	 -0.500000 	 2.016349e-03
 -0.150000 	 -0.450000 	 3.617854e-03
 -0.150000 	 -0.400000 	 6.464465e-03
 -0.150000 	 -0.350000 	 1.136044e-02
 -0.150000 	 -0.300000 	 1.938863e-02
 -0.150000 	 -0.250000 	 3.144008e-02
 -0.150000 	 -0.200000 	 4.723149e-02
 -0.150000 	 -0.150000 	 6.362810e-02
 -0.150000 	 -0.100000 	 7.498715e-02
 -0.150000 	 -0.050000 	 7.807243e-02
 -0.150000 	 0.000000 	 7.744500e-02
 -0.150000 	 0.050000 	 7.805170e-02
 -0.150000 	 0.100000 	 7.502110e-02
 -0.150000 	 0.150000 	 6.365616e-02
 -0.150000 	 0.200000 	 4.721497e-02
 -0.150000 	 0.250000 	 3.143778e-02
 -0.150000 	 0.300000 	 1.938708e-02
 -0.150000 	 0.350000 	 1.136086e-02
 -0.150000 	 0.400000 	 6.460680e-03
 -0.150000 	 0.450000 	 3.617585e-03
 -0.150000 	 0.500000 	 2.016057e-03
 -0.150000 	 0.550000 	 1.127559e-03
 -0.150000 	 0.600000 	 6.365319e-04
 -0.150000 	 0.650000 	 3.632836e-04
 -0.150000 	 0.700000 	 2.108644e-04
 -0.150000 	 0.750000 	 1.242715e-04
 -0.150000 	 0.800000 	 7.466062e-05
 -0.150000 	 0.850000 	 4.563654e-05
 -0.150000 	 0.900000 	 2.840770e-05
 -0.150000 	 0.950000 	 1.801169e-05
 -0.150000 	 1.000000 	 1.161100e-05
 -0.100000 	 -1.000000 	 1.084546e-05
 -0.100000 	 -0.950000 	 1.694125e-05
 -0.100000 	 -0.900000 	 2.690433e-05
 -0.100000 	 -0.850000 	 4.364367e-05
 -0.100000 	 -0.800000 	 7.209831e-05
 -0.100000 	 -0.750000 	 1.214212e-04
 -0.100000 	 -0.700000 	 2.086853e-04
 -0.100000 	 -0.650000 	 3.650863e-04
 -0.100000 	 -0.600000 	 6.500526e-04
 -0.100000 	 -0.550000 	 1.174360e-03
 -0.100000 	 -0.500000 	 2.144137e-03
 -0.100000 	 -0.450000 	 3.936188e-03
 -0.100000 	 -0.400000 	 7.210148e-03
 -0.100000 	 -0.350000 	 1.301499e-02
 -0.100000 	 -0.300000 	 2.279200e-02
 -0.100000 	 -0.250000 	 3.776090e-02
 -0.100000 	 -0.200000 	 5.717845e-02
 -0.100000 	 -0.150000 	 7.506181e-02
 -0.100000 	 -0.100000 	 7.954558e-02
 -0.100000 	 -0.050000 	 6.464952e-02
 -0.100000 	 0.000000 	 5.209004e-02
 -0.100000 	 0.050000 	 6.461849e-02
 -0.100000 	 0.100000 	 7.953187e-02
 -0.100000 	 0.150000 	 7.507291e-02
 -0.100000 	 0.200000 	 5.717086e-02
 -0.100000 	 0.250000 	 3.775598e-02
 -0.100000 	 0.300000 	 2.279053e-02
 -0.100000 	 0.350000 	 1.302219e-02
 -0.100000 	 0.400000 	 7.208425e-03
 -0.100000 	 0.450000 	 3.936162e-03
 -0.100000 	 0.500000 	 2.143211e-03
 -0.100000 	 0.550000 	 1.173690e-03
 -0.100000 	 0.600000 	 6.496000e-04
 -0.100000 	 0.650000 	 3.653072e-04
 -0.100000 	 0.700000 	 2.086328e-04
 -0.100000 	 0.750000 	 1.213828e-04
 -0.100000 	 0.800000 	 7.202840e-05
 -0.100000 	 0.850000 	 4.360802e-05
 -0.100000 	 0.900000 	 2.689419e-05
 -0.100000 	 0.950000 	 1.692261e-05
 -0.100000 	 1.000000 	 1.083940e-05
 -0.050000 	 -1.000000 	 9.855801e-06
 -0.050000 	 -0.950000 	 1.545572e-05
 -0.050000 	 -0.900000 	 2.472460e-05
 -0.050000 	 -0.850000 	 4.024629e-05
 -0.050000 	 -0.800000 	 6.702641e-05
 -0.050000 	 -0.750000 	 1.138024e-04
 -0.050000 	 -0.700000 	 1.975084e-04
 -0.050000 	 -0.650000 	 3.499069e-04
 -0.050000 	 -0.600000 	 6.301676e-04
 -0.050000 	 -0.550000 	 1.153880e-03
 -0.050000 	 -0.500000 	 2.139334e-03
 -0.050000 	 -0.450000 	 3.993582e-03
 -0.050000 	 -0.400000 	 7.445001e-03
 -0.050000 	 -0.350000 	 1.369195e-02
 -0.050000 	 -0.300000 	 2.439179e-02
 -0.050000 	 -0.250000 	 4.103186e-02
 -0.050000 	 -0.200000 	 6.229264e-02
 -0.050000 	 -0.150000 	 7.891576e-02
 -0.050000 	 -0.100000 	 6.930261e-02
 -0.050000 	 -0.050000 	 1.693008e-02
 -0.050000 	 0.000000 	 -2.647231e-02
 -0.050000 	 0.050000 	 1.694557e-02
 -0.050000 	 0.100000 	 6.925742e-02
 -0.050000 	 0.150000 	 7.889713e-02
 -0.050000 	 0.200000 	 6.231104e-02
 -0.050000 	 0.250000 	 4.102551e-02
 -0.050000 	 0.300000 	 2.440266e-02
 -0.050000 	 0.350000 	 1.369056e-02
 -0.050000 	 0.400000 	 7.447336e-03
 -0.050000 	 0.450000 	 3.993541e-03
 -0.050000 	 0.500000 	 2.140632e-03
 -0.050000 	 0.550000 	 1.154367e-03
 -0.050000 	 0.600000 	 6.299734e-04
 -0.050000 	 0.650000 	 3.494799e-04
 -0.050000 	 0.700000 	 1.974953e-04
 -0.050000 	 0.750000 	 1.139391e-04
 -0.050000 	 0.800000 	 6.700227e-05
 -0.050000 	 0.850000 	 4.027713e-05
 -0.050000 	 0.900000 	 2.467947e-05
 -0.050000 	 0.950000 	 1.544640e-05
 -0.050000 	 1.000000 	 9.851113e-06
 0.000000 	 -1.000000 	 8.711186e-06
 0.000000 	 -0.950000 	 1.366934e-05
 0.000000 	 -0.900000 	 2.190499e-05
 0.000000 	 -0.850000 	 3.588928e-05
 0.000000 	 -0.800000 	 5.993909e-05
 0.000000 	 -0.750000 	 1.023903e-04
 0.000000 	 -0.700000 	 1.788236e-04
 0.000000 	 -0.650000 	 3.185367e-04
 0.000000 	 -0.600000 	 5.787606e-04
 0.000000 	 -0.550000 	 1.068001e-03
 0.000000 	 -0.500000 	 1.996335e-03
 0.000000 	 -0.450000 	 3.761450e-03
 0.000000 	 -0.400000 	 7.076250e-03
 0.000000 	 -0.350000 	 1.313299e-02
 0.000000 	 -0.300000 	 2.362231e-02
 0.000000 	 -0.250000 	 4.004947e-02
 0.000000 	 -0.200000 	 6.098181e-02
 0.000000 	 -0.150000 	 7.612090e-02
 0.000000 	 -0.100000 	 5.966474e-02
 0.000000 	 -0.050000 	 -1.564471e-02
 0.000000 	 0.000000 	 -9.267495e-02
 0.000000 	 0.050000 	 -1.564003e-02
 0.000000 	 0.100000 	 5.965959e-02
 0.000000 	 0.150000 	 7.610921e-02
 0.000000 	 0.200000 	 6.097525e-02
 0.000000 	 0.250000 	 4.003512e-02
 0.000000 	 0.300000 	 2.361711e-02
 0.000000 	 0.350000 	 1.313141e-02
 0.000000 	 0.400000 	 7.074671e-03
 0.000000 	 0.450000 	 3.758748e-03
 0.000000 	 0.500000 	 1.997940e-03
 0.000000 	 0.550000 	 1.068872e-03
 0.000000 	 0.600000 	 5.787802e-04
 0.000000 	 0.650000 	 3.185681e-04
 0.000000 	 0.700000 	 1.789006e-04
 0.000000 	 0.750000 	 1.025121e-04
 0.000000 	 0.800000 	 5.999475e-05
 0.000000 	 0.850000 	 3.587853e-05
 0.000000 	 0.900000 	 2.191722e-05
 0.000000 	 0.950000 	 1.367818e-05
 0.000000 	 1.000000 	 8.701982e-06
 0.050000 	 -1.000000 	 7.487170e-06
 0.050000 	 -0.950000 	 1.174939e-05
 0.050000 	 -0.900000 	 1.883296e-05
 0.050000 	 -0.850000 	 3.086024e-05
 0.050000 	 -0.800000 	 5.172897e-05
 0.050000 	 -0.750000 	 8.853957e-05
 0.050000 	 -0.700000 	 1.547692e-04
 0.050000 	 -0.650000 	 2.764846e-04
 0.050000 	 -0.600000 	 5.030381e-04
 0.050000 	 -0.550000 	 9.310972e-04
 0.050000 	 -0.500000 	 1.743378e-03
 0.050000 	 -0.450000 	 3.284418e-03
 0.050000 	 -0.400000 	 6.180885e-03
 0.050000 	 -0.350000 	 1.147233e-02
 0.050000 	 -0.300000 	 2.061978e-02
 0.050000 	 -0.250000 	 3.497172e-02
 0.050000 	 -0.200000 	 5.360865e-02
 0.050000 	 -0.150000 	 6.884983e-02
 0.050000 	 -0.100000 	 6.245584e-02
 0.050000 	 -0.050000 	 1.996740e-02
 0.050000 	 0.000000 	 -1.596893e-02
 0.050000 	 0.050000 	 1.998916e-02
 0.050000 	 0.100000 	 6.245065e-02
 0.050000 	 0.150000 	 6.886383e-02
 0.050000 	 0.200000 	 5.362989e-02
 0.050000 	 0.250000 	 3.497783e-02
 0.050000 	 0.300000 	 2.062108e-02
 0.050000 	 0.350000 	 1.146881e-02
 0.050000 	 0.400000 	 6.177584e-03
 0.050000 	 0.450000 	 3.285954e-03
 0.050000 	 0.500000 	 1.742724e-03
 0.050000 	 0.550000 	 9.308954e-04
 0.050000 	 0.600000 	 5.033253e-04
 0.050000 	 0.650000 	 2.765145e-04
 0.050000 	 0.700000 	 1.548642e-04
 0.050000 	 0.750000 	 8.854002e-05
 0.050000 	 0.800000 	 5.171673e-05
 0.050000 	 0.850000 	 3.085126e-05
 0.050000 	 0.900000 	 1.885629e-05
 0.050000 	 0.950000 	 1.173320e-05
 0.050000 	 1.000000 	 7.479685e-06
 0.100000 	 -1.000000 	 6.247836e-06
 0.100000 	 -0.950000 	 9.799859e-06
 0.100000 	 -0.900000 	 1.568146e-05
 0.100000 	 -0.850000 	 2.567913e-05
 0.100000 	 -0.800000 	 4.296297e-05
 0.100000 	 -0.750000 	 7.352054e-05
 0.100000 	 -0.700000 	 1.282766e-04
 0.100000 	 -0.650000 	 2.288876e-04
 0.100000 	 -0.600000 	 4.150004e-04
 0.100000 	 -0.550000 	 7.643749e-04
 0.100000 	 -0.500000 	 1.424386e-03
 0.100000 	 -0.450000 	 2.667780e-03
 0.100000 	 -0.400000 	 4.978160e-03
 0.100000 	 -0.350000 	 9.148235e-03
 0.100000 	 -0.300000 	 1.629536e-02
 0.100000 	 -0.250000 	 2.746910e-02
 0.100000 	 -0.200000 	 4.236694e-02
 0.100000 	 -0.150000 	 5.689593e-02
 0.100000 	 -0.100000 	 6.238858e-02
 0.100000 	 -0.050000 	 5.389305e-02
 0.100000 	 0.000000 	 4.584012e-02
 0.100000 	 0.050000 	 5.391179e-02
 0.100000 	 0.100000 	 6.240414e-02
 0.100000 	 0.150000 	 5.689389e-02
 0.100000 	 0.200000 	 4.234820e-02
 0.100000 	 0.250000 	 2.746937e-02
 0.100000 	 0.300000 	 1.629847e-02
 0.100000 	 0.350000 	 9.147857e-03
 0.100000 	 0.400000 	 4.977747e-03
 0.100000 	 0.450000 	 2.667272e-03
 0.100000 	 0.500000 	 1.423688e-03
 0.100000 	 0.550000 	 7.650699e-04
 0.100000 	 0.600000 	 4.151092e-04
 0.100000 	 0.650000 	 2.287940e-04
 0.100000 	 0.700000 	 1.284356e-04
 0.100000 	 0.750000 	 7.351577e-05
 0.100000 	 0.800000 	 4.296356e-05
 0.100000 	 0.850000 	 2.567564e-05
 0.100000 	 0.900000 	 1.568690e-05
 0.100000 	 0.950000 	 9.795580e-06
 0.100000 	 1.000000 	 6.262864e-06
 0.150000 	 -1.000000 	 5.092123e-06
 0.150000 	 -0.950000 	 7.951085e-06
 0.150000 	 -0.900000 	 1.270745e-05
 0.150000 	 -0.850000 	 2.069970e-05
 0.150000 	 -0.800000 	 3.450704e-05
 0.150000 	 -0.750000 	 5.881124e-05
 0.150000 	 -0.700000 	 1.021988e-04
 0.150000 	 -0.650000 	 1.811584e-04
 0.150000 	 -0.600000 	 3.260581e-04
 0.150000 	 -0.550000 	 5.950537e-04
 0.150000 	 -0.500000 	 1.095730e-03
 0.150000 	 -0.450000 	 2.025214e-03
 0.150000 	 -0.400000 	 3.718818e-03
 0.150000 	 -0.350000 	 6.721697e-03
 0.150000 	 -0.300000 	 1.176763e-02
 0.150000 	 -0.250000 	 1.957938e-02
 0.150000 	 -0.200000 	 3.014503e-02
 0.150000 	 -0.150000 	 4.174971e-02
 0.150000 	 -0.100000 	 5.069130e-02
 0.150000 	 -0.050000 	 5.432519e-02
 0.150000 	 0.000000 	 5.467533e-02
 0.150000 	 0.050000 	 5.431847e-02
 0.150000 	 0.100000 	 5.069267e-02
 0.150000 	 0.150000 	 4.173120e-02
 0.150000 	 0.200000 	 3.014321e-02
 0.150000 	 0.250000 	 1.957059e-02
 0.150000 	 0.300000 	 1.177069e-02
 0.150000 	 0.350000 	 6.719804e-03
 0.150000 	 0.400000 	 3.719125e-03
 0.150000 	 0.450000 	 2.024498e-03
 0.150000 	 0.500000 	 1.096001e-03
 0.150000 	 0.550000 	 5.949478e-04
 0.150000 	 0.600000 	 3.260426e-04
 0.150000 	 0.650000 	 1.809197e-04
 0.150000 	 0.700000 	 1.021939e-04
 0.150000 	 0.750000 	 5.877588e-05
 0.150000 	 0.800000 	 3.449619e-05
 0.150000 	 0.850000 	 2.071476e-05
 0.150000 	 0.900000 	 1.270405e-05
 0.150000 	 0.950000 	 7.942232e-06
 0.150000 	 1.000000 	 5.091143e-06
 0.200000 	 -1.000000 	 4.056743e-06
 0.200000 	 -0.950000 	 6.294125e-06
 0.200000 	 -0.900000 	 1.000725e-05
 0.200000 	 -0.850000 	 1.624214e-05
 0.200000 	 -0.800000 	 2.686888e-05
 0.200000 	 -0.750000 	 4.546299e-05
 0.200000 	 -0.700000 	 7.830866e-05
 0.200000 	 -0.650000 	 1.374142e-04
 0.200000 	 -0.600000 	 2.448219e-04
 0.200000 	 -0.550000 	 4.405296e-04
 0.200000 	 -0.500000 	 7.989673e-04
 0.200000 	 -0.450000 	 1.447267e-03
 0.200000 	 -0.400000 	 2.604091e-03
 0.200000 	 -0.350000 	 4.600937e-03
 0.200000 	 -0.300000 	 7.869676e-03
 0.200000 	 -0.250000 	 1.282252e-02
 0.200000 	 -0.200000 	 1.953452e-02
 0.200000 	 -0.150000 	 2.726702e-02
 0.200000 	 -0.100000 	 3.437655e-02
 0.200000 	 -0.050000 	 3.909827e-02
 0.200000 	 0.000000 	 4.066672e-02
 0.200000 	 0.050000 	 3.908839e-02
 0.200000 	 0.100000 	 3.436311e-02
 0.200000 	 0.150000 	 2.727066e-02
 0.200000 	 0.200000 	 1.953906e-02
 0.200000 	 0.250000 	 1.282872e-02
 0.200000 	 0.300000 	 7.868117e-03
 0.200000 	 0.350000 	 4.597954e-03
 0.200000 	 0.400000 	 2.604618e-03
 0.200000 	 0.450000 	 1.447042e-03
 0.200000 	 0.500000 	 7.990066e-04
 0.200000 	 0.550000 	 4.400457e-04
 0.200000 	 0.600000 	 2.447062e-04
 0.200000 	 0.650000 	 1.375873e-04
 0.200000 	 0.700000 	 7.843463e-05
 0.200000 	 0.750000 	 4.549508e-05
 0.200000 	 0.800000 	 2.687868e-05
 0.200000 	 0.850000 	 1.620466e-05
 0.200000 	 0.900000 	 9.994416e-06
 0.200000 	 0.950000 	 6.303957e-06
 0.200000 	 1.000000 	 4.059851e-06
 0.250000 	 -1.000000 	 3.167263e-06
 0.250000 	 -0.950000 	 4.891782e-06
 0.250000 	 -0.900000 	 7.705566e-06
 0.250000 	 -0.850000 	 1.241510e-05
 0.250000 	 -0.800000 	 2.038730e-05
 0.250000 	 -0.750000 	 3.412857e-05
 0.250000 	 -0.700000 	 5.826176e-05
 0.250000 	 -0.650000 	 1.008418e-04
 0.250000 	 -0.600000 	 1.768270e-04
 0.250000 	 -0.550000 	 3.130483e-04
 0.250000 	 -0.500000 	 5.559223e-04
 0.250000 	 -0.450000 	 9.847845e-04
 0.250000 	 -0.400000 	 1.725381e-03
 0.250000 	 -0.350000 	 2.967550e-03
 0.250000 	 -0.300000 	 4.938868e-03
 0.250000 	 -0.250000 	 7.852569e-03
 0.250000 	 -0.200000 	 1.173369e-02
 0.250000 	 -0.150000 	 1.623567e-02
 0.250000 	 -0.100000 	 2.057267e-02
 0.250000 	 -0.050000 	 2.370122e-02
 0.250000 	 0.000000 	 2.482848e-02
 0.250000 	 0.050000 	 2.368730e-02
 0.250000 	 0.100000 	 2.056612e-02
 0.250000 	 0.150000 	 1.624329e-02
 0.250000 	 0.200000 	 1.173499e-02
 0.250000 	 0.250000 	 7.853080e-03
 0.250000 	 0.300000 	 4.938650e-03
 0.250000 	 0.350000 	 2.969573e-03
 0.250000 	 0.400000 	 1.727056e-03
 0.250000 	 0.450000 	 9.849225e-04
 0.250000 	 0.500000 	 5.556220e-04
 0.250000 	 0.550000 	 3.132524e-04
 0.250000 	 0.600000 	 1.768857e-04
 0.250000 	 0.650000 	 1.007697e-04
 0.250000 	 0.700000 	 5.823549e-05
 0.250000 	 0.750000 	 3.411244e-05
 0.250000 	 0.800000 	 2.039099e-05
 0.250000 	 0.850000 	 1.238522e-05
 0.250000 	 0.900000 	 7.712579e-06
 0.250000 	 0.950000 	 4.889410e-06
 0.250000 	 1.000000 	 3.172512e-06
 0.300000 	 -1.000000 	 2.448424e-06
 0.300000 	 -0.950000 	 3.735847e-06
 0.300000 	 -0.900000 	 5.838647e-06
 0.300000 	 -0.850000 	 9.312680e-06
 0.300000 	 -0.800000 	 1.513401e-05
 0.300000 	 -0.750000 	 2.510803e-05
 0.300000 	 -0.700000 	 4.223306e-05
 0.300000 	 -0.650000 	 7.205915e-05
 0.300000 	 -0.600000 	 1.239633e-04
 0.300000 	 -0.550000 	 2.147483e-04
 0.300000 	 -0.500000 	 3.726962e-04
 0.300000 	 -0.450000 	 6.437180e-04
 0.300000 	 -0.400000 	 1.097577e-03
 0.300000 	 -0.350000 	 1.829875e-03
 0.300000 	 -0.300000 	 2.956191e-03
 0.300000 	 -0.250000 	 4.568284e-03
 0.300000 	 -0.200000 	 6.660523e-03
 0.300000 	 -0.150000 	 9.053269e-03
 0.300000 	 -0.100000 	 1.136420e-02
 0.300000 	 -0.050000 	 1.304914e-02
 0.300000 	 0.000000 	 1.366699e-02
 0.300000 	 0.050000 	 1.304786e-02
 0.300000 	 0.100000 	 1.136343e-02
 0.300000 	 0.150000 	 9.058081e-03
 0.300000 	 0.200000 	 6.658391e-03
 0.300000 	 0.250000 	 4.571199e-03
 0.300000 	 0.300000 	 2.956333e-03
 0.300000 	 0.350000 	 1.831528e-03
 0.300000 	 0.400000 	 1.096843e-03
 0.300000 	 0.450000 	 6.435828e-04
 0.300000 	 0.500000 	 3.730393e-04
 0.300000 	 0.550000 	 2.146966e-04
 0.300000 	 0.600000 	 1.239515e-04
 0.300000 	 0.650000 	 7.194418e-05
 0.300000 	 0.700000 	 4.218443e-05
 0.300000 	 0.750000 	 2.508957e-05
 0.300000 	 0.800000 	 1.514246e-05
 0.300000 	 0.850000 	 9.309754e-06
 0.300000 	 0.900000 	 5.846377e-06
 0.300000 	 0.950000 	 3.737159e-06
 0.300000 	 1.000000 	 2.442186e-06
 0.350000 	 -1.000000 	 1.869026e-06
 0.350000 	 -0.950000 	 2.834601e-06
 0.350000 	 -0.900000 	 4.370521e-06
 0.350000 	 -0.850000 	 6.896435e-06
 0.350000 	 -0.800000 	 1.108766e-05
 0.350000 	 -0.750000 	 1.808701e-05
 0.350000 	 -0.700000 	 2.999792e-05
 0.350000 	 -0.650000 	 5.025683e-05
 0.350000 	 -0.600000 	 8.482483e-05
 0.350000 	 -0.550000 	 1.438628e-04
 0.350000 	 -0.500000 	 2.433798e-04
 0.350000 	 -0.450000 	 4.083486e-04
 0.350000 	 -0.400000 	 6.762601e-04
 0.350000 	 -0.350000 	 1.092926e-03
 0.350000 	 -0.300000 	 1.709870e-03
 0.350000 	 -0.250000 	 2.563523e-03
 0.350000 	 -0.200000 	 3.641810e-03
 0.350000 	 -0.150000 	 4.841861e-03
 0.350000 	 -0.100000 	 5.983793e-03
 0.350000 	 -0.050000 	 6.812057e-03
 0.350000 	 0.000000 	 7.114462e-03
 0.350000 	 0.050000 	 6.812508e-03
 0.350000 	 0.100000 	 5.982098e-03
 0.350000 	 0.150000 	 4.845042e-03
 0.350000 	 0.200000 	 3.640688e-03
 0.350000 	 0.250000 	 2.565549e-03
 0.350000 	 0.300000 	 1.709996e-03
 0.350000 	 0.350000 	 1.093149e-03
 0.350000 	 0.400000 	 6.760580e-04
 0.350000 	 0.450000 	 4.083732e-04
 0.350000 	 0.500000 	 2.433617e-04
 0.350000 	 0.550000 	 1.439185e-04
 0.350000 	 0.600000 	 8.486977e-05
 0.350000 	 0.650000 	 5.028734e-05
 0.350000 	 0.700000 	 3.000164e-05
 0.350000 	 0.750000 	 1.813205e-05
 0.350000 	 0.800000 	 1.109675e-05
 0.350000 	 0.850000 	 6.905083e-06
 0.350000 	 0.900000 	 4.379174e-06
 0.350000 	 0.950000 	 2.830996e-06
 0.350000 	 1.000000 	 1.865594e-06
 0.400000 	 -1.000000 	 1.421376e-06
 0.400000 	 -0.950000 	 2.134139e-06
 0.400000 	 -0.900000 	 3.260506e-06
 0.400000 	 -0.850000 	 5.095100e-06
 0.400000 	 -0.800000 	 8.054096e-06
 0.400000 	 -0.750000 	 1.295465e-05
 0.400000 	 -0.700000 	 2.111743e-05
 0.400000 	 -0.650000 	 3.466956e-05
 0.400000 	 -0.600000 	 5.718105e-05
 0.400000 	 -0.550000 	 9.470680e-05
 0.400000 	 -0.500000 	 1.558560e-04
 0.400000 	 -0.450000 	 2.544887e-04
 0.400000 	 -0.400000 	 4.081552e-04
 0.400000 	 -0.350000 	 6.388096e-04
 0.400000 	 -0.300000 	 9.689505e-04
 0.400000 	 -0.250000 	 1.409132e-03
 0.400000 	 -0.200000 	 1.948415e-03
 0.400000 	 -0.150000 	 2.531303e-03
 0.400000 	 -0.100000 	 3.075097e-03
 0.400000 	 -0.050000 	 3.464273e-03
 0.400000 	 0.000000 	 3.607602e-03
 0.400000 	 0.050000 	 3.465387e-03
 0.400000 	 0.100000 	 3.073455e-03
 0.400000 	 0.150000 	 2.532608e-03
 0.400000 	 0.200000 	 1.946576e-03
 0.400000 	 0.250000 	 1.409934e-03
 0.400000 	 0.300000 	 9.689947e-04
 0.400000 	 0.350000 	 6.389778e-04
 0.400000 	 0.400000 	 4.080176e-04
 0.400000 	 0.450000 	 2.543967e-04
 0.400000 	 0.500000 	 1.559350e-04
 0.400000 	 0.550000 	 9.471313e-05
 0.400000 	 0.600000 	 5.730337e-05
 0.400000 	 0.650000 	 3.462557e-05
 0.400000 	 0.700000 	 2.108110e-05
 0.400000 	 0.750000 	 1.295165e-05
 0.400000 	 0.800000 	 8.050829e-06
 0.400000 	 0.850000 	 5.072911e-06
 0.400000 	 0.900000 	 3.268575e-06
 0.400000 	 0.950000 	 2.133802e-06
 0.400000 	 1.000000 	 1.425100e-06
 0.450000 	 -1.000000 	 1.093181e-06
 0.450000 	 -0.950000 	 1.620477e-06
 0.450000 	 -0.900000 	 2.446553e-06
 0.450000 	 -0.850000 	 3.753967e-06
 0.450000 	 -0.800000 	 5.846857e-06
 0.450000 	 -0.750000 	 9.257578e-06
 0.450000 	 -0.700000 	 1.478241e-05
 0.450000 	 -0.650000 	 2.374449e-05
 0.450000 	 -0.600000 	 3.831255e-05
 0.450000 	 -0.550000 	 6.180535e-05
 0.450000 	 -0.500000 	 9.898348e-05
 0.450000 	 -0.450000 	 1.568718e-04
 0.450000 	 -0.400000 	 2.438508e-04
 0.450000 	 -0.350000 	 3.705414e-04
 0.450000 	 -0.300000 	 5.441724e-04
 0.450000 	 -0.250000 	 7.685254e-04
 0.450000 	 -0.200000 	 1.034015e-03
 0.450000 	 -0.150000 	 1.315522e-03
 0.450000 	 -0.100000 	 1.569703e-03
 0.450000 	 -0.050000 	 1.749808e-03
 0.450000 	 0.000000 	 1.813819e-03
 0.450000 	 0.050000 	 1.749171e-03
 0.450000 	 0.100000 	 1.569777e-03
 0.450000 	 0.150000 	 1.313647e-03
 0.450000 	 0.200000 	 1.034141e-03
 0.450000 	 0.250000 	 7.689721e-04
 0.450000 	 0.300000 	 5.448203e-04
 0.450000 	 0.350000 	 3.701911e-04
 0.450000 	 0.400000 	 2.439177e-04
 0.450000 	 0.450000 	 1.566904e-04
 0.450000 	 0.500000 	 9.901468e-05
 0.450000 	 0.550000 	 6.178492e-05
 0.450000 	 0.600000 	 3.833100e-05
 0.450000 	 0.650000 	 2.375835e-05
 0.450000 	 0.700000 	 1.476383e-05
 0.450000 	 0.750000 	 9.249215e-06
 0.450000 	 0.800000 	 5.859605e-06
 0.450000 	 0.850000 	 3.747020e-06
 0.450000 	 0.900000 	 2.444280e-06
 0.450000 	 0.950000 	 1.621360e-06
 0.450000 	 1.000000 	 1.093229e-06
 0.500000 	 -1.000000 	 8.515747e-07
 0.500000 	 -0.950000 	 1.244592e-06
 0.500000 	 -0.900000 	 1.845502e-06
 0.500000 	 -0.850000 	 2.797649e-06
 0.500000 	 -0.800000 	 4.283973e-06
 0.500000 	 -0.750000 	 6.656885e-06
 0.500000 	 -0.700000 	 1.038964e-05
 0.500000 	 -0.650000 	 1.636422e-05
 0.500000 	 -0.600000 	 2.575047e-05
 0.500000 	 -0.550000 	 4.031174e-05
 0.500000 	 -0.500000 	 6.284801e-05
 0.500000 	 -0.450000 	 9.665909e-05
 0.500000 	 -0.400000 	 1.458433e-04
 0.500000 	 -0.350000 	 2.147339e-04
 0.500000 	 -0.300000 	 3.062791e-04
 0.500000 	 -0.250000 	 4.202288e-04
 0.500000 	 -0.200000 	 5.506261e-04
 0.500000 	 -0.150000 	 6.855272e-04
 0.500000 	 -0.100000 	 8.054538e-04
 0.500000 	 -0.050000 	 8.884490e-04
 0.500000 	 0.000000 	 9.188635e-04
 0.500000 	 0.050000 	 8.889939e-04
 0.500000 	 0.100000 	 8.049255e-04
 0.500000 	 0.150000 	 6.856415e-04
 0.500000 	 0.200000 	 5.508806e-04
 0.500000 	 0.250000 	 4.200760e-04
 0.500000 	 0.300000 	 3.063086e-04
 0.500000 	 0.350000 	 2.144024e-04
 0.500000 	 0.400000 	 1.458531e-04
 0.500000 	 0.450000 	 9.668389e-05
 0.500000 	 0.500000 	 6.274099e-05
 0.500000 	 0.550000 	 4.034230e-05
 0.500000 	 0.600000 	 2.572841e-05
 0.500000 	 0.650000 	 1.633437e-05
 0.500000 	 0.700000 	 1.040873e-05
 0.500000 	 0.750000 	 6.641950e-06
 0.500000 	 0.800000 	 4.297285e-06
 0.500000 	 0.850000 	 2.802435e-06
 0.500000 	 0.900000 	 1.851855e-06
 0.500000 	 0.950000 	 1.246968e-06
 0.500000 	 1.000000 	 8.516193e-07
 0.550000 	 -1.000000 	 6.718220e-07
 0.550000 	 -0.950000 	 9.704440e-07
 0.550000 	 -0.900000 	 1.420361e-06
 0.550000 	 -0.850000 	 2.112026e-06
 0.550000 	 -0.800000 	 3.178179e-06
 0.550000 	 -0.750000 	 4.823061e-06
 0.550000 	 -0.700000 	 7.385889e-06
 0.550000 	 -0.650000 	 1.132391e-05
 0.550000 	 -0.600000 	 1.739126e-05
 0.550000 	 -0.550000 	 2.654115e-05
 0.550000 	 -0.500000 	 4.016784e-05
 0.550000 	 -0.450000 	 5.999533e-05
 0.550000 	 -0.400000 	 8.769751e-05
 0.550000 	 -0.350000 	 1.253673e-04
 0.550000 	 -0.300000 	 1.737204e-04
 0.550000 	 -0.250000 	 2.319015e-04
 0.550000 	 -0.200000 	 2.970965e-04
 0.550000 	 -0.150000 	 3.627641e-04
 0.550000 	 -0.100000 	 4.198917e-04
 0.550000 	 -0.050000 	 4.585852e-04
 0.550000 	 0.000000 	 4.723951e-04
 0.550000 	 0.050000 	 4.588476e-04
 0.550000 	 0.100000 	 4.194229e-04
 0.550000 	 0.150000 	 3.625146e-04
 0.550000 	 0.200000 	 2.971627e-04
 0.550000 	 0.250000 	 2.320850e-04
 0.550000 	 0.300000 	 1.737300e-04
 0.550000 	 0.350000 	 1.255026e-04
 0.550000 	 0.400000 	 8.776021e-05
 0.550000 	 0.450000 	 5.993117e-05
 0.550000 	 0.500000 	 4.012278e-05
 0.550000 	 0.550000 	 2.653285e-05
 0.550000 	 0.600000 	 1.736271e-05
 0.550000 	 0.650000 	 1.132910e-05
 0.550000 	 0.700000 	 7.377972e-06
 0.550000 	 0.750000 	 4.829421e-06
 0.550000 	 0.800000 	 3.181438e-06
 0.550000 	 0.850000 	 2.107778e-06
 0.550000 	 0.900000 	 1.421665e-06
 0.550000 	 0.950000 	 9.707733e-07
 0.550000 	 1.000000 	 6.712715e-07
 0.600000 	 -1.000000 	 5.427683e-07
 0.600000 	 -0.950000 	 7.691214e-07
 0.600000 	 -0.900000 	 1.110722e-06
 0.600000 	 -0.850000 	 1.621811e-06
 0.600000 	 -0.800000 	 2.390408e-06
 0.600000 	 -0.750000 	 3.557671e-06
 0.600000 	 -0.700000 	 5.317745e-06
 0.600000 	 -0.650000 	 7.950027e-06
 0.600000 	 -0.600000 	 1.188376e-05
 0.600000 	 -0.550000 	 1.764173e-05
 0.600000 	 -0.500000 	 2.596851e-05
 0.600000 	 -0.450000 	 3.755628e-05
 0.600000 	 -0.400000 	 5.348482e-05
 0.600000 	 -0.350000 	 7.429674e-05
 0.600000 	 -0.300000 	 1.001207e-04
 0.600000 	 -0.250000 	 1.305030e-04
 0.600000 	 -0.200000 	 1.634402e-04
 0.600000 	 -0.150000 	 1.956983e-04
 0.600000 	 -0.100000 	 2.233103e-04
 0.600000 	 -0.050000 	 2.419985e-04
 0.600000 	 0.000000 	 2.485407e-04
 0.600000 	 0.050000 	 2.421095e-04
 0.600000 	 0.100000 	 2.234357e-04
 0.600000 	 0.150000 	 1.956072e-04
 0.600000 	 0.200000 	 1.633938e-04
 0.600000 	 0.250000 	 1.306102e-04
 0.600000 	 0.300000 	 1.001218e-04
 0.600000 	 0.350000 	 7.429178e-05
 0.600000 	 0.400000 	 5.351976e-05
 0.600000 	 0.450000 	 3.757556e-05
 0.600000 	 0.500000 	 2.594833e-05
 0.600000 	 0.550000 	 1.763108e-05
 0.600000 	 0.600000 	 1.186076e-05
 0.600000 	 0.650000 	 7.935820e-06
 0.600000 	 0.700000 	 5.321851e-06
 0.600000 	 0.750000 	 3.559331e-06
 0.600000 	 0.800000 	 2.392217e-06
 0.600000 	 0.850000 	 1.622454e-06
 0.600000 	 0.900000 	 1.113681e-06
 0.600000 	 0.950000 	 7.732832e-07
 0.600000 	 1.000000 	 5.411881e-07
 0.650000 	 -1.000000 	 4.454228e-07
 0.650000 	 -0.950000 	 6.268469e-07
 0.650000 	 -0.900000 	 8.857000e-07
 0.650000 	 -0.850000 	 1.270184e-06
 0.650000 	 -0.800000 	 1.832977e-06
 0.650000 	 -0.750000 	 2.663054e-06
 0.650000 	 -0.700000 	 3.891137e-06
 0.650000 	 -0.650000 	 5.685247e-06
 0.650000 	 -0.600000 	 8.242003e-06
 0.650000 	 -0.550000 	 1.191051e-05
 0.650000 	 -0.500000 	 1.704601e-05
 0.650000 	 -0.450000 	 2.401710e-05
 0.650000 	 -0.400000 	 3.323656e-05
 0.650000 	 -0.350000 	 4.490233e-05
 0.650000 	 -0.300000 	 5.900843e-05
 0.650000 	 -0.250000 	 7.508538e-05
 0.650000 	 -0.200000 	 9.210615e-05
 0.650000 	 -0.150000 	 1.084466e-04
 0.650000 	 -0.100000 	 1.222128e-04
 0.650000 	 -0.050000 	 1.314458e-04
 0.650000 	 0.000000 	 1.347699e-04
 0.650000 	 0.050000 	 1.313946e-04
 0.650000 	 0.100000 	 1.221892e-04
 0.650000 	 0.150000 	 1.084908e-04
 0.650000 	 0.200000 	 9.206859e-05
 0.650000 	 0.250000 	 7.511667e-05
 0.650000 	 0.300000 	 5.902487e-05
 0.650000 	 0.350000 	 4.494973e-05
 0.650000 	 0.400000 	 3.322466e-05
 0.650000 	 0.450000 	 2.401605e-05
 0.650000 	 0.500000 	 1.704644e-05
 0.650000 	 0.550000 	 1.192113e-05
 0.650000 	 0.600000 	 8.252798e-06
 0.650000 	 0.650000 	 5.670763e-06
 0.650000 	 0.700000 	 3.888388e-06
 0.650000 	 0.750000 	 2.664418e-06
 0.650000 	 0.800000 	 1.843071e-06
 0.650000 	 0.850000 	 1.267691e-06
 0.650000 	 0.900000 	 8.872858e-07
 0.650000 	 0.950000 	 6.250281e-07
 0.650000 	 1.000000 	 4.470940e-07
 0.700000 	 -1.000000 	 3.741198e-07
 0.700000 	 -0.950000 	 5.161515e-07
 0.700000 	 -0.900000 	 7.185486e-07
 0.700000 	 -0.850000 	 1.013300e-06
 0.700000 	 -0.800000 	 1.430835e-06
 0.700000 	 -0.750000 	 2.034786e-06
 0.700000 	 -0.700000 	 2.897653e-06
 0.700000 	 -0.650000 	 4.117753e-06
 0.700000 	 -0.600000 	 5.815024e-06
 0.700000 	 -0.550000 	 8.204098e-06
 0.700000 	 -0.500000 	 1.142924e-05
 0.700000 	 -0.450000 	 1.562512e-05
 0.700000 	 -0.400000 	 2.106402e-05
 0.700000 	 -0.350000 	 2.773783e-05
 0.700000 	 -0.300000 	 3.562564e-05
 0.700000 	 -0.250000 	 4.431622e-05
 0.700000 	 -0.200000 	 5.334924e-05
 0.700000 	 -0.150000 	 6.183187e-05
 0.700000 	 -0.100000 	 6.899464e-05
 0.700000 	 -0.050000 	 7.354711e-05
 0.700000 	 0.000000 	 7.523885e-05
 0.700000 	 0.050000 	 7.356258e-05
 0.700000 	 0.100000 	 6.890158e-05
 0.700000 	 0.150000 	 6.180928e-05
 0.700000 	 0.200000 	 5.328028e-05
 0.700000 	 0.250000 	 4.434714e-05
 0.700000 	 0.300000 	 3.565301e-05
 0.700000 	 0.350000 	 2.778550e-05
 0.700000 	 0.400000 	 2.106421e-05
 0.700000 	 0.450000 	 1.564820e-05
 0.700000 	 0.500000 	 1.142301e-05
 0.700000 	 0.550000 	 8.188517e-06
 0.700000 	 0.600000 	 5.841974e-06
 0.700000 	 0.650000 	 4.116536e-06
 0.700000 	 0.700000 	 2.891158e-06
 0.700000 	 0.750000 	 2.033868e-06
 0.700000 	 0.800000 	 1.432630e-06
 0.700000 	 0.850000 	 1.010154e-06
 0.700000 	 0.900000 	 7.197078e-07
 0.700000 	 0.950000 	 5.164477e-07
 0.700000 	 1.000000 	 3.740850e-07
 0.750000 	 -1.000000 	 3.170948e-07
 0.750000 	 -0.950000 	 4.302914e-07
 0.750000 	 -0.900000 	 5.905860e-07
 0.750000 	 -0.850000 	 8.169294e-07
 0.750000 	 -0.800000 	 1.130110e-06
 0.750000 	 -0.750000 	 1.570796e-06
 0.750000 	 -0.700000 	 2.182030e-06
 0.750000 	 -0.650000 	 3.034579e-06
 0.750000 	 -0.600000 	 4.188853e-06
 0.750000 	 -0.550000 	 5.728458e-06
 0.750000 	 -0.500000 	 7.780754e-06
 0.750000 	 -0.450000 	 1.041723e-05
 0.750000 	 -0.400000 	 1.367187e-05
 0.750000 	 -0.350000 	 1.757506e-05
 0.750000 	 -0.300000 	 2.206421e-05
 0.750000 	 -0.250000 	 2.691083e-05
 0.750000 	 -0.200000 	 3.185046e-05
 0.750000 	 -0.150000 	 3.639162e-05
 0.750000 	 -0.100000 	 4.014097e-05
 0.750000 	 -0.050000 	 4.251809e-05
 0.750000 	 0.000000 	 4.343811e-05
 0.750000 	 0.050000 	 4.256019e-05
 0.750000 	 0.100000 	 4.006698e-05
 0.750000 	 0.150000 	 3.638936e-05
 0.750000 	 0.200000 	 3.183305e-05
 0.750000 	 0.250000 	 2.690252e-05
 0.750000 	 0.300000 	 2.205717e-05
 0.750000 	 0.350000 	 1.758263e-05
 0.750000 	 0.400000 	 1.366046e-05
 0.750000 	 0.450000 	 1.041090e-05
 0.750000 	 0.500000 	 7.790169e-06
 0.750000 	 0.550000 	 5.735734e-06
 0.750000 	 0.600000 	 4.191507e-06
 0.750000 	 0.650000 	 3.033240e-06
 0.750000 	 0.700000 	 2.185867e-06
 0.750000 	 0.750000 	 1.574724e-06
 0.750000 	 0.800000 	 1.131733e-06
 0.750000 	 0.850000 	 8.159269e-07
 0.750000 	 0.900000 	 5.905791e-07
 0.750000 	 0.950000 	 4.303178e-07
 0.750000 	 1.000000 	 3.164846e-07
 0.800000 	 -1.000000 	 2.714232e-07
 0.800000 	 -0.950000 	 3.637183e-07
 0.800000 	 -0.900000 	 4.910611e-07
 0.800000 	 -0.850000 	 6.645860e-07
 0.800000 	 -0.800000 	 9.026147e-07
 0.800000 	 -0.750000 	 1.227328e-06
 0.800000 	 -0.700000 	 1.668252e-06
 0.800000 	 -0.650000 	 2.265788e-06
 0.800000 	 -0.600000 	 3.055160e-06
 0.800000 	 -0.550000 	 4.087658e-06
 0.800000 	 -0.500000 	 5.415204e-06
 0.800000 	 -0.450000 	 7.072339e-06
 0.800000 	 -0.400000 	 9.065452e-06
 0.800000 	 -0.350000 	 1.139932e-05
 0.800000 	 -0.300000 	 1.402335e-05
 0.800000 	 -0.250000 	 1.678992e-05
 0.800000 	 -0.200000 	 1.955544e-05
 0.800000 	 -0.150000 	 2.209306e-05
 0.800000 	 -0.100000 	 2.407879e-05
 0.800000 	 -0.050000 	 2.543384e-05
 0.800000 	 0.000000 	 2.588651e-05
 0.800000 	 0.050000 	 2.542357e-05
 0.800000 	 0.100000 	 2.409963e-05
 0.800000 	 0.150000 	 2.208543e-05
 0.800000 	 0.200000 	 1.956429e-05
 0.800000 	 0.250000 	 1.680646e-05
 0.800000 	 0.300000 	 1.403233e-05
 0.800000 	 0.350000 	 1.139744e-05
 0.800000 	 0.400000 	 9.059969e-06
 0.800000 	 0.450000 	 7.056350e-06
 0.800000 	 0.500000 	 5.414377e-06
 0.800000 	 0.550000 	 4.090161e-06
 0.800000 	 0.600000 	 3.059840e-06
 0.800000 	 0.650000 	 2.266656e-06
 0.800000 	 0.700000 	 1.671924e-06
 0.800000 	 0.750000 	 1.227153e-06
 0.800000 	 0.800000 	 9.031491e-07
 0.800000 	 0.850000 	 6.637268e-07
 0.800000 	 0.900000 	 4.898287e-07
 0.800000 	 0.950000 	 3.639546e-07
 0.800000 	 1.000000 	 2.710305e-07
 0.850000 	 -1.000000 	 2.332244e-07
 0.850000 	 -0.950000 	 3.085334e-07
 0.850000 	 -0.900000 	 4.092297e-07
 0.850000 	 -0.850000 	 5.457750e-07
 0.850000 	 -0.800000 	 7.276204e-07
 0.850000 	 -0.750000 	 9.692086e-07
 0.850000 	 -0.700000 	 1.291118e-06
 0.850000 	 -0.650000 	 1.714608e-06
 0.850000 	 -0.600000 	 2.259012e-06
 0.850000 	 -0.550000 	 2.960439e-06
 0.850000 	 -0.500000 	 3.830445e-06
 0.850000 	 -0.450000 	 4.890531e-06
 0.850000 	 -0.400000 	 6.145000e-06
 0.850000 	 -0.350000 	 7.568837e-06
 0.850000 	 -0.300000 	 9.133618e-06
 0.850000 	 -0.250000 	 1.077758e-05
 0.850000 	 -0.200000 	 1.236921e-05
 0.850000 	 -0.150000 	 1.379023e-05
 0.850000 	 -0.100000 	 1.490068e-05
 0.850000 	 -0.050000 	 1.566354e-05
 0.850000 	 0.000000 	 1.590740e-05
 0.850000 	 0.050000 	 1.567849e-05
 0.850000 	 0.100000 	 1.494409e-05
 0.850000 	 0.150000 	 1.380068e-05
 0.850000 	 0.200000 	 1.235440e-05
 0.850000 	 0.250000 	 1.076782e-05
 0.850000 	 0.300000 	 9.138325e-06
 0.850000 	 0.350000 	 7.580603e-06
 0.850000 	 0.400000 	 6.135108e-06
 0.850000 	 0.450000 	 4.888319e-06
 0.850000 	 0.500000 	 3.827819e-06
 0.850000 	 0.550000 	 2.957881e-06
 0.850000 	 0.600000 	 2.259861e-06
 0.850000 	 0.650000 	 1.713379e-06
 0.850000 	 0.700000 	 1.292726e-06
 0.850000 	 0.750000 	 9.693962e-07
 0.850000 	 0.800000 	 7.274601e-07
 0.850000 	 0.850000 	 5.449414e-07
 0.850000 	 0.900000 	 4.092377e-07
 0.850000 	 0.950000 	 3.080680e-07
 0.850000 	 1.000000 	 2.329599e-07
 0.900000 	 -1.000000 	 2.008749e-07
 0.900000 	 -0.950000 	 2.616262e-07
 0.900000 	 -0.900000 	 3.431426e-07
 0.900000 	 -0.850000 	 4.496758e-07
 0.900000 	 -0.800000 	 5.879048e-07
 0.900000 	 -0.750000 	 7.713773e-07
 0.900000 	 -0.700000 	 1.007503e-06
 0.900000 	 -0.650000 	 1.310482e-06
 0.900000 	 -0.600000 	 1.691795e-06
 0.900000 	 -0.550000 	 2.170240e-06
 0.900000 	 -0.500000 	 2.753742e-06
 0.900000 	 -0.450000 	 3.443780e-06
 0.900000 	 -0.400000 	 4.241871e-06
 0.900000 	 -0.350000 	 5.134015e-06
 0.900000 	 -0.300000 	 6.093705e-06
 0.900000 	 -0.250000 	 7.074985e-06
 0.900000 	 -0.200000 	 8.021794e-06
 0.900000 	 -0.150000 	 8.856368e-06
 0.900000 	 -0.100000 	 9.515360e-06
 0.900000 	 -0.050000 	 9.947706e-06
 0.900000 	 0.000000 	 1.009244e-05
 0.900000 	 0.050000 	 9.944567e-06
 0.900000 	 0.100000 	 9.518026e-06
 0.900000 	 0.150000 	 8.857214e-06
 0.900000 	 0.200000 	 8.028751e-06
 0.900000 	 0.250000 	 7.077614e-06
 0.900000 	 0.300000 	 6.098566e-06
 0.900000 	 0.350000 	 5.139162e-06
 0.900000 	 0.400000 	 4.243532e-06
 0.900000 	 0.450000 	 3.443902e-06
 0.900000 	 0.500000 	 2.749564e-06
 0.900000 	 0.550000 	 2.169588e-06
 0.900000 	 0.600000 	 1.693024e-06
 0.900000 	 0.650000 	 1.310280e-06
 0.900000 	 0.700000 	 1.008598e-06
 0.900000 	 0.750000 	 7.718153e-07
 0.900000 	 0.800000 	 5.889327e-07
 0.900000 	 0.850000 	 4.491762e-07
 0.900000 	 0.900000 	 3.422523e-07
 0.900000 	 0.950000 	 2.623847e-07
 0.900000 	 1.000000 	 2.007498e-07
 0.950000 	 -1.000000 	 1.729983e-07
 0.950000 	 -0.950000 	 2.230742e-07
 0.950000 	 -0.900000 	 2.873789e-07
 0.950000 	 -0.850000 	 3.704928e-07
 0.950000 	 -0.800000 	 4.780807e-07
 0.950000 	 -0.750000 	 6.153348e-07
 0.950000 	 -0.700000 	 7.901477e-07
 0.950000 	 -0.650000 	 1.008755e-06
 0.950000 	 -0.600000 	 1.280668e-06
 0.950000 	 -0.550000 	 1.610881e-06
 0.950000 	 -0.500000 	 2.002927e-06
 0.950000 	 -0.450000 	 2.463972e-06
 0.950000 	 -0.400000 	 2.982113e-06
 0.950000 	 -0.350000 	 3.551318e-06
 0.950000 	 -0.300000 	 4.154811e-06
 0.950000 	 -0.250000 	 4.757272e-06
 0.950000 	 -0.200000 	 5.332155e-06
 0.950000 	 -0.150000 	 5.834229e-06
 0.950000 	 -0.100000 	 6.229732e-06
 0.950000 	 -0.050000 	 6.482660e-06
 0.950000 	 0.000000 	 6.562914e-06
 0.950000 	 0.050000 	 6.479078e-06
 0.950000 	 0.100000 	 6.223524e-06
 0.950000 	 0.150000 	 5.831456e-06
 0.950000 	 0.200000 	 5.332464e-06
 0.950000 	 0.250000 	 4.760915e-06
 0.950000 	 0.300000 	 4.149611e-06
 0.950000 	 0.350000 	 3.556297e-06
 0.950000 	 0.400000 	 2.981986e-06
 0.950000 	 0.450000 	 2.459375e-06
 0.950000 	 0.500000 	 2.003637e-06
 0.950000 	 0.550000 	 1.609173e-06
 0.950000 	 0.600000 	 1.280847e-06
 0.950000 	 0.650000 	 1.009430e-06
 0.950000 	 0.700000 	 7.906581e-07
 0.950000 	 0.750000 	 6.158507e-07
 0.950000 	 0.800000 	 4.783257e-07
 0.950000 	 0.850000 	 3.707112e-07
 0.950000 	 0.900000 	 2.872295e-07
 0.950000 	 0.950000 	 2.226936e-07
 0.950000 	 1.000000 	 1.728545e-07
 1.000000 	 -1.000000 	 1.490624e-07
 1.000000 	 -0.950000 	 1.893596e-07
 1.000000 	 -0.900000 	 2.408702e-07
 1.000000 	 -0.850000 	 3.064388e-07
 1.000000 	 -0.800000 	 3.896117e-07
 1.000000 	 -0.750000 	 4.934728e-07
 1.000000 	 -0.700000 	 6.221537e-07
 1.000000 	 -0.650000 	 7.826076e-07
 1.000000 	 -0.600000 	 9.762746e-07
 1.000000 	 -0.550000 	 1.207619e-06
 1.000000 	 -0.500000 	 1.476014e-06
 1.000000 	 -0.450000 	 1.785568e-06
 1.000000 	 -0.400000 	 2.128751e-06
 1.000000 	 -0.350000 	 2.498438e-06
 1.000000 	 -0.300000 	 2.886307e-06
 1.000000 	 -0.250000 	 3.266609e-06
 1.000000 	 -0.200000 	 3.621068e-06
 1.000000 	 -0.150000 	 3.928055e-06
 1.000000 	 -0.100000 	 4.169895e-06
 1.000000 	 -0.050000 	 4.323493e-06
 1.000000 	 0.000000 	 4.378192e-06
 1.000000 	 0.050000 	 4.322847e-06
 1.000000 	 0.100000 	 4.167603e-06
 1.000000 	 0.150000 	 3.935237e-06
 1.000000 	 0.200000 	 3.621034e-06
 1.000000 	 0.250000 	 3.264366e-06
 1.000000 	 0.300000 	 2.882772e-06
 1.000000 	 0.350000 	 2.500166e-06
 1.000000 	 0.400000 	 2.129343e-06
 1.000000 	 0.450000 	 1.786093e-06
 1.000000 	 0.500000 	 1.477078e-06
 1.000000 	 0.550000 	 1.206370e-06
 1.000000 	 0.600000 	 9.756021e-07
 1.000000 	 0.650000 	 7.830020e-07
 1.000000 	 0.700000 	 6.224884e-07
 1.000000 	 0.750000 	 4.939431e-07
 1.000000 	 0.800000 	 3.898132e-07
 1.000000 	 0.850000 	 3.060938e-07
 1.000000 	 0.900000 	 2.410529e-07
 1.000000 	 0.950000 	 1.894328e-07
 1.000000 	 1.000000 	 1.487008e-07
