 -1.000000 	 -1.000000 	 3.200000e-07
 -1.000000 	 -0.950000 	 4.045667e-07
 -1.000000 	 -0.900000 	 5.101353e-07
 -1.000000 	 -0.850000 	 6.412014e-07
 -1.000000 	 -0.800000 	 8.021144e-07
 -1.000000 	 -0.750000 	 9.984948e-07
 -1.000000 	 -0.700000 	 1.235514e-06
 -1.000000 	 -0.650000 	 1.517045e-06
 -1.000000 	 -0.600000 	 1.847551e-06
 -1.000000 	 -0.550000 	 2.228794e-06
 -1.000000 	 -0.500000 	 2.659857e-06
 -1.000000 	 -0.450000 	 3.137116e-06
 -1.000000 	 -0.400000 	 3.651058e-06
 -1.000000 	 -0.350000 	 4.187946e-06
 -1.000000 	 -0.300000 	 4.731148e-06
 -1.000000 	 -0.250000 	 5.255108e-06
 -1.000000 	 -0.200000 	 5.734908e-06
 -1.000000 	 -0.150000 	 6.144917e-06
 -1.000000 	 -0.100000 	 6.459217e-06
 -1.000000 	 -0.050000 	 6.655174e-06
 -1.000000 	 0.000000 	 6.722965e-06
 -1.000000 	 0.050000 	 6.655084e-06
 -1.000000 	 0.100000 	 6.457445e-06
 -1.000000 	 0.150000 	 6.143951e-06
 -1.000000 	 0.200000 	 5.735675e-06
 -1.000000 	 0.250000 	 5.255439e-06
 -1.000000 	 0.300000 	 4.730521e-06
 -1.000000 	 0.350000 	 4.188593e-06
 -1.000000 	 0.400000 	 3.651917e-06
 -1.000000 	 0.450000 	 3.137273e-06
 -1.000000 	 0.500000 	 2.660283e-06
 -1.000000 	 0.550000 	 2.229084e-06
 -1.000000 	 0.600000 	 1.847764e-06
 -1.000000 	 0.650000 	 1.516960e-06
 -1.000000 	 0.700000 	 1.235289e-06
 -1.000000 	 0.750000 	 9.986720e-07
 -1.000000 	 0.800000 	 8.023175e-07
 -1.000000 	 0.850000 	 6.410822e-07
 -1.000000 	 0.900000 	 5.102082e-07
 -1.000000 	 0.950000 	 4.046661e-07
 -1.000000 	 1.000000 	 3.200264e-07
 -0.950000 	 -1.000000 	 4.189730e-07
 -0.950000 	 -0.950000 	 5.362328e-07
 -0.950000 	 -0.900000 	 6.846003e-07
 -0.950000 	 -0.850000 	 8.713944e-07
 -0.950000 	 -0.800000 	 1.104447e-06
 -0.950000 	 -0.750000 	 1.393049e-06
 -0.950000 	 -0.700000 	 1.746919e-06
 -0.950000 	 -0.650000 	 2.174195e-06
 -0.950000 	 -0.600000 	 2.683536e-06
 -0.950000 	 -0.550000 	 3.280295e-06
 -0.950000 	 -0.500000 	 3.965494e-06
 -0.950000 	 -0.450000 	 4.733451e-06
 -0.950000 	 -0.400000 	 5.573089e-06
 -0.950000 	 -0.350000 	 6.463692e-06
 -0.950000 	 -0.300000 	 7.372231e-06
 -0.950000 	 -0.250000 	 8.261113e-06
 -0.950000 	 -0.200000 	 9.082583e-06
 -0.950000 	 -0.150000 	 9.786745e-06
 -0.950000 	 -0.100000 	 1.033052e-05
 -0.950000 	 -0.050000 	 1.067248e-05
 -0.950000 	 0.000000 	 1.078872e-05
 -0.950000 	 0.050000 	 1.067203e-05
 -0.950000 	 0.100000 	 1.032889e-05
 -0.950000 	 0.150000 	 9.786548e-06
 -0.950000 	 0.200000 	 9.081286e-06
 -0.950000 	 0.250000 	 8.259464e-06
 -0.950000 	 0.300000 	 7.372841e-06
 -0.950000 	 0.350000 	 6.462848e-06
 -0.950000 	 0.400000 	 5.574090e-06
 -0.950000 	 0.450000 	 4.734016e-06
 -0.950000 	 0.500000 	 3.964745e-06
 -0.950000 	 0.550000 	 3.279890e-06
 -0.950000 	 0.600000 	 2.683581e-06
 -0.950000 	 0.650000 	 2.173864e-06
 -0.950000 	 0.700000 	 1.746902e-06
 -0.950000 	 0.750000 	 1.393167e-06
 -0.950000 	 0.800000 	 1.104472e-06
 -0.950000 	 0.850000 	 8.712272e-07
 -0.950000 	 0.900000 	 6.845781e-07
 -0.950000 	 0.950000 	 5.362682e-07
 -0.950000 	 1.000000 	 4.190086e-07
 -0.900000 	 -1.000000 	 5.469080e-07
 -0.900000 	 -0.950000 	 7.085488e-07
 -0.900000 	 -0.900000 	 9.166305e-07
 -0.900000 	 -0.850000 	 1.182257e-06
 -0.900000 	 -0.800000 	 1.519550e-06
 -0.900000 	 -0.750000 	 1.944470e-06
 -0.900000 	 -0.700000 	 2.472753e-06
 -0.900000 	 -0.650000 	 3.122226e-06
 -0.900000 	 -0.600000 	 3.910621e-06
 -0.900000 	 -0.550000 	 4.848367e-06
 -0.900000 	 -0.500000 	 5.944006e-06
 -0.900000 	 -0.450000 	 7.192653e-06
 -0.900000 	 -0.400000 	 8.576756e-06
 -0.900000 	 -0.350000 	 1.006755e-05
 -0.900000 	 -0.300000 	 1.160678e-05
 -0.900000 	 -0.250000 	 1.312897e-05
 -0.900000 	 -0.200000 	 1.455302e-05
 -0.900000 	 -0.150000 	 1.578269e-05
 -0.900000 	 -0.100000 	 1.673833e-05
 -0.900000 	 -0.050000 	 1.734358e-05
 -0.900000 	 0.000000 	 1.754996e-05
 -0.900000 	 0.050000 	 1.734083e-05
 -0.900000 	 0.100000 	 1.673936e-05
 -0.900000 	 0.150000 	 1.578397e-05
 -0.900000 	 0.200000 	 1.455370e-05
 -0.900000 	 0.250000 	 1.313049e-05
 -0.900000 	 0.300000 	 1.160805e-05
 -0.900000 	 0.350000 	 1.006477e-05
 -0.900000 	 0.400000 	 8.577586e-06
 -0.900000 	 0.450000 	 7.192167e-06
 -0.900000 	 0.500000 	 5.943478e-06
 -0.900000 	 0.550000 	 4.848974e-06
 -0.900000 	 0.600000 	 3.910447e-06
 -0.900000 	 0.650000 	 3.122855e-06
 -0.900000 	 0.700000 	 2.472745e-06
 -0.900000 	 0.750000 	 1.944097e-06
 -0.900000 	 0.800000 	 1.520021e-06
 -0.900000 	 0.850000 	 1.182468e-06
 -0.900000 	 0.900000 	 9.168038e-07
 -0.900000 	 0.950000 	 7.087034e-07
 -0.900000 	 1.000000 	 5.469702e-07
 -0.850000 	 -1.000000 	 7.108918e-07
 -0.850000 	 -0.950000 	 9.332218e-07
 -0.850000 	 -0.900000 	 1.223662e-06
 -0.850000 	 -0.850000 	 1.600941e-06
 -0.850000 	 -0.800000 	 2.088141e-06
 -0.850000 	 -0.750000 	 2.711323e-06
 -0.850000 	 -0.700000 	 3.501938e-06
 -0.850000 	 -0.650000 	 4.490971e-06
 -0.850000 	 -0.600000 	 5.712027e-06
 -0.850000 	 -0.550000 	 7.192010e-06
 -0.850000 	 -0.500000 	 8.952564e-06
 -0.850000 	 -0.450000 	 1.099452e-05
 -0.850000 	 -0.400000 	 1.329939e-05
 -0.850000 	 -0.350000 	 1.581489e-05
 -0.850000 	 -0.300000 	 1.845481e-05
 -0.850000 	 -0.250000 	 2.110059e-05
 -0.850000 	 -0.200000 	 2.359769e-05
 -0.850000 	 -0.150000 	 2.578553e-05
 -0.850000 	 -0.100000 	 2.749183e-05
 -0.850000 	 -0.050000 	 2.857567e-05
 -0.850000 	 0.000000 	 2.895321e-05
 -0.850000 	 0.050000 	 2.858219e-05
 -0.850000 	 0.100000 	 2.749173e-05
 -0.850000 	 0.150000 	 2.578458e-05
 -0.850000 	 0.200000 	 2.359545e-05
 -0.850000 	 0.250000 	 2.110210e-05
 -0.850000 	 0.300000 	 1.845112e-05
 -0.850000 	 0.350000 	 1.581507e-05
 -0.850000 	 0.400000 	 1.329965e-05
 -0.850000 	 0.450000 	 1.099394e-05
 -0.850000 	 0.500000 	 8.953339e-06
 -0.850000 	 0.550000 	 7.193926e-06
 -0.850000 	 0.600000 	 5.712298e-06
 -0.850000 	 0.650000 	 4.491817e-06
 -0.850000 	 0.700000 	 3.501178e-06
 -0.850000 	 0.750000 	 2.711202e-06
 -0.850000 	 0.800000 	 2.087960e-06
 -0.850000 	 0.850000 	 1.600846e-06
 -0.850000 	 0.900000 	 1.223957e-06
 -0.850000 	 0.950000 	 9.332029e-07
 -0.850000 	 1.000000 	 7.108884e-07
 -0.800000 	 -1.000000 	 9.190392e-07
 -0.800000 	 -0.950000 	 1.223056e-06
 -0.800000 	 -0.900000 	 1.626411e-06
 -0.800000 	 -0.850000 	 2.159941e-06
 -0.800000 	 -0.800000 	 2.860051e-06
 -0.800000 	 -0.750000 	 3.773329e-06
 -0.800000 	 -0.700000 	 4.952763e-06
 -0.800000 	 -0.650000 	 6.457215e-06
 -0.800000 	 -0.600000 	 8.351500e-06
 -0.800000 	 -0.550000 	 1.069407e-05
 -0.800000 	 -0.500000 	 1.353702e-05
 -0.800000 	 -0.450000 	 1.689226e-05
 -0.800000 	 -0.400000 	 2.075391e-05
 -0.800000 	 -0.350000 	 2.504341e-05
 -0.800000 	 -0.300000 	 2.962200e-05
 -0.800000 	 -0.250000 	 3.426667e-05
 -0.800000 	 -0.200000 	 3.872004e-05
 -0.800000 	 -0.150000 	 4.264473e-05
 -0.800000 	 -0.100000 	 4.574576e-05
 -0.800000 	 -0.050000 	 4.773064e-05
 -0.800000 	 0.000000 	 4.841205e-05
 -0.800000 	 0.050000 	 4.773324e-05
 -0.800000 	 0.100000 	 4.574758e-05
 -0.800000 	 0.150000 	 4.264419e-05
 -0.800000 	 0.200000 	 3.871786e-05
 -0.800000 	 0.250000 	 3.427057e-05
 -0.800000 	 0.300000 	 2.961139e-05
 -0.800000 	 0.350000 	 2.504167e-05
 -0.800000 	 0.400000 	 2.075155e-05
 -0.800000 	 0.450000 	 1.689092e-05
 -0.800000 	 0.500000 	 1.353436e-05
 -0.800000 	 0.550000 	 1.069433e-05
 -0.800000 	 0.600000 	 8.351285e-06
 -0.800000 	 0.650000 	 6.458734e-06
 -0.800000 	 0.700000 	 4.952473e-06
 -0.800000 	 0.750000 	 3.773700e-06
 -0.800000 	 0.800000 	 2.860170e-06
 -0.800000 	 0.850000 	 2.159650e-06
 -0.800000 	 0.900000 	 1.626621e-06
 -0.800000 	 0.950000 	 1.223060e-06
 -0.800000 	 1.000000 	 9.190921e-07
 -0.750000 	 -1.000000 	 1.180782e-06
 -0.750000 	 -0.950000 	 1.593487e-06
 -0.750000 	 -0.900000 	 2.150084e-06
 -0.750000 	 -0.850000 	 2.898975e-06
 -0.750000 	 -0.800000 	 3.900183e-06
 -0.750000 	 -0.750000 	 5.233269e-06
 -0.750000 	 -0.700000 	 6.987558e-06
 -0.750000 	 -0.650000 	 9.274124e-06
 -0.750000 	 -0.600000 	 1.221215e-05
 -0.750000 	 -0.550000 	 1.592031e-05
 -0.750000 	 -0.500000 	 2.051617e-05
 -0.750000 	 -0.450000 	 2.605398e-05
 -0.750000 	 -0.400000 	 3.256278e-05
 -0.750000 	 -0.350000 	 3.992808e-05
 -0.750000 	 -0.300000 	 4.793040e-05
 -0.750000 	 -0.250000 	 5.619930e-05
 -0.750000 	 -0.200000 	 6.422575e-05
 -0.750000 	 -0.150000 	 7.139454e-05
 -0.750000 	 -0.100000 	 7.708659e-05
 -0.750000 	 -0.050000 	 8.077042e-05
 -0.750000 	 0.000000 	 8.202959e-05
 -0.750000 	 0.050000 	 8.077629e-05
 -0.750000 	 0.100000 	 7.709799e-05
 -0.750000 	 0.150000 	 7.138764e-05
 -0.750000 	 0.200000 	 6.421504e-05
 -0.750000 	 0.250000 	 5.620329e-05
 -0.750000 	 0.300000 	 4.793790e-05
 -0.750000 	 0.350000 	 3.993120e-05
 -0.750000 	 0.400000 	 3.256368e-05
 -0.750000 	 0.450000 	 2.605854e-05
 -0.750000 	 0.500000 	 2.051459e-05
 -0.750000 	 0.550000 	 1.591909e-05
 -0.750000 	 0.600000 	 1.220994e-05
 -0.750000 	 0.650000 	 9.274270e-06
 -0.750000 	 0.700000 	 6.986321e-06
 -0.750000 	 0.750000 	 5.231785e-06
 -0.750000 	 0.800000 	 3.900652e-06
 -0.750000 	 0.850000 	 2.898435e-06
 -0.750000 	 0.900000 	 2.149458e-06
 -0.750000 	 0.950000 	 1.592924e-06
 -0.750000 	 1.000000 	 1.180827e-06
 -0.700000 	 -1.000000 	 1.505177e-06
 -0.700000 	 -0.950000 	 2.060697e-06
 -0.700000 	 -0.900000 	 2.821870e-06
 -0.700000 	 -0.850000 	 3.865755e-06
 -0.700000 	 -0.800000 	 5.288701e-06
 -0.700000 	 -0.750000 	 7.219345e-06
 -0.700000 	 -0.700000 	 9.816263e-06
 -0.700000 	 -0.650000 	 1.327381e-05
 -0.700000 	 -0.600000 	 1.781599e-05
 -0.700000 	 -0.550000 	 2.368171e-05
 -0.700000 	 -0.500000 	 3.110742e-05
 -0.700000 	 -0.450000 	 4.029308e-05
 -0.700000 	 -0.400000 	 5.129260e-05
 -0.700000 	 -0.350000 	 6.402127e-05
 -0.700000 	 -0.300000 	 7.813882e-05
 -0.700000 	 -0.250000 	 9.298086e-05
 -0.700000 	 -0.200000 	 1.076098e-04
 -0.700000 	 -0.150000 	 1.208735e-04
 -0.700000 	 -0.100000 	 1.314932e-04
 -0.700000 	 -0.050000 	 1.384005e-04
 -0.700000 	 0.000000 	 1.408082e-04
 -0.700000 	 0.050000 	 1.383786e-04
 -0.700000 	 0.100000 	 1.314930e-04
 -0.700000 	 0.150000 	 1.208581e-04
 -0.700000 	 0.200000 	 1.075943e-04
 -0.700000 	 0.250000 	 9.295810e-05
 -0.700000 	 0.300000 	 7.812953e-05
 -0.700000 	 0.350000 	 6.401844e-05
 -0.700000 	 0.400000 	 5.129415e-05
 -0.700000 	 0.450000 	 4.029324e-05
 -0.700000 	 0.500000 	 3.111107e-05
 -0.700000 	 0.550000 	 2.368056e-05
 -0.700000 	 0.600000 	 1.781574e-05
 -0.700000 	 0.650000 	 1.327208e-05
 -0.700000 	 0.700000 	 9.814834e-06
 -0.700000 	 0.750000 	 7.218646e-06
 -0.700000 	 0.800000 	 5.289224e-06
 -0.700000 	 0.850000 	 3.865488e-06
 -0.700000 	 0.900000 	 2.821771e-06
 -0.700000 	 0.950000 	 2.060182e-06
 -0.700000 	 1.000000 	 1.505258e-06
 -0.650000 	 -1.000000 	 1.901640e-06
 -0.650000 	 -0.950000 	 2.640854e-06
 -0.650000 	 -0.900000 	 3.672800e-06
 -0.650000 	 -0.850000 	 5.112779e-06
 -0.650000 	 -0.800000 	 7.116346e-06
 -0.650000 	 -0.750000 	 9.887785e-06
 -0.650000 	 -0.700000 	 1.370351e-05
 -0.650000 	 -0.650000 	 1.889649e-05
 -0.650000 	 -0.600000 	 2.587907e-05
 -0.650000 	 -0.550000 	 3.512286e-05
 -0.650000 	 -0.500000 	 4.712714e-05
 -0.650000 	 -0.450000 	 6.231412e-05
 -0.650000 	 -0.400000 	 8.096567e-05
 -0.650000 	 -0.350000 	 1.030531e-04
 -0.650000 	 -0.300000 	 1.280504e-04
 -0.650000 	 -0.250000 	 1.549114e-04
 -0.650000 	 -0.200000 	 1.818263e-04
 -0.650000 	 -0.150000 	 2.065645e-04
 -0.650000 	 -0.100000 	 2.267079e-04
 -0.650000 	 -0.050000 	 2.398375e-04
 -0.650000 	 0.000000 	 2.444417e-04
 -0.650000 	 0.050000 	 2.398342e-04
 -0.650000 	 0.100000 	 2.267652e-04
 -0.650000 	 0.150000 	 2.066372e-04
 -0.650000 	 0.200000 	 1.818039e-04
 -0.650000 	 0.250000 	 1.548850e-04
 -0.650000 	 0.300000 	 1.280485e-04
 -0.650000 	 0.350000 	 1.030262e-04
 -0.650000 	 0.400000 	 8.096865e-05
 -0.650000 	 0.450000 	 6.231928e-05
 -0.650000 	 0.500000 	 4.712536e-05
 -0.650000 	 0.550000 	 3.512637e-05
 -0.650000 	 0.600000 	 2.587953e-05
 -0.650000 	 0.650000 	 1.889971e-05
 -0.650000 	 0.700000 	 1.370287e-05
 -0.650000 	 0.750000 	 9.889132e-06
 -0.650000 	 0.800000 	 7.116337e-06
 -0.650000 	 0.850000 	 5.112011e-06
 -0.650000 	 0.900000 	 3.672371e-06
 -0.650000 	 0.950000 	 2.640333e-06
 -0.650000 	 1.000000 	 1.902202e-06
 -0.600000 	 -1.000000 	 2.378188e-06
 -0.600000 	 -0.950000 	 3.349364e-06
 -0.600000 	 -0.900000 	 4.731192e-06
 -0.600000 	 -0.850000 	 6.694184e-06
 -0.600000 	 -0.800000 	 9.480854e-06
 -0.600000 	 -0.750000 	 1.342603e-05
 -0.600000 	 -0.700000 	 1.896749e-05
 -0.600000 	 -0.650000 	 2.669528e-05
 -0.600000 	 -0.600000 	 3.736160e-05
 -0.600000 	 -0.550000 	 5.183160e-05
 -0.600000 	 -0.500000 	 7.110369e-05
 -0.600000 	 -0.450000 	 9.616623e-05
 -0.600000 	 -0.400000 	 1.277540e-04
 -0.600000 	 -0.350000 	 1.660612e-04
 -0.600000 	 -0.300000 	 2.105574e-04
 -0.600000 	 -0.250000 	 2.594000e-04
 -0.600000 	 -0.200000 	 3.093549e-04
 -0.600000 	 -0.150000 	 3.559819e-04
 -0.600000 	 -0.100000 	 3.943969e-04
 -0.600000 	 -0.050000 	 4.196909e-04
 -0.600000 	 0.000000 	 4.284281e-04
 -0.600000 	 0.050000 	 4.197278e-04
 -0.600000 	 0.100000 	 3.944371e-04
 -0.600000 	 0.150000 	 3.560158e-04
 -0.600000 	 0.200000 	 3.092907e-04
 -0.600000 	 0.250000 	 2.593823e-04
 -0.600000 	 0.300000 	 2.105906e-04
 -0.600000 	 0.350000 	 1.660803e-04
 -0.600000 	 0.400000 	 1.277489e-04
 -0.600000 	 0.450000 	 9.615696e-05
 -0.600000 	 0.500000 	 7.110011e-05
 -0.600000 	 0.550000 	 5.182971e-05
 -0.600000 	 0.600000 	 3.736834e-05
 -0.600000 	 0.650000 	 2.670130e-05
 -0.600000 	 0.700000 	 1.896853e-05
 -0.600000 	 0.750000 	 1.342090e-05
 -0.600000 	 0.800000 	 9.480761e-06
 -0.600000 	 0.850000 	 6.694026e-06
 -0.600000 	 0.900000 	 4.731116e-06
 -0.600000 	 0.950000 	 3.349668e-06
 -0.600000 	 1.000000 	 2.378380e-06
 -0.550000 	 -1.000000 	 2.938752e-06
 -0.550000 	 -0.950000 	 4.198098e-06
 -0.550000 	 -0.900000 	 6.021423e-06
 -0.550000 	 -0.850000 	 8.661666e-06
 -0.550000 	 -0.800000 	 1.248927e-05
 -0.550000 	 -0.750000 	 1.802090e-05
 -0.550000 	 -0.700000 	 2.597472e-05
 -0.550000 	 -0.650000 	 3.734195e-05
 -0.550000 	 -0.600000 	 5.342630e-05
 -0.550000 	 -0.550000 	 7.584983e-05
 -0.550000 	 -0.500000 	 1.065600e-04
 -0.550000 	 -0.450000 	 1.475810e-04
 -0.550000 	 -0.400000 	 2.008098e-04
 -0.550000 	 -0.350000 	 2.671508e-04
 -0.550000 	 -0.300000 	 3.463079e-04
 -0.550000 	 -0.250000 	 4.350813e-04
 -0.550000 	 -0.200000 	 5.281911e-04
 -0.550000 	 -0.150000 	 6.165889e-04
 -0.550000 	 -0.100000 	 6.902988e-04
 -0.550000 	 -0.050000 	 7.394067e-04
 -0.550000 	 0.000000 	 7.567803e-04
 -0.550000 	 0.050000 	 7.394048e-04
 -0.550000 	 0.100000 	 6.902841e-04
 -0.550000 	 0.150000 	 6.165820e-04
 -0.550000 	 0.200000 	 5.281939e-04
 -0.550000 	 0.250000 	 4.351491e-04
 -0.550000 	 0.300000 	 3.462994e-04
 -0.550000 	 0.350000 	 2.671990e-04
 -0.550000 	 0.400000 	 2.008006e-04
 -0.550000 	 0.450000 	 1.475810e-04
 -0.550000 	 0.500000 	 1.065652e-04
 -0.550000 	 0.550000 	 7.585225e-05
 -0.550000 	 0.600000 	 5.341621e-05
 -0.550000 	 0.650000 	 3.733883e-05
 -0.550000 	 0.700000 	 2.597733e-05
 -0.550000 	 0.750000 	 1.801576e-05
 -0.550000 	 0.800000 	 1.248889e-05
 -0.550000 	 0.850000 	 8.663000e-06
 -0.550000 	 0.900000 	 6.021716e-06
 -0.550000 	 0.950000 	 4.198527e-06
 -0.550000 	 1.000000 	 2.938812e-06
 -0.500000 	 -1.000000 	 3.582748e-06
 -0.500000 	 -0.950000 	 5.190956e-06
 -0.500000 	 -0.900000 	 7.557872e-06
 -0.500000 	 -0.850000 	 1.105285e-05
 -0.500000 	 -0.800000 	 1.622030e-05
 -0.500000 	 -0.750000 	 2.384664e-05
 -0.500000 	 -0.700000 	 3.508599e-05
 -0.500000 	 -0.650000 	 5.153871e-05
 -0.500000 	 -0.600000 	 7.545097e-05
 -0.500000 	 -0.550000 	 1.097190e-04
 -0.500000 	 -0.500000 	 1.580221e-04
 -0.500000 	 -0.450000 	 2.245302e-04
 -0.500000 	 -0.400000 	 3.132955e-04
 -0.500000 	 -0.350000 	 4.275398e-04
 -0.500000 	 -0.300000 	 5.674438e-04
 -0.500000 	 -0.250000 	 7.289508e-04
 -0.500000 	 -0.200000 	 9.015191e-04
 -0.500000 	 -0.150000 	 1.069384e-03
 -0.500000 	 -0.100000 	 1.211558e-03
 -0.500000 	 -0.050000 	 1.307018e-03
 -0.500000 	 0.000000 	 1.340917e-03
 -0.500000 	 0.050000 	 1.307190e-03
 -0.500000 	 0.100000 	 1.211547e-03
 -0.500000 	 0.150000 	 1.069293e-03
 -0.500000 	 0.200000 	 9.014575e-04
 -0.500000 	 0.250000 	 7.288212e-04
 -0.500000 	 0.300000 	 5.673300e-04
 -0.500000 	 0.350000 	 4.274871e-04
 -0.500000 	 0.400000 	 3.133621e-04
 -0.500000 	 0.450000 	 2.245162e-04
 -0.500000 	 0.500000 	 1.580272e-04
 -0.500000 	 0.550000 	 1.097292e-04
 -0.500000 	 0.600000 	 7.544824e-05
 -0.500000 	 0.650000 	 5.154236e-05
 -0.500000 	 0.700000 	 3.507798e-05
 -0.500000 	 0.750000 	 2.384889e-05
 -0.500000 	 0.800000 	 1.622046e-05
 -0.500000 	 0.850000 	 1.105187e-05
 -0.500000 	 0.900000 	 7.557572e-06
 -0.500000 	 0.950000 	 5.190616e-06
 -0.500000 	 1.000000 	 3.582520e-06
 -0.450000 	 -1.000000 	 4.303324e-06
 -0.450000 	 -0.950000 	 6.319374e-06
 -0.450000 	 -0.900000 	 9.338616e-06
 -0.450000 	 -0.850000 	 1.387796e-05
 -0.450000 	 -0.800000 	 2.071828e-05
 -0.450000 	 -0.750000 	 3.104212e-05
 -0.450000 	 -0.700000 	 4.661240e-05
 -0.450000 	 -0.650000 	 6.997243e-05
 -0.450000 	 -0.600000 	 1.048545e-04
 -0.450000 	 -0.550000 	 1.562678e-04
 -0.450000 	 -0.500000 	 2.309041e-04
 -0.450000 	 -0.450000 	 3.369313e-04
 -0.450000 	 -0.400000 	 4.830193e-04
 -0.450000 	 -0.350000 	 6.768689e-04
 -0.450000 	 -0.300000 	 9.216250e-04
 -0.450000 	 -0.250000 	 1.212254e-03
 -0.450000 	 -0.200000 	 1.531362e-03
 -0.450000 	 -0.150000 	 1.847990e-03
 -0.450000 	 -0.100000 	 2.120487e-03
 -0.450000 	 -0.050000 	 2.306830e-03
 -0.450000 	 0.000000 	 2.372269e-03
 -0.450000 	 0.050000 	 2.306611e-03
 -0.450000 	 0.100000 	 2.120907e-03
 -0.450000 	 0.150000 	 1.847789e-03
 -0.450000 	 0.200000 	 1.531381e-03
 -0.450000 	 0.250000 	 1.211938e-03
 -0.450000 	 0.300000 	 9.215817e-04
 -0.450000 	 0.350000 	 6.769087e-04
 -0.450000 	 0.400000 	 4.829937e-04
 -0.450000 	 0.450000 	 3.368916e-04
 -0.450000 	 0.500000 	 2.309305e-04
 -0.450000 	 0.550000 	 1.563014e-04
 -0.450000 	 0.600000 	 1.048453e-04
 -0.450000 	 0.650000 	 6.997492e-05
 -0.450000 	 0.700000 	 4.660578e-05
 -0.450000 	 0.750000 	 3.104764e-05
 -0.450000 	 0.800000 	 2.071841e-05
 -0.450000 	 0.850000 	 1.387610e-05
 -0.450000 	 0.900000 	 9.338820e-06
 -0.450000 	 0.950000 	 6.319269e-06
 -0.450000 	 1.000000 	 4.303981e-06
 -0.400000 	 -1.000000 	 5.085303e-06
 -0.400000 	 -0.950000 	 7.564107e-06
 -0.400000 	 -0.900000 	 1.133717e-05
 -0.400000 	 -0.850000 	 1.710573e-05
 -0.400000 	 -0.800000 	 2.597334e-05
 -0.400000 	 -0.750000 	 3.963208e-05
 -0.400000 	 -0.700000 	 6.070928e-05
 -0.400000 	 -0.650000 	 9.314077e-05
 -0.400000 	 -0.600000 	 1.427959e-04
 -0.400000 	 -0.550000 	 2.182466e-04
 -0.400000 	 -0.500000 	 3.309661e-04
 -0.400000 	 -0.450000 	 4.963536e-04
 -0.400000 	 -0.400000 	 7.318122e-04
 -0.400000 	 -0.350000 	 1.054341e-03
 -0.400000 	 -0.300000 	 1.474911e-03
 -0.400000 	 -0.250000 	 1.989733e-03
 -0.400000 	 -0.200000 	 2.571067e-03
 -0.400000 	 -0.150000 	 3.161199e-03
 -0.400000 	 -0.100000 	 3.679098e-03
 -0.400000 	 -0.050000 	 4.037362e-03
 -0.400000 	 0.000000 	 4.165080e-03
 -0.400000 	 0.050000 	 4.036932e-03
 -0.400000 	 0.100000 	 3.679144e-03
 -0.400000 	 0.150000 	 3.161605e-03
 -0.400000 	 0.200000 	 2.570721e-03
 -0.400000 	 0.250000 	 1.989776e-03
 -0.400000 	 0.300000 	 1.474846e-03
 -0.400000 	 0.350000 	 1.054196e-03
 -0.400000 	 0.400000 	 7.316521e-04
 -0.400000 	 0.450000 	 4.962874e-04
 -0.400000 	 0.500000 	 3.310193e-04
 -0.400000 	 0.550000 	 2.182476e-04
 -0.400000 	 0.600000 	 1.428116e-04
 -0.400000 	 0.650000 	 9.313670e-05
 -0.400000 	 0.700000 	 6.070623e-05
 -0.400000 	 0.750000 	 3.963640e-05
 -0.400000 	 0.800000 	 2.597378e-05
 -0.400000 	 0.850000 	 1.711018e-05
 -0.400000 	 0.900000 	 1.133713e-05
 -0.400000 	 0.950000 	 7.565224e-06
 -0.400000 	 1.000000 	 5.085747e-06
 -0.350000 	 -1.000000 	 5.904203e-06
 -0.350000 	 -0.950000 	 8.889132e-06
 -0.350000 	 -0.900000 	 1.349979e-05
 -0.350000 	 -0.850000 	 2.066167e-05
 -0.350000 	 -0.800000 	 3.187522e-05
 -0.350000 	 -0.750000 	 4.948777e-05
 -0.350000 	 -0.700000 	 7.726796e-05
 -0.350000 	 -0.650000 	 1.210487e-04
 -0.350000 	 -0.600000 	 1.898408e-04
 -0.350000 	 -0.550000 	 2.972666e-04
 -0.350000 	 -0.500000 	 4.628150e-04
 -0.350000 	 -0.450000 	 7.132639e-04
 -0.350000 	 -0.400000 	 1.081763e-03
 -0.350000 	 -0.350000 	 1.604262e-03
 -0.350000 	 -0.300000 	 2.309062e-03
 -0.350000 	 -0.250000 	 3.199509e-03
 -0.350000 	 -0.200000 	 4.234200e-03
 -0.350000 	 -0.150000 	 5.311007e-03
 -0.350000 	 -0.100000 	 6.276528e-03
 -0.350000 	 -0.050000 	 6.952762e-03
 -0.350000 	 0.000000 	 7.198161e-03
 -0.350000 	 0.050000 	 6.953247e-03
 -0.350000 	 0.100000 	 6.276769e-03
 -0.350000 	 0.150000 	 5.311599e-03
 -0.350000 	 0.200000 	 4.232770e-03
 -0.350000 	 0.250000 	 3.199001e-03
 -0.350000 	 0.300000 	 2.308927e-03
 -0.350000 	 0.350000 	 1.604192e-03
 -0.350000 	 0.400000 	 1.081883e-03
 -0.350000 	 0.450000 	 7.133242e-04
 -0.350000 	 0.500000 	 4.628068e-04
 -0.350000 	 0.550000 	 2.972217e-04
 -0.350000 	 0.600000 	 1.898647e-04
 -0.350000 	 0.650000 	 1.210340e-04
 -0.350000 	 0.700000 	 7.727283e-05
 -0.350000 	 0.750000 	 4.950318e-05
 -0.350000 	 0.800000 	 3.187742e-05
 -0.350000 	 0.850000 	 2.066222e-05
 -0.350000 	 0.900000 	 1.349597e-05
 -0.350000 	 0.950000 	 8.887604e-06
 -0.350000 	 1.000000 	 5.903672e-06
 -0.300000 	 -1.000000 	 6.723315e-06
 -0.300000 	 -0.950000 	 1.023365e-05
 -0.300000 	 -0.900000 	 1.572437e-05
 -0.300000 	 -0.850000 	 2.440191e-05
 -0.300000 	 -0.800000 	 3.819464e-05
 -0.300000 	 -0.750000 	 6.027556e-05
 -0.300000 	 -0.700000 	 9.577796e-05
 -0.300000 	 -0.650000 	 1.530523e-04
 -0.300000 	 -0.600000 	 2.452722e-04
 -0.300000 	 -0.550000 	 3.931312e-04
 -0.300000 	 -0.500000 	 6.277781e-04
 -0.300000 	 -0.450000 	 9.938357e-04
 -0.300000 	 -0.400000 	 1.550496e-03
 -0.300000 	 -0.350000 	 2.366002e-03
 -0.300000 	 -0.300000 	 3.504498e-03
 -0.300000 	 -0.250000 	 4.990073e-03
 -0.300000 	 -0.200000 	 6.772313e-03
 -0.300000 	 -0.150000 	 8.684643e-03
 -0.300000 	 -0.100000 	 1.043597e-02
 -0.300000 	 -0.050000 	 1.169099e-02
 -0.300000 	 0.000000 	 1.214656e-02
 -0.300000 	 0.050000 	 1.169104e-02
 -0.300000 	 0.100000 	 1.043621e-02
 -0.300000 	 0.150000 	 8.683286e-03
 -0.300000 	 0.200000 	 6.771743e-03
 -0.300000 	 0.250000 	 4.990064e-03
 -0.300000 	 0.300000 	 3.504662e-03
 -0.300000 	 0.350000 	 2.366200e-03
 -0.300000 	 0.400000 	 1.550331e-03
 -0.300000 	 0.450000 	 9.937419e-04
 -0.300000 	 0.500000 	 6.277049e-04
 -0.300000 	 0.550000 	 3.931638e-04
 -0.300000 	 0.600000 	 2.453457e-04
 -0.300000 	 0.650000 	 1.530573e-04
 -0.300000 	 0.700000 	 9.578317e-05
 -0.300000 	 0.750000 	 6.027689e-05
 -0.300000 	 0.800000 	 3.819558e-05
 -0.300000 	 0.850000 	 2.440202e-05
 -0.300000 	 0.900000 	 1.572358e-05
 -0.300000 	 0.950000 	 1.023231e-05
 -0.300000 	 1.000000 	 6.723771e-06
 -0.250000 	 -1.000000 	 7.501336e-06
 -0.250000 	 -0.950000 	 1.152674e-05
 -0.250000 	 -0.900000 	 1.790356e-05
 -0.250000 	 -0.850000 	 2.810412e-05
 -0.250000 	 -0.800000 	 4.458201e-05
 -0.250000 	 -0.750000 	 7.138723e-05
 -0.250000 	 -0.700000 	 1.153107e-04
 -0.250000 	 -0.650000 	 1.875170e-04
 -0.250000 	 -0.600000 	 3.065509e-04
 -0.250000 	 -0.550000 	 5.021364e-04
 -0.250000 	 -0.500000 	 8.206974e-04
 -0.250000 	 -0.450000 	 1.332586e-03
 -0.250000 	 -0.400000 	 2.135326e-03
 -0.250000 	 -0.350000 	 3.351658e-03
 -0.250000 	 -0.300000 	 5.105088e-03
 -0.250000 	 -0.250000 	 7.475219e-03
 -0.250000 	 -0.200000 	 1.041470e-02
 -0.250000 	 -0.150000 	 1.368158e-02
 -0.250000 	 -0.100000 	 1.679781e-02
 -0.250000 	 -0.050000 	 1.909349e-02
 -0.250000 	 0.000000 	 1.994905e-02
 -0.250000 	 0.050000 	 1.909581e-02
 -0.250000 	 0.100000 	 1.679314e-02
 -0.250000 	 0.150000 	 1.368260e-02
 -0.250000 	 0.200000 	 1.041486e-02
 -0.250000 	 0.250000 	 7.475343e-03
 -0.250000 	 0.300000 	 5.105819e-03
 -0.250000 	 0.350000 	 3.351011e-03
 -0.250000 	 0.400000 	 2.135851e-03
 -0.250000 	 0.450000 	 1.332755e-03
 -0.250000 	 0.500000 	 8.208788e-04
 -0.250000 	 0.550000 	 5.019914e-04
 -0.250000 	 0.600000 	 3.064838e-04
 -0.250000 	 0.650000 	 1.875544e-04
 -0.250000 	 0.700000 	 1.153011e-04
 -0.250000 	 0.750000 	 7.137578e-05
 -0.250000 	 0.800000 	 4.458316e-05
 -0.250000 	 0.850000 	 2.811146e-05
 -0.250000 	 0.900000 	 1.790675e-05
 -0.250000 	 0.950000 	 1.152563e-05
 -0.250000 	 1.000000 	 7.501029e-06
 -0.200000 	 -1.000000 	 8.191392e-06
 -0.200000 	 -0.950000 	 1.268912e-05
 -0.200000 	 -0.900000 	 1.989026e-05
 -0.200000 	 -0.850000 	 3.153577e-05
 -0.200000 	 -0.800000 	 5.057802e-05
 -0.200000 	 -0.750000 	 8.200912e-05
 -0.200000 	 -0.700000 	 1.343122e-04
 -0.200000 	 -0.650000 	 2.218688e-04
 -0.200000 	 -0.600000 	 3.689484e-04
 -0.200000 	 -0.550000 	 6.159026e-04
 -0.200000 	 -0.500000 	 1.028352e-03
 -0.200000 	 -0.450000 	 1.708244e-03
 -0.200000 	 -0.400000 	 2.805244e-03
 -0.200000 	 -0.350000 	 4.517304e-03
 -0.200000 	 -0.300000 	 7.067157e-03
 -0.200000 	 -0.250000 	 1.063308e-02
 -0.200000 	 -0.200000 	 1.523483e-02
 -0.200000 	 -0.150000 	 2.060859e-02
 -0.200000 	 -0.100000 	 2.606849e-02
 -0.200000 	 -0.050000 	 3.040876e-02
 -0.200000 	 0.000000 	 3.210495e-02
 -0.200000 	 0.050000 	 3.040320e-02
 -0.200000 	 0.100000 	 2.607258e-02
 -0.200000 	 0.150000 	 2.060541e-02
 -0.200000 	 0.200000 	 1.523258e-02
 -0.200000 	 0.250000 	 1.063246e-02
 -0.200000 	 0.300000 	 7.067808e-03
 -0.200000 	 0.350000 	 4.517937e-03
 -0.200000 	 0.400000 	 2.805155e-03
 -0.200000 	 0.450000 	 1.708071e-03
 -0.200000 	 0.500000 	 1.028316e-03
 -0.200000 	 0.550000 	 6.160081e-04
 -0.200000 	 0.600000 	 3.689740e-04
 -0.200000 	 0.650000 	 2.218395e-04
 -0.200000 	 0.700000 	 1.342993e-04
 -0.200000 	 0.750000 	 8.201913e-05
 -0.200000 	 0.800000 	 5.056981e-05
 -0.200000 	 0.850000 	 3.153710e-05
 -0.200000 	 0.900000 	 1.988699e-05
 -0.200000 	 0.950000 	 1.268818e-05
 -0.200000 	 1.000000 	 8.190418e-06
 -0.150000 	 -1.000000 	 8.743600e-06
 -0.150000 	 -0.950000 	 1.363343e-05
 -0.150000 	 -0.900000 	 2.151996e-05
 -0.150000 	 -0.850000 	 3.440089e-05
 -0.150000 	 -0.800000 	 5.566504e-05
 -0.150000 	 -0.750000 	 9.117364e-05
 -0.150000 	 -0.700000 	 1.509874e-04
 -0.150000 	 -0.650000 	 2.526333e-04
 -0.150000 	 -0.600000 	 4.261423e-04
 -0.150000 	 -0.550000 	 7.227168e-04
 -0.150000 	 -0.500000 	 1.227967e-03
 -0.150000 	 -0.450000 	 2.078574e-03
 -0.150000 	 -0.400000 	 3.485487e-03
 -0.150000 	 -0.350000 	 5.737880e-03
 -0.150000 	 -0.300000 	 9.193465e-03
 -0.150000 	 -0.250000 	 1.418857e-02
 -0.150000 	 -0.200000 	 2.094733e-02
 -0.150000 	 -0.150000 	 2.944998e-02
 -0.150000 	 -0.100000 	 3.918938e-02
 -0.150000 	 -0.050000 	 4.809955e-02
 -0.150000 	 0.000000 	 5.193262e-02
 -0.150000 	 0.050000 	 4.807809e-02
 -0.150000 	 0.100000 	 3.918713e-02
 -0.150000 	 0.150000 	 2.945822e-02
 -0.150000 	 0.200000 	 2.094498e-02
 -0.150000 	 0.250000 	 1.418613e-02
 -0.150000 	 0.300000 	 9.191269e-03
 -0.150000 	 0.350000 	 5.737568e-03
 -0.150000 	 0.400000 	 3.485100e-03
 -0.150000 	 0.450000 	 2.078744e-03
 -0.150000 	 0.500000 	 1.227581e-03
 -0.150000 	 0.550000 	 7.228439e-04
 -0.150000 	 0.600000 	 4.261481e-04
 -0.150000 	 0.650000 	 2.526643e-04
 -0.150000 	 0.700000 	 1.510227e-04
 -0.150000 	 0.750000 	 9.118030e-05
 -0.150000 	 0.800000 	 5.567156e-05
 -0.150000 	 0.850000 	 3.440064e-05
 -0.150000 	 0.900000 	 2.151875e-05
 -0.150000 	 0.950000 	 1.363353e-05
 -0.150000 	 1.000000 	 8.745409e-06
 -0.100000 	 -1.000000 	 9.122664e-06
 -0.100000 	 -0.950000 	 1.428716e-05
 -0.100000 	 -0.900000 	 2.266958e-05
 -0.100000 	 -0.850000 	 3.644360e-05
 -0.100000 	 -0.800000 	 5.936640e-05
 -0.100000 	 -0.750000 	 9.793407e-05
 -0.100000 	 -0.700000 	 1.635544e-04
 -0.100000 	 -0.650000 	 2.761889e-04
 -0.100000 	 -0.600000 	 4.707480e-04
 -0.100000 	 -0.550000 	 8.077245e-04
 -0.100000 	 -0.500000 	 1.389956e-03
 -0.100000 	 -0.450000 	 2.387338e-03
 -0.100000 	 -0.400000 	 4.066287e-03
 -0.100000 	 -0.350000 	 6.812103e-03
 -0.100000 	 -0.300000 	 1.111433e-02
 -0.100000 	 -0.250000 	 1.754124e-02
 -0.100000 	 -0.200000 	 2.670496e-02
 -0.100000 	 -0.150000 	 3.946664e-02
 -0.100000 	 -0.100000 	 5.680425e-02
 -0.100000 	 -0.050000 	 7.640851e-02
 -0.100000 	 0.000000 	 8.633836e-02
 -0.100000 	 0.050000 	 7.643841e-02
 -0.100000 	 0.100000 	 5.679734e-02
 -0.100000 	 0.150000 	 3.946270e-02
 -0.100000 	 0.200000 	 2.670368e-02
 -0.100000 	 0.250000 	 1.754170e-02
 -0.100000 	 0.300000 	 1.111724e-02
 -0.100000 	 0.350000 	 6.811577e-03
 -0.100000 	 0.400000 	 4.066406e-03
 -0.100000 	 0.450000 	 2.387797e-03
 -0.100000 	 0.500000 	 1.390149e-03
 -0.100000 	 0.550000 	 8.077114e-04
 -0.100000 	 0.600000 	 4.706878e-04
 -0.100000 	 0.650000 	 2.761955e-04
 -0.100000 	 0.700000 	 1.635674e-04
 -0.100000 	 0.750000 	 9.794364e-05
 -0.100000 	 0.800000 	 5.936705e-05
 -0.100000 	 0.850000 	 3.643802e-05
 -0.100000 	 0.900000 	 2.267022e-05
 -0.100000 	 0.950000 	 1.428604e-05
 -0.100000 	 1.000000 	 9.122127e-06
 -0.050000 	 -1.000000 	 9.293907e-06
 -0.050000 	 -0.950000 	 1.459487e-05
 -0.050000 	 -0.900000 	 2.322987e-05
 -0.050000 	 -0.850000 	 3.746766e-05
 -0.050000 	 -0.800000 	 6.126397e-05
 -0.050000 	 -0.750000 	 1.015025e-04
 -0.050000 	 -0.700000 	 1.703813e-04
 -0.050000 	 -0.650000 	 2.892610e-04
 -0.050000 	 -0.600000 	 4.960300e-04
 -0.050000 	 -0.550000 	 8.572303e-04
 -0.050000 	 -0.500000 	 1.486980e-03
 -0.050000 	 -0.450000 	 2.576847e-03
 -0.050000 	 -0.400000 	 4.430556e-03
 -0.050000 	 -0.350000 	 7.499913e-03
 -0.050000 	 -0.300000 	 1.238882e-02
 -0.050000 	 -0.250000 	 1.985923e-02
 -0.050000 	 -0.200000 	 3.100009e-02
 -0.050000 	 -0.150000 	 4.810579e-02
 -0.050000 	 -0.100000 	 7.580967e-02
 -0.050000 	 -0.050000 	 1.154292e-01
 -0.050000 	 0.000000 	 1.404254e-01
 -0.050000 	 0.050000 	 1.154121e-01
 -0.050000 	 0.100000 	 7.581897e-02
 -0.050000 	 0.150000 	 4.811649e-02
 -0.050000 	 0.200000 	 3.099042e-02
 -0.050000 	 0.250000 	 1.986003e-02
 -0.050000 	 0.300000 	 1.239258e-02
 -0.050000 	 0.350000 	 7.499247e-03
 -0.050000 	 0.400000 	 4.431365e-03
 -0.050000 	 0.450000 	 2.576675e-03
 -0.050000 	 0.500000 	 1.486745e-03
 -0.050000 	 0.550000 	 8.572056e-04
 -0.050000 	 0.600000 	 4.961001e-04
 -0.050000 	 0.650000 	 2.892725e-04
 -0.050000 	 0.700000 	 1.703759e-04
 -0.050000 	 0.750000 	 1.015230e-04
 -0.050000 	 0.800000 	 6.126647e-05
 -0.050000 	 0.850000 	 3.746845e-05
 -0.050000 	 0.900000 	 2.322824e-05
 -0.050000 	 0.950000 	 1.459293e-05
 -0.050000 	 1.000000 	 9.292686e-06
 0.000000 	 -1.000000 	 9.246172e-06
 0.000000 	 -0.950000 	 1.452841e-05
 0.000000 	 -0.900000 	 2.313895e-05
 0.000000 	 -0.850000 	 3.736202e-05
 0.000000 	 -0.800000 	 6.115553e-05
 0.000000 	 -0.750000 	 1.014496e-04
 0.000000 	 -0.700000 	 1.704870e-04
 0.000000 	 -0.650000 	 2.899445e-04
 0.000000 	 -0.600000 	 4.981140e-04
 0.000000 	 -0.550000 	 8.625008e-04
 0.000000 	 -0.500000 	 1.499660e-03
 0.000000 	 -0.450000 	 2.605795e-03
 0.000000 	 -0.400000 	 4.492963e-03
 0.000000 	 -0.350000 	 7.629245e-03
 0.000000 	 -0.300000 	 1.265418e-02
 0.000000 	 -0.250000 	 2.038415e-02
 0.000000 	 -0.200000 	 3.212449e-02
 0.000000 	 -0.150000 	 5.093314e-02
 0.000000 	 -0.100000 	 8.386157e-02
 0.000000 	 -0.050000 	 1.374089e-01
 0.000000 	 0.000000 	 1.802608e-01
 0.000000 	 0.050000 	 1.374009e-01
 0.000000 	 0.100000 	 8.386155e-02
 0.000000 	 0.150000 	 5.093844e-02
 0.000000 	 0.200000 	 3.212452e-02
 0.000000 	 0.250000 	 2.038483e-02
 0.000000 	 0.300000 	 1.265172e-02
 0.000000 	 0.350000 	 7.629242e-03
 0.000000 	 0.400000 	 4.493495e-03
 0.000000 	 0.450000 	 2.605214e-03
 0.000000 	 0.500000 	 1.499946e-03
 0.000000 	 0.550000 	 8.627331e-04
 0.000000 	 0.600000 	 4.982231e-04
 0.000000 	 0.650000 	 2.899506e-04
 0.000000 	 0.700000 	 1.705175e-04
 0.000000 	 0.750000 	 1.014511e-04
 0.000000 	 0.800000 	 6.115228e-05
 0.000000 	 0.850000 	 3.736057e-05
 0.000000 	 0.900000 	 2.313877e-05
 0.000000 	 0.950000 	 1.452976e-05
 0.000000 	 1.000000 	 9.245667e-06
 0.050000 	 -1.000000 	 8.981426e-06
 0.050000 	 -0.950000 	 1.409576e-05
 0.050000 	 -0.900000 	 2.242104e-05
 0.050000 	 -0.850000 	 3.614134e-05
 0.050000 	 -0.800000 	 5.905294e-05
 0.050000 	 -0.750000 	 9.778154e-05
 0.050000 	 -0.700000 	 1.639691e-04
 0.050000 	 -0.650000 	 2.781987e-04
 0.050000 	 -0.600000 	 4.767887e-04
 0.050000 	 -0.550000 	 8.230424e-04
 0.050000 	 -0.500000 	 1.426250e-03
 0.050000 	 -0.450000 	 2.468733e-03
 0.050000 	 -0.400000 	 4.239782e-03
 0.050000 	 -0.350000 	 7.168204e-03
 0.050000 	 -0.300000 	 1.182461e-02
 0.050000 	 -0.250000 	 1.892607e-02
 0.050000 	 -0.200000 	 2.950100e-02
 0.050000 	 -0.150000 	 4.576995e-02
 0.050000 	 -0.100000 	 7.209538e-02
 0.050000 	 -0.050000 	 1.097667e-01
 0.050000 	 0.000000 	 1.334943e-01
 0.050000 	 0.050000 	 1.097652e-01
 0.050000 	 0.100000 	 7.209856e-02
 0.050000 	 0.150000 	 4.574969e-02
 0.050000 	 0.200000 	 2.951566e-02
 0.050000 	 0.250000 	 1.892796e-02
 0.050000 	 0.300000 	 1.182739e-02
 0.050000 	 0.350000 	 7.168984e-03
 0.050000 	 0.400000 	 4.239613e-03
 0.050000 	 0.450000 	 2.468692e-03
 0.050000 	 0.500000 	 1.426285e-03
 0.050000 	 0.550000 	 8.229882e-04
 0.050000 	 0.600000 	 4.766746e-04
 0.050000 	 0.650000 	 2.782256e-04
 0.050000 	 0.700000 	 1.639847e-04
 0.050000 	 0.750000 	 9.778848e-05
 0.050000 	 0.800000 	 5.905244e-05
 0.050000 	 0.850000 	 3.614614e-05
 0.050000 	 0.900000 	 2.241917e-05
 0.050000 	 0.950000 	 1.409573e-05
 0.050000 	 1.000000 	 8.980528e-06
 0.100000 	 -1.000000 	 8.524777e-06
 0.100000 	 -0.950000 	 1.333622e-05
 0.100000 	 -0.900000 	 2.113734e-05
 0.100000 	 -0.850000 	 3.393576e-05
 0.100000 	 -0.800000 	 5.521514e-05
 0.100000 	 -0.750000 	 9.096298e-05
 0.100000 	 -0.700000 	 1.516667e-04
 0.100000 	 -0.650000 	 2.557878e-04
 0.100000 	 -0.600000 	 4.352106e-04
 0.100000 	 -0.550000 	 7.453058e-04
 0.100000 	 -0.500000 	 1.280809e-03
 0.100000 	 -0.450000 	 2.195667e-03
 0.100000 	 -0.400000 	 3.731767e-03
 0.100000 	 -0.350000 	 6.236292e-03
 0.100000 	 -0.300000 	 1.015322e-02
 0.100000 	 -0.250000 	 1.599177e-02
 0.100000 	 -0.200000 	 2.429790e-02
 0.100000 	 -0.150000 	 3.586547e-02
 0.100000 	 -0.100000 	 5.161251e-02
 0.100000 	 -0.050000 	 6.941241e-02
 0.100000 	 0.000000 	 7.841553e-02
 0.100000 	 0.050000 	 6.938534e-02
 0.100000 	 0.100000 	 5.162443e-02
 0.100000 	 0.150000 	 3.588186e-02
 0.100000 	 0.200000 	 2.430057e-02
 0.100000 	 0.250000 	 1.599477e-02
 0.100000 	 0.300000 	 1.015636e-02
 0.100000 	 0.350000 	 6.236513e-03
 0.100000 	 0.400000 	 3.732276e-03
 0.100000 	 0.450000 	 2.195552e-03
 0.100000 	 0.500000 	 1.280781e-03
 0.100000 	 0.550000 	 7.456183e-04
 0.100000 	 0.600000 	 4.352115e-04
 0.100000 	 0.650000 	 2.557530e-04
 0.100000 	 0.700000 	 1.516767e-04
 0.100000 	 0.750000 	 9.095907e-05
 0.100000 	 0.800000 	 5.519892e-05
 0.100000 	 0.850000 	 3.393569e-05
 0.100000 	 0.900000 	 2.113374e-05
 0.100000 	 0.950000 	 1.333482e-05
 0.100000 	 1.000000 	 8.524323e-06
 0.150000 	 -1.000000 	 7.909602e-06
 0.150000 	 -0.950000 	 1.231285e-05
 0.150000 	 -0.900000 	 1.939825e-05
 0.150000 	 -0.850000 	 3.094991e-05
 0.150000 	 -0.800000 	 5.001814e-05
 0.150000 	 -0.750000 	 8.175344e-05
 0.150000 	 -0.700000 	 1.351710e-04
 0.150000 	 -0.650000 	 2.256746e-04
 0.150000 	 -0.600000 	 3.797486e-04
 0.150000 	 -0.550000 	 6.426443e-04
 0.150000 	 -0.500000 	 1.089540e-03
 0.150000 	 -0.450000 	 1.840178e-03
 0.150000 	 -0.400000 	 3.078589e-03
 0.150000 	 -0.350000 	 5.054974e-03
 0.150000 	 -0.300000 	 8.076733e-03
 0.150000 	 -0.250000 	 1.244144e-02
 0.150000 	 -0.200000 	 1.834273e-02
 0.150000 	 -0.150000 	 2.577076e-02
 0.150000 	 -0.100000 	 3.427365e-02
 0.150000 	 -0.050000 	 4.204586e-02
 0.150000 	 0.000000 	 4.538863e-02
 0.150000 	 0.050000 	 4.204009e-02
 0.150000 	 0.100000 	 3.427975e-02
 0.150000 	 0.150000 	 2.577269e-02
 0.150000 	 0.200000 	 1.833991e-02
 0.150000 	 0.250000 	 1.244227e-02
 0.150000 	 0.300000 	 8.077658e-03
 0.150000 	 0.350000 	 5.055312e-03
 0.150000 	 0.400000 	 3.077981e-03
 0.150000 	 0.450000 	 1.840386e-03
 0.150000 	 0.500000 	 1.089364e-03
 0.150000 	 0.550000 	 6.427113e-04
 0.150000 	 0.600000 	 3.798359e-04
 0.150000 	 0.650000 	 2.256923e-04
 0.150000 	 0.700000 	 1.351789e-04
 0.150000 	 0.750000 	 8.175482e-05
 0.150000 	 0.800000 	 5.001646e-05
 0.150000 	 0.850000 	 3.095770e-05
 0.150000 	 0.900000 	 1.940235e-05
 0.150000 	 0.950000 	 1.230872e-05
 0.150000 	 1.000000 	 7.908236e-06
 0.200000 	 -1.000000 	 7.179511e-06
 0.200000 	 -0.950000 	 1.109965e-05
 0.200000 	 -0.900000 	 1.736218e-05
 0.200000 	 -0.850000 	 2.748007e-05
 0.200000 	 -0.800000 	 4.397560e-05
 0.200000 	 -0.750000 	 7.115063e-05
 0.200000 	 -0.700000 	 1.162915e-04
 0.200000 	 -0.650000 	 1.916569e-04
 0.200000 	 -0.600000 	 3.179522e-04
 0.200000 	 -0.550000 	 5.295493e-04
 0.200000 	 -0.500000 	 8.820565e-04
 0.200000 	 -0.450000 	 1.462335e-03
 0.200000 	 -0.400000 	 2.395442e-03
 0.200000 	 -0.350000 	 3.849983e-03
 0.200000 	 -0.300000 	 6.011543e-03
 0.200000 	 -0.250000 	 9.033807e-03
 0.200000 	 -0.200000 	 1.293795e-02
 0.200000 	 -0.150000 	 1.750133e-02
 0.200000 	 -0.100000 	 2.216032e-02
 0.200000 	 -0.050000 	 2.585281e-02
 0.200000 	 0.000000 	 2.729489e-02
 0.200000 	 0.050000 	 2.585265e-02
 0.200000 	 0.100000 	 2.215731e-02
 0.200000 	 0.150000 	 1.750550e-02
 0.200000 	 0.200000 	 1.293713e-02
 0.200000 	 0.250000 	 9.034977e-03
 0.200000 	 0.300000 	 6.013084e-03
 0.200000 	 0.350000 	 3.849194e-03
 0.200000 	 0.400000 	 2.395642e-03
 0.200000 	 0.450000 	 1.462207e-03
 0.200000 	 0.500000 	 8.822979e-04
 0.200000 	 0.550000 	 5.295837e-04
 0.200000 	 0.600000 	 3.179434e-04
 0.200000 	 0.650000 	 1.916629e-04
 0.200000 	 0.700000 	 1.162800e-04
 0.200000 	 0.750000 	 7.115117e-05
 0.200000 	 0.800000 	 4.397701e-05
 0.200000 	 0.850000 	 2.748104e-05
 0.200000 	 0.900000 	 1.736393e-05
 0.200000 	 0.950000 	 1.109978e-05
 0.200000 	 1.000000 	 7.177929e-06
 0.250000 	 -1.000000 	 6.382990e-06
 0.250000 	 -0.950000 	 9.788081e-06
 0.250000 	 -0.900000 	 1.517135e-05
 0.250000 	 -0.850000 	 2.376517e-05
 0.250000 	 -0.800000 	 3.761288e-05
 0.250000 	 -0.750000 	 6.007890e-05
 0.250000 	 -0.700000 	 9.684366e-05
 0.250000 	 -0.650000 	 1.571481e-04
 0.250000 	 -0.600000 	 2.562876e-04
 0.250000 	 -0.550000 	 4.189822e-04
 0.250000 	 -0.500000 	 6.835996e-04
 0.250000 	 -0.450000 	 1.107970e-03
 0.250000 	 -0.400000 	 1.772843e-03
 0.250000 	 -0.350000 	 2.779313e-03
 0.250000 	 -0.300000 	 4.232292e-03
 0.250000 	 -0.250000 	 6.198269e-03
 0.250000 	 -0.200000 	 8.642828e-03
 0.250000 	 -0.150000 	 1.137028e-02
 0.250000 	 -0.100000 	 1.398316e-02
 0.250000 	 -0.050000 	 1.591291e-02
 0.250000 	 0.000000 	 1.663409e-02
 0.250000 	 0.050000 	 1.591460e-02
 0.250000 	 0.100000 	 1.397701e-02
 0.250000 	 0.150000 	 1.137244e-02
 0.250000 	 0.200000 	 8.643730e-03
 0.250000 	 0.250000 	 6.196680e-03
 0.250000 	 0.300000 	 4.231893e-03
 0.250000 	 0.350000 	 2.779906e-03
 0.250000 	 0.400000 	 1.772790e-03
 0.250000 	 0.450000 	 1.107966e-03
 0.250000 	 0.500000 	 6.835600e-04
 0.250000 	 0.550000 	 4.189513e-04
 0.250000 	 0.600000 	 2.563243e-04
 0.250000 	 0.650000 	 1.571603e-04
 0.250000 	 0.700000 	 9.683778e-05
 0.250000 	 0.750000 	 6.009151e-05
 0.250000 	 0.800000 	 3.761131e-05
 0.250000 	 0.850000 	 2.376652e-05
 0.250000 	 0.900000 	 1.516945e-05
 0.250000 	 0.950000 	 9.788266e-06
 0.250000 	 1.000000 	 6.383329e-06
 0.300000 	 -1.000000 	 5.566823e-06
 0.300000 	 -0.950000 	 8.455497e-06
 0.300000 	 -0.900000 	 1.296437e-05
 0.300000 	 -0.850000 	 2.006950e-05
 0.300000 	 -0.800000 	 3.135211e-05
 0.300000 	 -0.750000 	 4.937673e-05
 0.300000 	 -0.700000 	 7.831352e-05
 0.300000 	 -0.650000 	 1.249036e-04
 0.300000 	 -0.600000 	 1.998466e-04
 0.300000 	 -0.550000 	 3.196926e-04
 0.300000 	 -0.500000 	 5.099218e-04
 0.300000 	 -0.450000 	 8.064689e-04
 0.300000 	 -0.400000 	 1.257875e-03
 0.300000 	 -0.350000 	 1.920672e-03
 0.300000 	 -0.300000 	 2.846510e-03
 0.300000 	 -0.250000 	 4.061441e-03
 0.300000 	 -0.200000 	 5.525276e-03
 0.300000 	 -0.150000 	 7.104546e-03
 0.300000 	 -0.100000 	 8.562923e-03
 0.300000 	 -0.050000 	 9.611558e-03
 0.300000 	 0.000000 	 9.995110e-03
 0.300000 	 0.050000 	 9.611797e-03
 0.300000 	 0.100000 	 8.564634e-03
 0.300000 	 0.150000 	 7.104196e-03
 0.300000 	 0.200000 	 5.526310e-03
 0.300000 	 0.250000 	 4.061404e-03
 0.300000 	 0.300000 	 2.846785e-03
 0.300000 	 0.350000 	 1.920348e-03
 0.300000 	 0.400000 	 1.257795e-03
 0.300000 	 0.450000 	 8.065399e-04
 0.300000 	 0.500000 	 5.099572e-04
 0.300000 	 0.550000 	 3.197343e-04
 0.300000 	 0.600000 	 1.998293e-04
 0.300000 	 0.650000 	 1.248786e-04
 0.300000 	 0.700000 	 7.832201e-05
 0.300000 	 0.750000 	 4.937464e-05
 0.300000 	 0.800000 	 3.135263e-05
 0.300000 	 0.850000 	 2.006853e-05
 0.300000 	 0.900000 	 1.296575e-05
 0.300000 	 0.950000 	 8.452997e-06
 0.300000 	 1.000000 	 5.566359e-06
 0.350000 	 -1.000000 	 4.767861e-06
 0.350000 	 -0.950000 	 7.162776e-06
 0.350000 	 -0.900000 	 1.085622e-05
 0.350000 	 -0.850000 	 1.658802e-05
 0.350000 	 -0.800000 	 2.554542e-05
 0.350000 	 -0.750000 	 3.959346e-05
 0.350000 	 -0.700000 	 6.172019e-05
 0.350000 	 -0.650000 	 9.656474e-05
 0.350000 	 -0.600000 	 1.513071e-04
 0.350000 	 -0.550000 	 2.367661e-04
 0.350000 	 -0.500000 	 3.685706e-04
 0.350000 	 -0.450000 	 5.680577e-04
 0.350000 	 -0.400000 	 8.625760e-04
 0.350000 	 -0.350000 	 1.281312e-03
 0.350000 	 -0.300000 	 1.848790e-03
 0.350000 	 -0.250000 	 2.570180e-03
 0.350000 	 -0.200000 	 3.414455e-03
 0.350000 	 -0.150000 	 4.300834e-03
 0.350000 	 -0.100000 	 5.099300e-03
 0.350000 	 -0.050000 	 5.663799e-03
 0.350000 	 0.000000 	 5.868232e-03
 0.350000 	 0.050000 	 5.664327e-03
 0.350000 	 0.100000 	 5.100064e-03
 0.350000 	 0.150000 	 4.300273e-03
 0.350000 	 0.200000 	 3.414484e-03
 0.350000 	 0.250000 	 2.569878e-03
 0.350000 	 0.300000 	 1.848689e-03
 0.350000 	 0.350000 	 1.281440e-03
 0.350000 	 0.400000 	 8.625484e-04
 0.350000 	 0.450000 	 5.681060e-04
 0.350000 	 0.500000 	 3.685469e-04
 0.350000 	 0.550000 	 2.367281e-04
 0.350000 	 0.600000 	 1.512723e-04
 0.350000 	 0.650000 	 9.656111e-05
 0.350000 	 0.700000 	 6.171788e-05
 0.350000 	 0.750000 	 3.959574e-05
 0.350000 	 0.800000 	 2.554470e-05
 0.350000 	 0.850000 	 1.658893e-05
 0.350000 	 0.900000 	 1.085710e-05
 0.350000 	 0.950000 	 7.163379e-06
 0.350000 	 1.000000 	 4.767525e-06
 0.400000 	 -1.000000 	 4.016741e-06
 0.400000 	 -0.950000 	 5.963747e-06
 0.400000 	 -0.900000 	 8.924218e-06
 0.400000 	 -0.850000 	 1.344561e-05
 0.400000 	 -0.800000 	 2.038710e-05
 0.400000 	 -0.750000 	 3.107831e-05
 0.400000 	 -0.700000 	 4.755235e-05
 0.400000 	 -0.650000 	 7.292849e-05
 0.400000 	 -0.600000 	 1.118158e-04
 0.400000 	 -0.550000 	 1.709304e-04
 0.400000 	 -0.500000 	 2.595709e-04
 0.400000 	 -0.450000 	 3.897493e-04
 0.400000 	 -0.400000 	 5.759854e-04
 0.400000 	 -0.350000 	 8.325946e-04
 0.400000 	 -0.300000 	 1.169390e-03
 0.400000 	 -0.250000 	 1.585041e-03
 0.400000 	 -0.200000 	 2.058225e-03
 0.400000 	 -0.150000 	 2.542157e-03
 0.400000 	 -0.100000 	 2.971265e-03
 0.400000 	 -0.050000 	 3.269337e-03
 0.400000 	 0.000000 	 3.376045e-03
 0.400000 	 0.050000 	 3.269425e-03
 0.400000 	 0.100000 	 2.970959e-03
 0.400000 	 0.150000 	 2.542536e-03
 0.400000 	 0.200000 	 2.057928e-03
 0.400000 	 0.250000 	 1.584963e-03
 0.400000 	 0.300000 	 1.169392e-03
 0.400000 	 0.350000 	 8.326312e-04
 0.400000 	 0.400000 	 5.759857e-04
 0.400000 	 0.450000 	 3.897453e-04
 0.400000 	 0.500000 	 2.595397e-04
 0.400000 	 0.550000 	 1.709288e-04
 0.400000 	 0.600000 	 1.118069e-04
 0.400000 	 0.650000 	 7.292973e-05
 0.400000 	 0.700000 	 4.754279e-05
 0.400000 	 0.750000 	 3.107463e-05
 0.400000 	 0.800000 	 2.038418e-05
 0.400000 	 0.850000 	 1.344907e-05
 0.400000 	 0.900000 	 8.923659e-06
 0.400000 	 0.950000 	 5.963588e-06
 0.400000 	 1.000000 	 4.016580e-06
 0.450000 	 -1.000000 	 3.333372e-06
 0.450000 	 -0.950000 	 4.888939e-06
 0.450000 	 -0.900000 	 7.216625e-06
 0.450000 	 -0.850000 	 1.071287e-05
 0.450000 	 -0.800000 	 1.597974e-05
 0.450000 	 -0.750000 	 2.393959e-05
 0.450000 	 -0.700000 	 3.593969e-05
 0.450000 	 -0.650000 	 5.399604e-05
 0.450000 	 -0.600000 	 8.097429e-05
 0.450000 	 -0.550000 	 1.209089e-04
 0.450000 	 -0.500000 	 1.790995e-04
 0.450000 	 -0.450000 	 2.620535e-04
 0.450000 	 -0.400000 	 3.771109e-04
 0.450000 	 -0.350000 	 5.308406e-04
 0.450000 	 -0.300000 	 7.265337e-04
 0.450000 	 -0.250000 	 9.610608e-04
 0.450000 	 -0.200000 	 1.220924e-03
 0.450000 	 -0.150000 	 1.481113e-03
 0.450000 	 -0.100000 	 1.707507e-03
 0.450000 	 -0.050000 	 1.862449e-03
 0.450000 	 0.000000 	 1.917664e-03
 0.450000 	 0.050000 	 1.862393e-03
 0.450000 	 0.100000 	 1.707256e-03
 0.450000 	 0.150000 	 1.481324e-03
 0.450000 	 0.200000 	 1.221152e-03
 0.450000 	 0.250000 	 9.610146e-04
 0.450000 	 0.300000 	 7.264291e-04
 0.450000 	 0.350000 	 5.308032e-04
 0.450000 	 0.400000 	 3.771103e-04
 0.450000 	 0.450000 	 2.620525e-04
 0.450000 	 0.500000 	 1.790746e-04
 0.450000 	 0.550000 	 1.208803e-04
 0.450000 	 0.600000 	 8.099030e-05
 0.450000 	 0.650000 	 5.400478e-05
 0.450000 	 0.700000 	 3.593951e-05
 0.450000 	 0.750000 	 2.394027e-05
 0.450000 	 0.800000 	 1.598396e-05
 0.450000 	 0.850000 	 1.071259e-05
 0.450000 	 0.900000 	 7.216230e-06
 0.450000 	 0.950000 	 4.888362e-06
 0.450000 	 1.000000 	 3.332811e-06
 0.500000 	 -1.000000 	 2.729130e-06
 0.500000 	 -0.950000 	 3.951395e-06
 0.500000 	 -0.900000 	 5.751057e-06
 0.500000 	 -0.850000 	 8.407882e-06
 0.500000 	 -0.800000 	 1.234084e-05
 0.500000 	 -0.750000 	 1.816039e-05
 0.500000 	 -0.700000 	 2.674258e-05
 0.500000 	 -0.650000 	 3.934462e-05
 0.500000 	 -0.600000 	 5.772488e-05
 0.500000 	 -0.550000 	 8.418978e-05
 0.500000 	 -0.500000 	 1.216827e-04
 0.500000 	 -0.450000 	 1.736160e-04
 0.500000 	 -0.400000 	 2.434928e-04
 0.500000 	 -0.350000 	 3.342012e-04
 0.500000 	 -0.300000 	 4.462297e-04
 0.500000 	 -0.250000 	 5.769025e-04
 0.500000 	 -0.200000 	 7.181926e-04
 0.500000 	 -0.150000 	 8.567052e-04
 0.500000 	 -0.100000 	 9.750331e-04
 0.500000 	 -0.050000 	 1.055277e-03
 0.500000 	 0.000000 	 1.083757e-03
 0.500000 	 0.050000 	 1.055381e-03
 0.500000 	 0.100000 	 9.750891e-04
 0.500000 	 0.150000 	 8.567586e-04
 0.500000 	 0.200000 	 7.182748e-04
 0.500000 	 0.250000 	 5.769013e-04
 0.500000 	 0.300000 	 4.462131e-04
 0.500000 	 0.350000 	 3.342039e-04
 0.500000 	 0.400000 	 2.435075e-04
 0.500000 	 0.450000 	 1.736079e-04
 0.500000 	 0.500000 	 1.216746e-04
 0.500000 	 0.550000 	 8.418454e-05
 0.500000 	 0.600000 	 5.772679e-05
 0.500000 	 0.650000 	 3.934407e-05
 0.500000 	 0.700000 	 2.674291e-05
 0.500000 	 0.750000 	 1.815771e-05
 0.500000 	 0.800000 	 1.234082e-05
 0.500000 	 0.850000 	 8.408860e-06
 0.500000 	 0.900000 	 5.752108e-06
 0.500000 	 0.950000 	 3.951574e-06
 0.500000 	 1.000000 	 2.728934e-06
 0.550000 	 -1.000000 	 2.208785e-06
 0.550000 	 -0.950000 	 3.155491e-06
 0.550000 	 -0.900000 	 4.526895e-06
 0.550000 	 -0.850000 	 6.518182e-06
 0.550000 	 -0.800000 	 9.407227e-06
 0.550000 	 -0.750000 	 1.359126e-05
 0.550000 	 -0.700000 	 1.963336e-05
 0.550000 	 -0.650000 	 2.829931e-05
 0.550000 	 -0.600000 	 4.063433e-05
 0.550000 	 -0.550000 	 5.793130e-05
 0.550000 	 -0.500000 	 8.176472e-05
 0.550000 	 -0.450000 	 1.138677e-04
 0.550000 	 -0.400000 	 1.558804e-04
 0.550000 	 -0.350000 	 2.088270e-04
 0.550000 	 -0.300000 	 2.725262e-04
 0.550000 	 -0.250000 	 3.448955e-04
 0.550000 	 -0.200000 	 4.214012e-04
 0.550000 	 -0.150000 	 4.948979e-04
 0.550000 	 -0.100000 	 5.566614e-04
 0.550000 	 -0.050000 	 5.981509e-04
 0.550000 	 0.000000 	 6.125768e-04
 0.550000 	 0.050000 	 5.980330e-04
 0.550000 	 0.100000 	 5.565807e-04
 0.550000 	 0.150000 	 4.948017e-04
 0.550000 	 0.200000 	 4.213013e-04
 0.550000 	 0.250000 	 3.449127e-04
 0.550000 	 0.300000 	 2.725014e-04
 0.550000 	 0.350000 	 2.088248e-04
 0.550000 	 0.400000 	 1.558798e-04
 0.550000 	 0.450000 	 1.138887e-04
 0.550000 	 0.500000 	 8.175867e-05
 0.550000 	 0.550000 	 5.792686e-05
 0.550000 	 0.600000 	 4.063104e-05
 0.550000 	 0.650000 	 2.830661e-05
 0.550000 	 0.700000 	 1.963123e-05
 0.550000 	 0.750000 	 1.358861e-05
 0.550000 	 0.800000 	 9.405583e-06
 0.550000 	 0.850000 	 6.517311e-06
 0.550000 	 0.900000 	 4.527188e-06
 0.550000 	 0.950000 	 3.154703e-06
 0.550000 	 1.000000 	 2.208488e-06
 0.600000 	 -1.000000 	 1.768869e-06
 0.600000 	 -0.950000 	 2.492507e-06
 0.600000 	 -0.900000 	 3.525621e-06
 0.600000 	 -0.850000 	 4.997149e-06
 0.600000 	 -0.800000 	 7.090556e-06
 0.600000 	 -0.750000 	 1.006757e-05
 0.600000 	 -0.700000 	 1.426988e-05
 0.600000 	 -0.650000 	 2.016128e-05
 0.600000 	 -0.600000 	 2.834241e-05
 0.600000 	 -0.550000 	 3.951620e-05
 0.600000 	 -0.500000 	 5.454013e-05
 0.600000 	 -0.450000 	 7.424145e-05
 0.600000 	 -0.400000 	 9.933851e-05
 0.600000 	 -0.350000 	 1.301192e-04
 0.600000 	 -0.300000 	 1.662363e-04
 0.600000 	 -0.250000 	 2.063130e-04
 0.600000 	 -0.200000 	 2.476899e-04
 0.600000 	 -0.150000 	 2.868006e-04
 0.600000 	 -0.100000 	 3.192352e-04
 0.600000 	 -0.050000 	 3.407318e-04
 0.600000 	 0.000000 	 3.482780e-04
 0.600000 	 0.050000 	 3.407137e-04
 0.600000 	 0.100000 	 3.191784e-04
 0.600000 	 0.150000 	 2.867785e-04
 0.600000 	 0.200000 	 2.477642e-04
 0.600000 	 0.250000 	 2.062587e-04
 0.600000 	 0.300000 	 1.662384e-04
 0.600000 	 0.350000 	 1.301096e-04
 0.600000 	 0.400000 	 9.932726e-05
 0.600000 	 0.450000 	 7.424421e-05
 0.600000 	 0.500000 	 5.454401e-05
 0.600000 	 0.550000 	 3.952404e-05
 0.600000 	 0.600000 	 2.833794e-05
 0.600000 	 0.650000 	 2.016097e-05
 0.600000 	 0.700000 	 1.426609e-05
 0.600000 	 0.750000 	 1.006694e-05
 0.600000 	 0.800000 	 7.091941e-06
 0.600000 	 0.850000 	 4.996275e-06
 0.600000 	 0.900000 	 3.525051e-06
 0.600000 	 0.950000 	 2.493423e-06
 0.600000 	 1.000000 	 1.768339e-06
 0.650000 	 -1.000000 	 1.403770e-06
 0.650000 	 -0.950000 	 1.951965e-06
 0.650000 	 -0.900000 	 2.720579e-06
 0.650000 	 -0.850000 	 3.796794e-06
 0.650000 	 -0.800000 	 5.300749e-06
 0.650000 	 -0.750000 	 7.396317e-06
 0.650000 	 -0.700000 	 1.029098e-05
 0.650000 	 -0.650000 	 1.426062e-05
 0.650000 	 -0.600000 	 1.964208e-05
 0.650000 	 -0.550000 	 2.683096e-05
 0.650000 	 -0.500000 	 3.624571e-05
 0.650000 	 -0.450000 	 4.828981e-05
 0.650000 	 -0.400000 	 6.321931e-05
 0.650000 	 -0.350000 	 8.113490e-05
 0.650000 	 -0.300000 	 1.016276e-04
 0.650000 	 -0.250000 	 1.238536e-04
 0.650000 	 -0.200000 	 1.464491e-04
 0.650000 	 -0.150000 	 1.673986e-04
 0.650000 	 -0.100000 	 1.845087e-04
 0.650000 	 -0.050000 	 1.958477e-04
 0.650000 	 0.000000 	 1.997432e-04
 0.650000 	 0.050000 	 1.958338e-04
 0.650000 	 0.100000 	 1.845202e-04
 0.650000 	 0.150000 	 1.673826e-04
 0.650000 	 0.200000 	 1.464265e-04
 0.650000 	 0.250000 	 1.238814e-04
 0.650000 	 0.300000 	 1.016094e-04
 0.650000 	 0.350000 	 8.112333e-05
 0.650000 	 0.400000 	 6.322938e-05
 0.650000 	 0.450000 	 4.827433e-05
 0.650000 	 0.500000 	 3.624215e-05
 0.650000 	 0.550000 	 2.682648e-05
 0.650000 	 0.600000 	 1.964156e-05
 0.650000 	 0.650000 	 1.426240e-05
 0.650000 	 0.700000 	 1.029027e-05
 0.650000 	 0.750000 	 7.394521e-06
 0.650000 	 0.800000 	 5.302064e-06
 0.650000 	 0.850000 	 3.796689e-06
 0.650000 	 0.900000 	 2.720952e-06
 0.650000 	 0.950000 	 1.952238e-06
 0.650000 	 1.000000 	 1.403730e-06
 0.700000 	 -1.000000 	 1.105677e-06
 0.700000 	 -0.950000 	 1.517138e-06
 0.700000 	 -0.900000 	 2.084595e-06
 0.700000 	 -0.850000 	 2.864595e-06
 0.700000 	 -0.800000 	 3.936458e-06
 0.700000 	 -0.750000 	 5.398138e-06
 0.700000 	 -0.700000 	 7.378813e-06
 0.700000 	 -0.650000 	 1.003883e-05
 0.700000 	 -0.600000 	 1.356240e-05
 0.700000 	 -0.550000 	 1.816389e-05
 0.700000 	 -0.500000 	 2.405022e-05
 0.700000 	 -0.450000 	 3.139157e-05
 0.700000 	 -0.400000 	 4.030451e-05
 0.700000 	 -0.350000 	 5.073947e-05
 0.700000 	 -0.300000 	 6.245074e-05
 0.700000 	 -0.250000 	 7.487710e-05
 0.700000 	 -0.200000 	 8.728596e-05
 0.700000 	 -0.150000 	 9.861068e-05
 0.700000 	 -0.100000 	 1.077916e-04
 0.700000 	 -0.050000 	 1.137774e-04
 0.700000 	 0.000000 	 1.158538e-04
 0.700000 	 0.050000 	 1.137794e-04
 0.700000 	 0.100000 	 1.077913e-04
 0.700000 	 0.150000 	 9.861314e-05
 0.700000 	 0.200000 	 8.726752e-05
 0.700000 	 0.250000 	 7.488474e-05
 0.700000 	 0.300000 	 6.242921e-05
 0.700000 	 0.350000 	 5.073965e-05
 0.700000 	 0.400000 	 4.030202e-05
 0.700000 	 0.450000 	 3.139496e-05
 0.700000 	 0.500000 	 2.404475e-05
 0.700000 	 0.550000 	 1.816123e-05
 0.700000 	 0.600000 	 1.356487e-05
 0.700000 	 0.650000 	 1.003814e-05
 0.700000 	 0.700000 	 7.378342e-06
 0.700000 	 0.750000 	 5.398495e-06
 0.700000 	 0.800000 	 3.937316e-06
 0.700000 	 0.850000 	 2.865133e-06
 0.700000 	 0.900000 	 2.084433e-06
 0.700000 	 0.950000 	 1.516857e-06
 0.700000 	 1.000000 	 1.105503e-06
 0.750000 	 -1.000000 	 8.652530e-07
 0.750000 	 -0.950000 	 1.171511e-06
 0.750000 	 -0.900000 	 1.587473e-06
 0.750000 	 -0.850000 	 2.149906e-06
 0.750000 	 -0.800000 	 2.908162e-06
 0.750000 	 -0.750000 	 3.923267e-06
 0.750000 	 -0.700000 	 5.272342e-06
 0.750000 	 -0.650000 	 7.045722e-06
 0.750000 	 -0.600000 	 9.348746e-06
 0.750000 	 -0.550000 	 1.228657e-05
 0.750000 	 -0.500000 	 1.596491e-05
 0.750000 	 -0.450000 	 2.046163e-05
 0.750000 	 -0.400000 	 2.579709e-05
 0.750000 	 -0.350000 	 3.189981e-05
 0.750000 	 -0.300000 	 3.862391e-05
 0.750000 	 -0.250000 	 4.564766e-05
 0.750000 	 -0.200000 	 5.254334e-05
 0.750000 	 -0.150000 	 5.873876e-05
 0.750000 	 -0.100000 	 6.370791e-05
 0.750000 	 -0.050000 	 6.692282e-05
 0.750000 	 0.000000 	 6.805099e-05
 0.750000 	 0.050000 	 6.692750e-05
 0.750000 	 0.100000 	 6.370336e-05
 0.750000 	 0.150000 	 5.874365e-05
 0.750000 	 0.200000 	 5.253109e-05
 0.750000 	 0.250000 	 4.564604e-05
 0.750000 	 0.300000 	 3.862766e-05
 0.750000 	 0.350000 	 3.191023e-05
 0.750000 	 0.400000 	 2.579539e-05
 0.750000 	 0.450000 	 2.046113e-05
 0.750000 	 0.500000 	 1.596554e-05
 0.750000 	 0.550000 	 1.228604e-05
 0.750000 	 0.600000 	 9.348079e-06
 0.750000 	 0.650000 	 7.047104e-06
 0.750000 	 0.700000 	 5.273034e-06
 0.750000 	 0.750000 	 3.923497e-06
 0.750000 	 0.800000 	 2.908146e-06
 0.750000 	 0.850000 	 2.149877e-06
 0.750000 	 0.900000 	 1.587339e-06
 0.750000 	 0.950000 	 1.171874e-06
 0.750000 	 1.000000 	 8.651030e-07
 0.800000 	 -1.000000 	 6.738943e-07
 0.800000 	 -0.950000 	 9.005595e-07
 0.800000 	 -0.900000 	 1.203444e-06
 0.800000 	 -0.850000 	 1.606778e-06
 0.800000 	 -0.800000 	 2.141479e-06
 0.800000 	 -0.750000 	 2.843586e-06
 0.800000 	 -0.700000 	 3.759074e-06
 0.800000 	 -0.650000 	 4.940387e-06
 0.800000 	 -0.600000 	 6.443709e-06
 0.800000 	 -0.550000 	 8.321265e-06
 0.800000 	 -0.500000 	 1.062511e-05
 0.800000 	 -0.450000 	 1.338565e-05
 0.800000 	 -0.400000 	 1.659585e-05
 0.800000 	 -0.350000 	 2.020193e-05
 0.800000 	 -0.300000 	 2.409597e-05
 0.800000 	 -0.250000 	 2.810195e-05
 0.800000 	 -0.200000 	 3.197269e-05
 0.800000 	 -0.150000 	 3.542354e-05
 0.800000 	 -0.100000 	 3.814311e-05
 0.800000 	 -0.050000 	 3.990558e-05
 0.800000 	 0.000000 	 4.051742e-05
 0.800000 	 0.050000 	 3.991060e-05
 0.800000 	 0.100000 	 3.814940e-05
 0.800000 	 0.150000 	 3.542341e-05
 0.800000 	 0.200000 	 3.197317e-05
 0.800000 	 0.250000 	 2.810756e-05
 0.800000 	 0.300000 	 2.410011e-05
 0.800000 	 0.350000 	 2.020210e-05
 0.800000 	 0.400000 	 1.659100e-05
 0.800000 	 0.450000 	 1.338545e-05
 0.800000 	 0.500000 	 1.062592e-05
 0.800000 	 0.550000 	 8.322585e-06
 0.800000 	 0.600000 	 6.442856e-06
 0.800000 	 0.650000 	 4.940138e-06
 0.800000 	 0.700000 	 3.758619e-06
 0.800000 	 0.750000 	 2.843326e-06
 0.800000 	 0.800000 	 2.141209e-06
 0.800000 	 0.850000 	 1.607010e-06
 0.800000 	 0.900000 	 1.203634e-06
 0.800000 	 0.950000 	 9.007105e-07
 0.800000 	 1.000000 	 6.737795e-07
 0.850000 	 -1.000000 	 5.224618e-07
 0.850000 	 -0.950000 	 6.896158e-07
 0.850000 	 -0.900000 	 9.093430e-07
 0.850000 	 -0.850000 	 1.197429e-06
 0.850000 	 -0.800000 	 1.572495e-06
 0.850000 	 -0.750000 	 2.057701e-06
 0.850000 	 -0.700000 	 2.678020e-06
 0.850000 	 -0.650000 	 3.465199e-06
 0.850000 	 -0.600000 	 4.445729e-06
 0.850000 	 -0.550000 	 5.649354e-06
 0.850000 	 -0.500000 	 7.099451e-06
 0.850000 	 -0.450000 	 8.802616e-06
 0.850000 	 -0.400000 	 1.074598e-05
 0.850000 	 -0.350000 	 1.289401e-05
 0.850000 	 -0.300000 	 1.517605e-05
 0.850000 	 -0.250000 	 1.748741e-05
 0.850000 	 -0.200000 	 1.968712e-05
 0.850000 	 -0.150000 	 2.162781e-05
 0.850000 	 -0.100000 	 2.315150e-05
 0.850000 	 -0.050000 	 2.413282e-05
 0.850000 	 0.000000 	 2.446769e-05
 0.850000 	 0.050000 	 2.413624e-05
 0.850000 	 0.100000 	 2.315614e-05
 0.850000 	 0.150000 	 2.162862e-05
 0.850000 	 0.200000 	 1.968752e-05
 0.850000 	 0.250000 	 1.748725e-05
 0.850000 	 0.300000 	 1.517747e-05
 0.850000 	 0.350000 	 1.289256e-05
 0.850000 	 0.400000 	 1.074540e-05
 0.850000 	 0.450000 	 8.800199e-06
 0.850000 	 0.500000 	 7.098475e-06
 0.850000 	 0.550000 	 5.650411e-06
 0.850000 	 0.600000 	 4.446276e-06
 0.850000 	 0.650000 	 3.464482e-06
 0.850000 	 0.700000 	 2.679032e-06
 0.850000 	 0.750000 	 2.058283e-06
 0.850000 	 0.800000 	 1.572502e-06
 0.850000 	 0.850000 	 1.197346e-06
 0.850000 	 0.900000 	 9.094619e-07
 0.850000 	 0.950000 	 6.897160e-07
 0.850000 	 1.000000 	 5.223830e-07
 0.900000 	 -1.000000 	 4.038344e-07
 0.900000 	 -0.950000 	 5.265829e-07
 0.900000 	 -0.900000 	 6.856724e-07
 0.900000 	 -0.850000 	 8.908806e-07
 0.900000 	 -0.800000 	 1.154048e-06
 0.900000 	 -0.750000 	 1.488380e-06
 0.900000 	 -0.700000 	 1.909267e-06
 0.900000 	 -0.650000 	 2.433556e-06
 0.900000 	 -0.600000 	 3.076361e-06
 0.900000 	 -0.550000 	 3.850560e-06
 0.900000 	 -0.500000 	 4.766944e-06
 0.900000 	 -0.450000 	 5.823515e-06
 0.900000 	 -0.400000 	 7.011004e-06
 0.900000 	 -0.350000 	 8.300311e-06
 0.900000 	 -0.300000 	 9.649017e-06
 0.900000 	 -0.250000 	 1.100259e-05
 0.900000 	 -0.200000 	 1.227266e-05
 0.900000 	 -0.150000 	 1.338128e-05
 0.900000 	 -0.100000 	 1.425009e-05
 0.900000 	 -0.050000 	 1.480122e-05
 0.900000 	 0.000000 	 1.498870e-05
 0.900000 	 0.050000 	 1.480141e-05
 0.900000 	 0.100000 	 1.424846e-05
 0.900000 	 0.150000 	 1.338309e-05
 0.900000 	 0.200000 	 1.227362e-05
 0.900000 	 0.250000 	 1.099966e-05
 0.900000 	 0.300000 	 9.653342e-06
 0.900000 	 0.350000 	 8.301884e-06
 0.900000 	 0.400000 	 7.009869e-06
 0.900000 	 0.450000 	 5.824201e-06
 0.900000 	 0.500000 	 4.766155e-06
 0.900000 	 0.550000 	 3.850342e-06
 0.900000 	 0.600000 	 3.075598e-06
 0.900000 	 0.650000 	 2.433453e-06
 0.900000 	 0.700000 	 1.909466e-06
 0.900000 	 0.750000 	 1.488574e-06
 0.900000 	 0.800000 	 1.154005e-06
 0.900000 	 0.850000 	 8.909154e-07
 0.900000 	 0.900000 	 6.859017e-07
 0.900000 	 0.950000 	 5.266138e-07
 0.900000 	 1.000000 	 4.038124e-07
 0.950000 	 -1.000000 	 3.114672e-07
 0.950000 	 -0.950000 	 4.013262e-07
 0.950000 	 -0.900000 	 5.162652e-07
 0.950000 	 -0.850000 	 6.624025e-07
 0.950000 	 -0.800000 	 8.466120e-07
 0.950000 	 -0.750000 	 1.077581e-06
 0.950000 	 -0.700000 	 1.363465e-06
 0.950000 	 -0.650000 	 1.713254e-06
 0.950000 	 -0.600000 	 2.135450e-06
 0.950000 	 -0.550000 	 2.636184e-06
 0.950000 	 -0.500000 	 3.218105e-06
 0.950000 	 -0.450000 	 3.879715e-06
 0.950000 	 -0.400000 	 4.610644e-06
 0.950000 	 -0.350000 	 5.394721e-06
 0.950000 	 -0.300000 	 6.203898e-06
 0.950000 	 -0.250000 	 7.001441e-06
 0.950000 	 -0.200000 	 7.748429e-06
 0.950000 	 -0.150000 	 8.390887e-06
 0.950000 	 -0.100000 	 8.889649e-06
 0.950000 	 -0.050000 	 9.205275e-06
 0.950000 	 0.000000 	 9.313101e-06
 0.950000 	 0.050000 	 9.203515e-06
 0.950000 	 0.100000 	 8.887752e-06
 0.950000 	 0.150000 	 8.390257e-06
 0.950000 	 0.200000 	 7.746185e-06
 0.950000 	 0.250000 	 7.002943e-06
 0.950000 	 0.300000 	 6.203820e-06
 0.950000 	 0.350000 	 5.395281e-06
 0.950000 	 0.400000 	 4.611763e-06
 0.950000 	 0.450000 	 3.879782e-06
 0.950000 	 0.500000 	 3.217957e-06
 0.950000 	 0.550000 	 2.636426e-06
 0.950000 	 0.600000 	 2.135264e-06
 0.950000 	 0.650000 	 1.713293e-06
 0.950000 	 0.700000 	 1.363398e-06
 0.950000 	 0.750000 	 1.077371e-06
 0.950000 	 0.800000 	 8.465975e-07
 0.950000 	 0.850000 	 6.623422e-07
 0.950000 	 0.900000 	 5.162683e-07
 0.950000 	 0.950000 	 4.012737e-07
 0.950000 	 1.000000 	 3.114322e-07
 1.000000 	 -1.000000 	 2.398544e-07
 1.000000 	 -0.950000 	 3.055600e-07
 1.000000 	 -0.900000 	 3.885208e-07
 1.000000 	 -0.850000 	 4.924724e-07
 1.000000 	 -0.800000 	 6.216896e-07
 1.000000 	 -0.750000 	 7.810680e-07
 1.000000 	 -0.700000 	 9.756705e-07
 1.000000 	 -0.650000 	 1.210031e-06
 1.000000 	 -0.600000 	 1.488857e-06
 1.000000 	 -0.550000 	 1.813938e-06
 1.000000 	 -0.500000 	 2.186575e-06
 1.000000 	 -0.450000 	 2.603553e-06
 1.000000 	 -0.400000 	 3.058634e-06
 1.000000 	 -0.350000 	 3.539735e-06
 1.000000 	 -0.300000 	 4.029769e-06
 1.000000 	 -0.250000 	 4.508627e-06
 1.000000 	 -0.200000 	 4.950672e-06
 1.000000 	 -0.150000 	 5.329669e-06
 1.000000 	 -0.100000 	 5.622076e-06
 1.000000 	 -0.050000 	 5.806630e-06
 1.000000 	 0.000000 	 5.869179e-06
 1.000000 	 0.050000 	 5.806030e-06
 1.000000 	 0.100000 	 5.621797e-06
 1.000000 	 0.150000 	 5.330189e-06
 1.000000 	 0.200000 	 4.949827e-06
 1.000000 	 0.250000 	 4.508044e-06
 1.000000 	 0.300000 	 4.029968e-06
 1.000000 	 0.350000 	 3.539745e-06
 1.000000 	 0.400000 	 3.058729e-06
 1.000000 	 0.450000 	 2.603333e-06
 1.000000 	 0.500000 	 2.186696e-06
 1.000000 	 0.550000 	 1.813959e-06
 1.000000 	 0.600000 	 1.488899e-06
 1.000000 	 0.650000 	 1.210186e-06
 1.000000 	 0.700000 	 9.756328e-07
 1.000000 	 0.750000 	 7.810718e-07
 1.000000 	 0.800000 	 6.217432e-07
 1.000000 	 0.850000 	 4.924388e-07
 1.000000 	 0.900000 	 3.885025e-07
 1.000000 	 0.950000 	 3.055643e-07
 1.000000 	 1.000000 	 2.398375e-07
