0.0001	3.360449	3.358762
0.0001018554	3.331783	3.330072
0.0001037452	3.30334	3.301605
0.0001056701	3.27512	3.27336
0.0001076307	3.24712	3.245334
0.0001096277	3.219339	3.217527
0.0001116617	3.191775	3.189937
0.0001137335	3.164427	3.162563
0.0001158437	3.137293	3.135402
0.000117993	3.110371	3.108453
0.0001201822	3.083661	3.081716
0.0001224121	3.057161	3.055187
0.0001246833	3.030868	3.028866
0.0001269967	3.004783	3.002752
0.000129353	2.978902	2.976842
0.000131753	2.953225	2.951136
0.0001341975	2.927751	2.925631
0.0001366874	2.902477	2.900327
0.0001392235	2.877403	2.875222
0.0001418067	2.852527	2.850314
0.0001444377	2.827847	2.825603
0.0001471176	2.803363	2.801086
0.0001498472	2.779072	2.776763
0.0001526275	2.754973	2.752631
0.0001554593	2.731066	2.72869
0.0001583437	2.707348	2.704938
0.0001612816	2.683818	2.681374
0.000164274	2.660476	2.657996
0.0001673219	2.637319	2.634804
0.0001704264	2.614346	2.611795
0.0001735885	2.591556	2.588968
0.0001768093	2.568947	2.566323
0.0001800898	2.546519	2.543857
0.0001834311	2.52427	2.52157
0.0001868345	2.502198	2.49946
0.000190301	2.480303	2.477525
0.0001938319	2.458583	2.455766
0.0001974282	2.437037	2.434179
0.0002010913	2.415664	2.412765
0.0002048223	2.394462	2.391521
0.0002086226	2.37343	2.370447
0.0002124933	2.352567	2.349542
0.0002164359	2.331871	2.328803
0.0002204517	2.311342	2.30823
0.0002245419	2.290979	2.287822
0.000228708	2.270779	2.267577
0.0002329515	2.250742	2.247495
0.0002372736	2.230867	2.227574
0.000241676	2.211152	2.207812
0.00024616	2.191597	2.188209
0.0002507273	2.1722	2.168764
0.0002553793	2.15296	2.149475
0.0002601176	2.133876	2.130341
0.0002649438	2.114947	2.111361
0.0002698595	2.096171	2.092535
0.0002748665	2.077548	2.07386
0.0002799663	2.059076	2.055336
0.0002851608	2.040755	2.036961
0.0002904517	2.022582	2.018735
0.0002958407	2.004558	2.000656
0.0003013297	1.986681	1.982723
0.0003069205	1.96895	1.964936
0.0003126151	1.951364	1.947293
0.0003184154	1.933922	1.929792
0.0003243232	1.916622	1.912434
0.0003303407	1.899464	1.895217
0.0003364698	1.882447	1.87814
0.0003427127	1.86557	1.861201
0.0003490713	1.848831	1.8444
0.000355548	1.83223	1.827737
0.0003621448	1.815766	1.811208
0.000368864	1.799437	1.794815
0.0003757079	1.783243	1.778555
0.0003826787	1.767182	1.762428
0.0003897789	1.751254	1.746433
0.0003970109	1.735458	1.730569
0.000404377	1.719793	1.714834
0.0004118798	1.704257	1.699228
0.0004195218	1.688851	1.683751
0.0004273055	1.673572	1.668399
0.0004352337	1.65842	1.653174
0.000443309	1.643394	1.638074
0.0004515342	1.628493	1.623098
0.0004599119	1.613716	1.608245
0.0004684451	1.599063	1.593514
0.0004771366	1.584532	1.578905
0.0004859893	1.570122	1.564416
0.0004950064	1.555833	1.550046
0.0005041907	1.541663	1.535795
0.0005135454	1.527613	1.521662
0.0005230737	1.51368	1.507645
0.0005327788	1.499864	1.493744
0.0005426639	1.486165	1.479958
0.0005527325	1.47258	1.466286
0.0005629878	1.459111	1.452728
0.0005734335	1.445754	1.439282
0.0005840729	1.432511	1.425947
0.0005949098	1.419379	1.412723
0.0006059477	1.406359	1.399609
0.0006171904	1.393449	1.386604
0.0006286417	1.380648	1.373707
0.0006403055	1.367957	1.360918
0.0006521857	1.355373	1.348235
0.0006642863	1.342896	1.335657
0.0006766114	1.330525	1.323185
0.0006891652	1.31826	1.310817
0.000701952	1.306099	1.298552
0.0007149759	1.294043	1.286389
0.0007282415	1.28209	1.274328
0.0007417533	1.270239	1.262369
0.0007555157	1.258489	1.250509
0.0007695335	1.246841	1.238749
0.0007838114	1.235293	1.227087
0.0007983542	1.223844	1.215523
0.0008131668	1.212494	1.204057
0.0008282542	1.201242	1.192687
0.0008436216	1.190087	1.181412
0.0008592741	1.179029	1.170232
0.000875217	1.168067	1.159147
0.0008914558	1.157199	1.148154
0.0009079958	1.146426	1.137255
0.0009248427	1.135747	1.126447
0.0009420022	1.125161	1.115731
0.00095948	1.114667	1.105105
0.0009772821	1.104265	1.094569
0.0009954146	1.093953	1.084123
0.001013883	1.083732	1.073764
0.001032695	1.073601	1.063494
0.001051856	1.063559	1.05331
0.001071372	1.053605	1.043213
0.00109125	1.043738	1.033202
0.001111497	1.033959	1.023275
0.001132119	1.024266	1.013433
0.001153125	1.014659	1.003675
0.00117452	1.005137	0.9939999
0.001196312	0.995699	0.9844071
0.001218508	0.9863452	0.9748961
0.001241116	0.9770748	0.9654662
0.001264144	0.9678869	0.9561167
0.001287598	0.9587812	0.9468472
0.001311488	0.9497569	0.9376568
0.001335822	0.9408134	0.928545
0.001360606	0.9319502	0.9195111
0.001385851	0.9231666	0.9105546
0.001411564	0.9144622	0.9016749
0.001437754	0.9058363	0.8928713
0.00146443	0.8972883	0.8841432
0.001491601	0.8888177	0.87549
0.001519276	0.8804239	0.8669111
0.001547465	0.8721064	0.858406
0.001576176	0.8638645	0.8499741
0.001605421	0.8556978	0.8416147
0.001635207	0.8476058	0.8333273
0.001665547	0.8395878	0.8251113
0.001696449	0.8316433	0.8169661
0.001727925	0.8237718	0.8088913
0.001759985	0.8159729	0.8008861
0.00179264	0.8082458	0.7929501
0.0018259	0.8005902	0.7850827
0.001859778	0.7930056	0.7772834
0.001894284	0.7854914	0.7695515
0.001929431	0.778047	0.7618867
0.001965229	0.7706721	0.7542882
0.002001692	0.7633662	0.7467556
0.002038831	0.7561286	0.7392884
0.002076659	0.748959	0.7318861
0.00211519	0.7418569	0.724548
0.002154435	0.7348217	0.7172737
0.002194408	0.7278531	0.7100627
0.002235123	0.7209505	0.7029144
0.002276593	0.7141134	0.6958284
0.002318833	0.7073415	0.6888042
0.002361856	0.7006343	0.6818412
0.002405678	0.6939913	0.6749389
0.002450313	0.687412	0.6680969
0.002495776	0.6808961	0.6613146
0.002542082	0.674443	0.6545917
0.002589248	0.6680524	0.6479275
0.002637289	0.6617238	0.6413216
0.002686221	0.6554568	0.6347736
0.002736061	0.649251	0.6282829
0.002786826	0.6431059	0.6218492
0.002838532	0.6370211	0.6154718
0.002891198	0.6309963	0.6091504
0.002944841	0.6250309	0.6028846
0.00299948	0.6191247	0.5966738
0.003055132	0.6132772	0.5905175
0.003111816	0.6074881	0.5844155
0.003169553	0.6017569	0.5783671
0.003228361	0.5960832	0.572372
0.003288259	0.5904667	0.5664297
0.00334927	0.5849069	0.5605399
0.003411412	0.5794036	0.5547019
0.003474707	0.5739564	0.5489155
0.003539176	0.5685648	0.5431802
0.003604842	0.5632285	0.5374956
0.003671726	0.5579473	0.5318613
0.003739851	0.5527206	0.5262767
0.00380924	0.5475482	0.5207416
0.003879916	0.5424297	0.5152556
0.003951904	0.5373647	0.5098181
0.004025227	0.532353	0.5044288
0.004099911	0.5273943	0.4990874
0.004175981	0.522488	0.4937933
0.004253462	0.5176341	0.4885463
0.00433238	0.512832	0.4833459
0.004412763	0.5080816	0.4781917
0.004494637	0.5033825	0.4730834
0.00457803	0.4987344	0.4680205
0.004662971	0.4941369	0.4630027
0.004749487	0.4895899	0.4580297
0.004837609	0.4850929	0.4531009
0.004927365	0.4806457	0.4482161
0.005018787	0.476248	0.4433749
0.005111906	0.4718995	0.438577
0.005206752	0.4676	0.4338218
0.005303357	0.4633491	0.4291092
0.005401756	0.4591466	0.4244388
0.005501979	0.4549922	0.4198101
0.005604063	0.4508857	0.4152229
0.00570804	0.4468267	0.4106768
0.005813947	0.4428151	0.4061714
0.005921818	0.4388505	0.4017064
0.006031692	0.4349328	0.3972815
0.006143603	0.4310617	0.3928963
0.006257591	0.4272369	0.3885505
0.006373694	0.4234582	0.3842438
0.006491951	0.4197253	0.3799758
0.006612403	0.4160381	0.3757462
0.006735089	0.4123963	0.3715546
0.006860051	0.4087997	0.3674008
0.006987332	0.4052481	0.3632845
0.007116974	0.4017412	0.3592053
0.007249022	0.3982789	0.3551629
0.00738352	0.3948609	0.3511569
0.007520514	0.3914871	0.3471872
0.007660049	0.3881572	0.3432533
0.007802173	0.3848711	0.3393551
0.007946934	0.3816285	0.3354921
0.008094381	0.3784293	0.331664
0.008244563	0.3752733	0.3278707
0.008397533	0.3721603	0.3241117
0.00855334	0.3690902	0.3203869
0.008712038	0.3660627	0.3166958
0.008873681	0.3630778	0.3130382
0.009038322	0.3601352	0.3094139
0.009206019	0.3572348	0.3058226
0.009376827	0.3543764	0.3022639
0.009550804	0.35156	0.2987376
0.009728009	0.3487852	0.2952435
0.009908502	0.3460521	0.2917812
0.01009234	0.3433605	0.2883505
0.0102796	0.3407102	0.2849511
0.01047032	0.3381012	0.2815827
0.01066459	0.3355332	0.2782452
0.01086246	0.3330062	0.2749382
0.011064	0.3305201	0.2716614
0.01126928	0.3280747	0.2684147
0.01147837	0.3256699	0.2651977
0.01169134	0.3233057	0.2620102
0.01190826	0.320982	0.258852
0.0121292	0.3186985	0.2557228
0.01235425	0.3164554	0.2526224
0.01258347	0.3142524	0.2495506
0.01281694	0.3120895	0.246507
0.01305475	0.3099666	0.2434914
0.01329696	0.3078836	0.2405037
0.01354368	0.3058405	0.2375436
0.01379496	0.3038372	0.2346108
0.01405091	0.3018736	0.2317051
0.01431161	0.2999498	0.2288264
0.01457715	0.2980655	0.2259743
0.01484761	0.2962208	0.2231487
0.0151231	0.2944157	0.2203493
0.01540369	0.29265	0.2175759
0.01568949	0.2909238	0.2148283
0.01598059	0.289237	0.2121063
0.01627709	0.2875896	0.2094097
0.0165791	0.2859816	0.2067382
0.0168867	0.2844129	0.2040917
0.01720002	0.2828835	0.2014699
0.01751915	0.2813934	0.1988727
0.0178442	0.2799427	0.1962998
0.01817528	0.2785311	0.193751
0.0185125	0.2771589	0.1912262
0.01885598	0.2758259	0.1887252
0.01920583	0.2745322	0.1862477
0.01956218	0.2732778	0.1837935
0.01992513	0.2720627	0.1813626
0.02029482	0.2708868	0.1789546
0.02067137	0.2697503	0.1765695
0.02105491	0.268653	0.1742069
0.02144556	0.2675951	0.1718668
0.02184346	0.2665766	0.1695489
0.02224874	0.2655974	0.1672531
0.02266154	0.2646576	0.1649793
0.023082	0.2637573	0.1627271
0.02351026	0.2628964	0.1604965
0.02394647	0.2620749	0.1582873
0.02439077	0.261293	0.1560993
0.02484332	0.2605506	0.1539323
0.02530426	0.2598477	0.1517863
0.02577375	0.2591845	0.1496609
0.02625196	0.2585609	0.1475561
0.02673903	0.2579769	0.1454717
0.02723515	0.2574326	0.1434076
0.02774047	0.256928	0.1413635
0.02825516	0.2564632	0.1393394
0.02877941	0.2560381	0.137335
0.02931338	0.2556528	0.1353503
0.02985726	0.2553073	0.133385
0.03041123	0.2550017	0.1314391
0.03097547	0.2547359	0.1295124
0.03155019	0.2545099	0.1276047
0.03213557	0.2543238	0.1257159
0.03273181	0.2541776	0.1238459
0.03333912	0.2540712	0.1219945
0.03395769	0.2540047	0.1201615
0.03458774	0.253978	0.118347
0.03522948	0.2539911	0.1165506
0.03588312	0.254044	0.1147723
0.0365489	0.2541367	0.113012
0.03722702	0.254269	0.1112695
0.03791773	0.254441	0.1095447
0.03862125	0.2546526	0.1078374
0.03933783	0.2549036	0.1061476
0.0400677	0.2551941	0.1044752
0.04081111	0.2555238	0.1028199
0.04156832	0.2558927	0.1011817
0.04233958	0.2563007	0.09956046
0.04312514	0.2567475	0.09795608
0.04392528	0.2572331	0.09636843
0.04474027	0.2577572	0.0947974
0.04557038	0.2583196	0.09324287
0.04641589	0.2589202	0.09170474
0.04727709	0.2595587	0.09018289
0.04815426	0.2602347	0.08867722
0.04904771	0.2609482	0.08718763
0.04995774	0.2616987	0.08571399
0.05088465	0.2624859	0.08425622
0.05182876	0.2633095	0.08281421
0.05279039	0.2641691	0.08138786
0.05376986	0.2650644	0.07997706
0.0547675	0.265995	0.07858172
0.05578366	0.2669603	0.07720175
0.05681866	0.2679601	0.07583704
0.05787287	0.2689938	0.0744875
0.05894664	0.270061	0.07315303
0.06004034	0.2711611	0.07183355
0.06115432	0.2722937	0.07052897
0.06228897	0.2734582	0.06923918
0.06344468	0.274654	0.06796411
0.06462183	0.2758806	0.06670367
0.06582082	0.2771373	0.06545776
0.06704205	0.2784235	0.0642263
0.06828595	0.2797386	0.06300922
0.06955292	0.2810818	0.06180641
0.0708434	0.2824524	0.06061781
0.07215782	0.2838498	0.05944333
0.07349664	0.2852732	0.05828288
0.07486029	0.2867218	0.05713639
0.07624924	0.2881947	0.05600378
0.07766397	0.2896913	0.05488497
0.07910494	0.2912106	0.05377989
0.08057265	0.2927517	0.05268845
0.08206759	0.2943138	0.05161058
0.08359026	0.2958959	0.05054621
0.08514119	0.2974972	0.04949526
0.0867209	0.2991165	0.04845767
0.08832991	0.300753	0.04743334
0.08996878	0.3024057	0.04642222
0.09163805	0.3040735	0.04542424
0.0933383	0.3057553	0.04443932
0.09507009	0.3074501	0.04346738
0.09683402	0.3091567	0.04250838
0.09863067	0.3108741	0.04156222
0.1004607	0.3126011	0.04062886
0.1023246	0.3143365	0.03970821
0.1042231	0.3160791	0.03880021
0.1061569	0.3178277	0.0379048
0.1081265	0.319581	0.03702191
0.1101327	0.3213376	0.03615146
0.1121761	0.3230961	0.03529341
0.1142574	0.3248553	0.03444768
0.1163773	0.3266136	0.03361421
0.1185366	0.3283695	0.03279293
0.1207359	0.3301216	0.03198378
0.122976	0.3318681	0.0311867
0.1252577	0.3336077	0.03040162
0.1275817	0.3353385	0.02962848
0.1299489	0.3370589	0.02886722
0.1323599	0.3387672	0.02811778
0.1348157	0.3404616	0.02738008
0.1373171	0.3421402	0.02665408
0.1398648	0.3438011	0.02593971
0.1424599	0.3454426	0.0252369
0.1451031	0.3470626	0.02454559
0.1477953	0.3486591	0.02386573
0.1505375	0.3502301	0.02319725
0.1533306	0.3517735	0.02254009
0.1561755	0.3532871	0.02189418
0.1590731	0.3547688	0.02125947
0.1620246	0.3562163	0.02063589
0.1650307	0.3576274	0.02002339
0.1680927	0.3589996	0.01942189
0.1712115	0.3603307	0.01883134
0.1743881	0.3616182	0.01825167
0.1776237	0.3628595	0.01768282
0.1809194	0.3640522	0.01712473
0.1842761	0.3651936	0.01657733
0.1876952	0.3662812	0.01604056
0.1911777	0.3673122	0.01551436
0.1947248	0.3682839	0.01499867
0.1983377	0.3691935	0.0144934
0.2020176	0.3700382	0.01399852
0.2057658	0.3708151	0.01351393
0.2095836	0.3715212	0.01303959
0.2134722	0.3721536	0.01257542
0.2174329	0.3727091	0.01212136
0.2214672	0.3731848	0.01167734
0.2255763	0.3735773	0.01124328
0.2297616	0.3738835	0.01081913
0.2340246	0.3741001	0.0104048
0.2383667	0.3742239	0.01000024
0.2427893	0.3742513	0.009605366
0.247294	0.3741791	0.009220107
0.2518823	0.3740036	0.008844392
0.2565557	0.3737215	0.008478145
0.2613158	0.3733292	0.008121292
0.2661642	0.372823	0.007773757
0.2711026	0.3721993	0.007435463
0.2761327	0.3714544	0.007106331
0.281256	0.3705846	0.006786281
0.2864744	0.3695861	0.006475234
0.2917896	0.3684552	0.006173107
0.2972035	0.3671881	0.005879817
0.3027178	0.3657809	0.005595278
0.3083344	0.3642298	0.005319406
0.3140552	0.362531	0.005052111
0.3198822	0.3606805	0.004793305
0.3258172	0.3586746	0.004542897
0.3318624	0.3565094	0.004300794
0.3380198	0.354181	0.004066902
0.3442914	0.3516857	0.003841123
0.3506793	0.3490197	0.00362336
0.3571858	0.3461792	0.003413512
0.363813	0.3431607	0.003211476
0.3705632	0.3399604	0.003017149
0.3774386	0.3365749	0.002830422
0.3844416	0.3330006	0.002651186
0.3915745	0.3292345	0.002479329
0.3988397	0.3252731	0.002314738
0.4062398	0.3211135	0.002157294
0.4137771	0.3167528	0.002006878
0.4214543	0.3121883	0.001863368
0.4292739	0.3074176	0.001726638
0.4372387	0.3024384	0.001596559
0.4453512	0.2972487	0.001473
0.4536142	0.2918469	0.001355827
0.4620305	0.2862317	0.001244901
0.470603	0.2804022	0.001140082
0.4793345	0.2743577	0.001041225
0.4882281	0.2680983	0.0009481817
0.4972866	0.2616243	0.0008608013
0.5065133	0.2549368	0.0007789289
0.5159111	0.2480374	0.0007024061
0.5254833	0.2409284	0.0006310711
0.535233	0.2336129	0.0005647587
0.5451637	0.2260947	0.0005032998
0.5552787	0.2183788	0.0004465221
0.5655813	0.2104709	0.0003942501
0.576075	0.202378	0.0003463045
0.5867635	0.1941084	0.0003025033
0.5976503	0.1856715	0.0002626612
0.608739	0.1770784	0.0002265901
0.6200335	0.1683418	0.0001940993
0.6315376	0.1594763	0.0001649958
0.6432551	0.1504982	0.0001390847
0.65519	0.1414264	0.0001161692
0.6673464	0.1322818	0.00009605168
0.6797283	0.1230885	0.00007853364
0.6923399	0.1138732	0.00006341662
0.7051855	0.1046662	0.00005050275
0.7182695	0.09550114	0.00003959555
0.7315962	0.08641562	0.00003050075
0.7451702	0.07745153	0.00002302726
0.7589961	0.06865543	0.00001698821
0.7730784	0.06007938	0.00001220212
0.7874221	0.05178217	8.494182e-6
0.8020319	0.04382931	5.69764e-6
0.8169127	0.03629243	3.655319e-6
0.8320696	0.02924776	2.221173e-6
0.8475078	0.0227751	1.261881e-6
0.8632324	0.01695836	6.584305e-7
0.8792488	0.01189068	3.077059e-7
0.8955623	0.00767763	1.240569e-7
0.9121785	0.004418699	4.060358e-8
0.929103	0.002157264	9.647477e-9
0.9463415	0.0008146633	1.294617e-9
0.9638999	0.0001912164	3.940734e-11
0.981784	0.00001170107	3.993709e-15