0.001997	0.0013631357433695741
0.003993	0.003779974080719542
0.005989	0.0068675717939278855
0.007985	0.010475734460575283
0.009981	0.014507230436016262
0.011977	0.018894988597799686
0.013973	0.023587418851936798
0.015969	0.028543451803368057
0.017965	0.03372910000899585
0.019961	0.03911556155540179
0.021957	0.044678005163321884
0.023953	0.0503946071607061
0.025949	0.05624603292975043
0.027945	0.06221493316972805
0.029941	0.0682856475810077
0.031937	0.07444396781226825
0.033933	0.08067693003931162
0.035929	0.08697262235967464
0.037925	0.09332014034523185
0.039921	0.09970940925260645
0.041917	0.10613116920737121
0.043913	0.11257691594085223
0.045909	0.11903882671113336
0.047905	0.12550968622406097
0.049901	0.13198285700164558
0.051897	0.13845219048726756
0.053893	0.14491201222987793
0.055889	0.15135701817340474
0.057885	0.1577824820779404
0.059881	0.16418379622996992
0.061877	0.1705568122057499
0.063873	0.1768976778975186
0.065869	0.183202837513496
0.067865	0.1894693278938654
0.069861	0.19569403772081922
0.071857	0.2018744483085133
0.073853	0.20800774465512176
0.075849	0.21409200070676376
0.077845	0.22012514225156757
0.079841	0.22610509507766152
0.081837	0.23203037760513723
0.083833	0.2378992119381047
0.085829	0.24371026465464646
0.087825	0.24946220233284488
0.089821	0.2551539878667642
0.091817	0.2607844359924777
0.093813	0.26635265776204037
0.095809	0.271857912385498
0.097805	0.2772991627569148
0.099801	0.2826759644023183
0.101797	0.2879877246897451
0.103793	0.29323370282924105
0.105789	0.2984137506628153
0.107785	0.3035271274005136
0.109781	0.30857383304233604
0.111777	0.3135534231143101
0.113773	0.3184657494584449
0.115769	0.3233103676007681
0.117765	0.3280874256992703
0.119761	0.33279677559596077
0.121757	0.33743826913284874
0.123753	0.3420119063099341
0.125749	0.3465178352852078
0.127745	0.3509559079006788
0.129741	0.3553262723143382
0.131737	0.35962907668417665
0.133733	0.3638643210101943
0.135729	0.36803230160837264
0.137725	0.3721331666367026
0.139721	0.37616691609518416
0.141717	0.3801339944577899
0.143713	0.38403469804050133
0.145709	0.3878688786853278
0.147705	0.39163712902423253
0.149701	0.39533974537319727
0.151697	0.398976727732222
0.153693	0.40254866873326994
0.155689	0.4060555683763412
0.157685	0.4094980192933992
0.159681	0.4128761696424346
0.161677	0.41619046389742004
0.163673	0.4194411983743371
0.165669	0.4226286693891675
0.167666	0.42575332141588373
0.169662	0.4288154507704675
0.171658	0.4318155019268913
0.173654	0.43475391935912755
0.17565	0.43763085122516726
0.177646	0.44044674199898276
0.179642	0.44320218431253744
0.181638	0.44589747448181305
0.183634	0.448533056980782
0.18563	0.451109228125426
0.187626	0.45362643238971756
0.189622	0.4560851142476292
0.191618	0.4584855700151425
0.193614	0.46082824416623014
0.19561	0.4631137293328553
0.197606	0.4653421736730089
0.199602	0.4675140216606634
0.201598	0.4696298659277822
0.203594	0.47169000279034684
0.20559	0.47369487672232996
0.207586	0.4756447840397133
0.209582	0.47754031737445995
0.211578	0.47938177304255175
0.213574	0.4811695955179611
0.21557	0.4829042292746607
0.217566	0.4845859706286321
0.219562	0.48621541221183856
0.221558	0.4877929984982528
0.223554	0.4893188776458654
0.22555	0.4907937904446307
0.227546	0.49221788505253955
0.229542	0.49359175410155515
0.231538	0.4949155457496685
0.233534	0.4961900007868337
0.23553	0.49741526737104147
0.237526	0.4985917899762645
0.239522	0.49972016123446605
0.241518	0.5008003811456461
0.243514	0.5018333386577498
0.24551	0.502819033770777
0.247506	0.5037579109587002
0.249502	0.5046505628534828
0.251498	0.5054972857711064
0.253494	0.5062985241855438
0.25549	0.5070544262547854
0.257486	0.5077657327687857
0.259482	0.5084327400435261
0.261478	0.5090557443949885
0.263474	0.5096351902971452
0.26547	0.510171522223969
0.267466	0.5106650364914413
0.269462	0.511116029415544
0.271458	0.5115250936282402
0.273454	0.5118925254455118
0.27545	0.512218769341331
0.277446	0.5125039734736889
0.279442	0.5127488786325397
0.281438	0.5129534848178833
0.283434	0.513118236503692
0.28543	0.5132437263219296
0.287426	0.5133301024305865
0.289422	0.5133778093036355
0.291418	0.5133871432570581
0.293414	0.5133585487648269
0.29541	0.5132923221429235
0.297406	0.5131889078653206
0.299402	0.5130486022479995
0.301398	0.5128717016069422
0.303394	0.512658650416121
0.30539	0.5124098931495086
0.307386	0.5121255779650957
0.309382	0.5118061493368548
0.311378	0.5114520517387584
0.313374	0.5110635814867882
0.31537	0.5106408867389352
0.317366	0.5101845601271625
0.319362	0.5096950461254428
0.321358	0.5091723447337758
0.323354	0.5086170485841252
0.32535	0.5080294539924725
0.327346	0.5074098572747993
0.329342	0.5067585547470873
0.331338	0.5060758427253182
0.333334	0.5053623138414555
0.33533	0.504617968095499
0.337326	0.5038433981194121
0.339322	0.5030386039131949
0.341318	0.5022041781088106
0.343314	0.50134026886425
0.34531	0.5004473206534856
0.347306	0.4995256297924993
0.349302	0.4985753444392817
0.351298	0.4975969090678055
0.353294	0.49659061999405224
0.35529	0.4955567735340036
0.357286	0.49449566600364125
0.359282	0.4934075937189469
0.361278	0.49229300115389296
0.363274	0.4911520364664705
0.36527	0.4899849959726608
0.367266	0.48879217598844593
0.369262	0.4875740209877982
0.371258	0.48633082728669924
0.373254	0.4850625948851492
0.37525	0.4837700645731021
0.377246	0.4824532363505581
0.379242	0.4811124065334987
0.381238	0.4797480195958966
0.383234	0.4783602236957424
0.38523	0.476949315149018
0.387226	0.4755157384296957
0.389222	0.47405978985375735
0.391218	0.4725814694212028
0.393214	0.47108136976399545
0.39521	0.4695596390401262
0.397206	0.46801657356557674
0.399202	0.46645261781431935
0.401198	0.4648677717863543
0.403194	0.46326247995565395
0.40519	0.4616370386382
0.407186	0.45999174414997407
0.409182	0.4583267446489671
0.411178	0.4566424846091515
0.413174	0.45493896403052736
0.41517	0.45321677554505796
0.417166	0.4514760673107342
0.419162	0.4497169874855468
0.421158	0.44793998054346834
0.423154	0.4461450464844988
0.42515	0.44433277794060155
0.427146	0.4425031749117766
0.429142	0.44065668187199636
0.431138	0.43879344697925177
0.433134	0.43691376654952446
0.43513	0.4350179368987961
0.437126	0.4331061061850575
0.439122	0.4311785707242904
0.441118	0.4292356268324764
0.443114	0.4272774226676064
0.44511	0.4253044027036529
0.447106	0.42331671509860663
0.449102	0.4213146561684493
0.451098	0.41929837407117193
0.453094	0.41726831328074676
0.45509	0.4152244737971739
0.457086	0.4131674482524168
0.459082	0.4110970884884845
0.461078	0.4090139871373403
0.463074	0.40691829235697513
0.46507	0.40481015230537976
0.467066	0.4026900114565268
0.469062	0.40055786981041613
0.471058	0.39841402368302953
0.473054	0.3962589175483394
0.47505	0.39409255140634586
0.477046	0.39191507341503956
0.479042	0.389727076206384
0.481038	0.3875284116223883
0.483034	0.385319524137025
0.48503	0.38310056190828484
0.487026	0.3808716730941588
0.489022	0.37863330216861923
0.491018	0.3763854491316662
0.493014	0.3741285584572723
0.49501	0.3718627783034282
0.497006	0.3695884049861156
0.499002	0.3673055866633255
0.500999	0.36501461965103943
0.502995	0.3627158002652391
0.504991	0.3604091285059245
0.506987	0.3580950488470681
0.508983	0.35577385760465163
0.510979	0.35344555477867506
0.512975	0.3511104366851201
0.514971	0.3487687996399683
0.516967	0.3464209399592015
0.518963	0.34406670948482876
0.520959	0.34170670084881344
0.522955	0.3393409140511555
0.524951	0.33696964540783675
0.526947	0.33459304307684784
0.528943	0.3322114033741706
0.530939	0.32982502261578656
0.532935	0.3274339008016958
0.534931	0.32503833424788003
0.536927	0.3226386192703209
0.538923	0.3202349040270091
0.540919	0.31782748483392653
0.542915	0.3154165098490639
0.544911	0.313002127230412
0.546907	0.3105846332939526
0.548903	0.30816432435566726
0.550899	0.30574134857354696
0.552895	0.3033158541055825
0.554891	0.3008881372677554
0.556887	0.29845834621805667
0.558883	0.2960266291144771
0.560879	0.29359343043098907
0.562875	0.29115875016759285
0.564871	0.288722736482279
0.566867	0.2862858338490202
0.568863	0.2838480422678163
0.570859	0.28140980621263995
0.572855	0.2789709775255002
0.574851	0.2765320006803697
0.576847	0.2740930238352392
0.578843	0.27165434330609034
0.580839	0.2692159590929231
0.582835	0.2667781675117193
0.584831	0.26434126487846044
0.586827	0.2619052511931466
0.588823	0.2594705709297503
0.590819	0.2570372240882715
0.592815	0.2546055069846919
0.594811	0.25217556777700234
0.596807	0.24974755462319365
0.598803	0.24732191199723824
0.600799	0.24489849174114545
0.602795	0.24247773832888767
0.604791	0.24005979991845572
0.606787	0.2376448246678405
0.608783	0.23523296073503283
0.610779	0.23282450443601438
0.612775	0.23041960392877597
0.614771	0.22801840737130843
0.616767	0.22562121107959346
0.618763	0.22322816321162187
0.620759	0.22083926376739366
0.622755	0.2184551053788722
0.624751	0.21607539173007578
0.626747	0.21370071545296776
0.628743	0.21133107654754815
0.630739	0.20896662317180778
0.632735	0.20660765164172828
0.634731	0.20425431011530057
0.636727	0.20190674675051543
0.638723	0.1995649615473728
0.640719	0.19722954713783616
0.642715	0.1949003553639146
0.644711	0.19257768254158975
0.646707	0.1902616768288525
0.648703	0.1879526345416845
0.650699	0.1856505556800858
0.652695	0.18335588471802886
0.654691	0.18106847349752284
0.656687	0.17878876649254022
0.658683	0.17651676370308106
0.660679	0.17425276144512702
0.662675	0.17199690787666888
0.664671	0.16974949931368838
0.666667	0.16751053575618552
0.668663	0.16528031352014189
0.670659	0.16305883260555756
0.672655	0.16084653748640504
0.674651	0.15864342816268429
0.676647	0.15644965279238615
0.678643	0.15426535953350148
0.680639	0.15209084470201195
0.682635	0.14992610829791753
0.684631	0.14777149108459717
0.686627	0.1456270523252472
0.688623	0.1434929698094566
0.690619	0.1413694361426135
0.692615	0.13925661429850777
0.694611	0.13715468206672843
0.696607	0.13506380242106542
0.698603	0.1329841679669068
0.700599	0.1309159416780425
0.702595	0.12885928652826242
0.704591	0.1268143803071556
0.706587	0.12478138598851192
0.708583	0.12276048136192041
0.710579	0.12075179976957283
0.712575	0.11875553381685722
0.714571	0.11677183166176444
0.716567	0.11480084146228534
0.718563	0.11284271137641073
0.720559	0.11089761919372963
0.722555	0.1089656982564338
0.724551	0.10704711153831314
0.726547	0.1051420071973585
0.728543	0.10325053339156069
0.730539	0.10137283827891058
0.732535	0.09950908483319805
0.734531	0.09765942121241397
0.736527	0.09582399557454915
0.738523	0.09400295607759444
0.740519	0.09219645087954069
0.742515	0.09040464295417777
0.744511	0.0886276508278984
0.746507	0.08686565229029156
0.748503	0.08511876586774991
0.750499	0.08338712490246522
0.752495	0.0816708923682274
0.754491	0.07997020160722819
0.756487	0.07828518596165937
0.758483	0.07661596395791359
0.760479	0.07496269856978076
0.762475	0.07332549350785449
0.764471	0.07170448211432649
0.766467	0.07009981254718765
0.768463	0.0685116033328306
0.770459	0.066939972997648
0.772455	0.06538505488383166
0.774451	0.06384698233357326
0.776447	0.06232585905746644
0.778443	0.06082181839770292
0.780439	0.05933497888067537
0.782435	0.05786544421697739
0.784431	0.05641334774880072
0.786427	0.05497879318673895
0.788423	0.053561899057184746
0.790419	0.052162769070731696
0.792415	0.05078152175377246
0.794411	0.04941824600110154
0.796407	0.048073045523312534
0.798403	0.0467460388467981
0.800399	0.04543730005055366
0.802395	0.04414694766097187
0.804391	0.04287505575704816
0.806387	0.04162172804937612
0.808383	0.04038705343275024
0.810379	0.03917110598616594
0.812375	0.03797397460441772
0.814371	0.03679574818230008
0.816367	0.035636485983009364
0.818363	0.03449627690134006
0.820359	0.03337519501628759
0.822355	0.03227328477524921
0.824351	0.031190635073019415
0.826347	0.030127290356995462
0.828343	0.029083295074574602
0.830339	0.028058723304752238
0.832335	0.027053619494925636
0.834332	0.02606801327669296
0.836328	0.02510194909745146
0.838324	0.024155456588799296
0.84032	0.023228565382334643
0.842316	0.022321305109655666
0.844312	0.021433675770762366
0.846308	0.020565721813051992
0.848304	0.01971742842072546
0.8503	0.018888810409581853
0.852296	0.018079852963822092
0.854292	0.017290556083446172
0.856288	0.016520890136855926
0.858284	0.01577085512405136
0.86028	0.015040406597635217
0.862276	0.014329519370749057
0.864272	0.013638147514415723
0.866268	0.012966243618078145
0.868264	0.012313749900119898
0.87026	0.011680602652604923
0.872256	0.011066727796537803
0.874252	0.010472046808183394
0.876248	0.009896469311167286
0.878244	0.00933989900279544
0.88024	0.008802227727734542
0.882236	0.008283338441171833
0.884232	0.007783106690395013
0.886228	0.007301391725312786
0.888224	0.006838046869514228
0.89022	0.006392912112369235
0.892216	0.005965817072188347
0.894212	0.005556578033062928
0.896208	0.005165000908024984
0.898204	0.004790881239047162
0.9002	0.004433998270723117
0.902196	0.004094120876587147
0.904192	0.0037710031143744654
0.906188	0.0034643797812814758
0.908184	0.0031739767850251337
0.91018	0.002899500772783585
0.912176	0.002640645057515801
0.914172	0.0023970851732218524
0.916168	0.002168484801262543
0.918164	0.0019544942887795014
0.92016	0.0017547432407956395
0.922156	0.0015688494096946022
0.924152	0.001396413065217116
0.926148	0.0012370135868271992
0.928144	0.0010902150937158145
0.93014	0.0009555645187469879
0.932136	0.0008325929418797254
0.934132	0.0007208167754319407
0.936128	0.0006197380603964362
0.938124	0.0005288447627568855
0.94012	0.00044761225506774065
0.942116	0.00037550183487432455
0.944112	0.0003119596876068949
0.946108	0.000256417034738635
0.948104	0.00020829265247149803
0.9501	0.00016699627936999622
0.952096	0.00013193223141617715
0.954092	0.0001025032244857875
0.956088	0.00007811496724598871
0.958084	0.00005818140594823273
0.96008	0.000042131184116662346
0.962076	0.000029417480238702676
0.964072	0.000019532542063962102
0.966068	0.00001201830508743543
0.968064	6.464786516883251e-6
0.97006	2.5083621953985135e-6
0.972056	-1.7048139978841471e-7
0.974052	-1.84933471004443e-6
0.976048	-2.766243031086601e-6
0.978044	-3.1222370514656337e-6
0.98004	-3.0841693373004143e-6
0.982036	-2.7881867111092156e-6
0.984032	-2.3442357363109966e-6
0.986028	-1.8398822302291388e-6
0.988024	-1.3418593669376816e-6
0.99002	-8.976073351020854e-7
0.992016	-5.36845442419982e-7
0.994012	-2.732600796107632e-7
0.996008	-1.063419387651335e-7
0.998004	-2.2983867644671082e-8