1.e-6	64.95493	64.95483	64.95473	64.95473
1.02796e-6	64.16365	64.16355	64.16345	64.16345
1.056701e-6	63.38135	63.38124	63.38114	63.38114
1.086246e-6	62.60792	62.60782	62.60771	62.60771
1.116617e-6	61.84329	61.84318	61.84307	61.84307
1.147837e-6	61.08735	61.08724	61.08712	61.08712
1.17993e-6	60.34001	60.33989	60.33978	60.33978
1.21292e-6	59.60118	59.60106	59.60095	59.60095
1.246833e-6	58.87077	58.87065	58.87053	58.87053
1.281694e-6	58.14869	58.14857	58.14845	58.14845
1.31753e-6	57.43485	57.43473	57.43461	57.43461
1.354368e-6	56.72917	56.72905	56.72892	56.72892
1.392235e-6	56.03156	56.03143	56.0313	56.0313
1.431161e-6	55.34193	55.3418	55.34166	55.34166
1.471176e-6	54.66019	54.66006	54.65993	54.65993
1.51231e-6	53.98627	53.98614	53.986	53.986
1.554593e-6	53.32008	53.31994	53.3198	53.3198
1.598059e-6	52.66154	52.66139	52.66125	52.66125
1.64274e-6	52.01056	52.01041	52.01027	52.01027
1.68867e-6	51.36706	51.36691	51.36676	51.36676
1.735885e-6	50.73097	50.73082	50.73067	50.73067
1.78442e-6	50.10221	50.10205	50.1019	50.1019
1.834311e-6	49.48069	49.48053	49.48037	49.48037
1.885598e-6	48.86634	48.86618	48.86601	48.86601
1.938319e-6	48.25908	48.25891	48.25875	48.25875
1.992513e-6	47.65884	47.65867	47.6585	47.6585
2.048223e-6	47.06554	47.06536	47.06519	47.06519
2.105491e-6	46.4791	46.47892	46.47874	46.47874
2.164359e-6	45.89946	45.89927	45.89909	45.89909
2.224874e-6	45.32653	45.32634	45.32616	45.32616
2.28708e-6	44.76025	44.76006	44.75987	44.75987
2.351026e-6	44.20054	44.20035	44.20016	44.20016
2.41676e-6	43.64734	43.64714	43.64695	43.64695
2.484332e-6	43.10057	43.10037	43.10017	43.10017
2.553793e-6	42.56017	42.55996	42.55975	42.55975
2.625196e-6	42.02606	42.02585	42.02563	42.02563
2.698595e-6	41.49817	41.49796	41.49774	41.49774
2.774047e-6	40.97645	40.97623	40.97601	40.97601
2.851608e-6	40.46082	40.46059	40.46037	40.46037
2.931338e-6	39.95121	39.95098	39.95075	39.95075
3.013297e-6	39.44757	39.44733	39.44709	39.44709
3.097547e-6	38.94982	38.94958	38.94933	38.94933
3.184154e-6	38.4579	38.45765	38.45741	38.45741
3.273181e-6	37.97175	37.9715	37.97125	37.97125
3.364698e-6	37.49131	37.49105	37.49079	37.49079
3.458774e-6	37.0165	37.01624	37.01598	37.01598
3.55548e-6	36.54729	36.54702	36.54675	36.54675
3.65489e-6	36.08359	36.08331	36.08304	36.08304
3.757079e-6	35.62535	35.62507	35.62479	35.62479
3.862125e-6	35.17251	35.17223	35.17194	35.17194
3.970109e-6	34.72502	34.72472	34.72443	34.72443
4.081111e-6	34.2828	34.28251	34.28221	34.28221
4.195218e-6	33.84582	33.84551	33.84521	33.84521
4.312514e-6	33.414	33.41369	33.41337	33.41337
4.43309e-6	32.98729	32.98697	32.98665	32.98665
4.557038e-6	32.56564	32.56531	32.56499	32.56499
4.684451e-6	32.14898	32.14865	32.14832	32.14832
4.815426e-6	31.73727	31.73693	31.73659	31.73659
4.950064e-6	31.33045	31.33011	31.32976	31.32976
5.088465e-6	30.92847	30.92811	30.92776	30.92776
5.230737e-6	30.53127	30.53091	30.53054	30.53054
5.376986e-6	30.1388	30.13843	30.13806	30.13806
5.527325e-6	29.751	29.75062	29.75025	29.75025
5.681866e-6	29.36784	29.36745	29.36706	29.36706
5.840729e-6	28.98924	28.98885	28.98845	28.98845
6.004034e-6	28.61517	28.61477	28.61437	28.61437
6.171904e-6	28.24558	28.24517	28.24475	28.24475
6.344468e-6	27.88041	27.87999	27.87957	27.87957
6.521857e-6	27.51961	27.51918	27.51875	27.51875
6.704205e-6	27.16314	27.1627	27.16226	27.16226
6.891652e-6	26.81095	26.8105	26.81006	26.81006
7.08434e-6	26.46299	26.46253	26.46208	26.46208
7.282415e-6	26.11922	26.11875	26.11828	26.11828
7.486029e-6	25.77958	25.7791	25.77862	25.77862
7.695335e-6	25.44403	25.44354	25.44305	25.44305
7.910494e-6	25.11253	25.11203	25.11153	25.11153
8.131668e-6	24.78502	24.78451	24.78401	24.78401
8.359026e-6	24.46148	24.46096	24.46044	24.46044
8.592741e-6	24.14184	24.14131	24.14078	24.14078
8.832991e-6	23.82607	23.82553	23.82499	23.82499
9.079958e-6	23.51413	23.51357	23.51302	23.51302
9.33383e-6	23.20596	23.2054	23.20483	23.20483
9.5948e-6	22.90154	22.90096	22.90038	22.90038
9.863067e-6	22.60081	22.60022	22.59963	22.59963
0.00001013883	22.30374	22.30314	22.30253	22.30253
0.00001042231	22.01028	22.00966	22.00905	22.00905
0.00001071372	21.72039	21.71976	21.71913	21.71913
0.00001101327	21.43404	21.4334	21.43275	21.43275
0.00001132119	21.15118	21.15052	21.14987	21.14987
0.00001163773	20.87178	20.8711	20.87043	20.87043
0.00001196312	20.59579	20.5951	20.59441	20.59441
0.0000122976	20.32317	20.32247	20.32177	20.32177
0.00001264144	20.05389	20.05318	20.05246	20.05246
0.00001299489	19.78792	19.78719	19.78645	19.78645
0.00001335822	19.5252	19.52446	19.52371	19.52371
0.00001373171	19.26571	19.26495	19.26419	19.26419
0.00001411564	19.00941	19.00863	19.00786	19.00786
0.00001451031	18.75627	18.75547	18.75468	18.75468
0.00001491601	18.50624	18.50542	18.50461	18.50461
0.00001533306	18.25929	18.25846	18.25763	18.25763
0.00001576176	18.01539	18.01454	18.01369	18.01369
0.00001620246	17.7745	17.77363	17.77276	17.77276
0.00001665547	17.53658	17.5357	17.53481	17.53481
0.00001712115	17.30161	17.30071	17.29981	17.29981
0.00001759985	17.06955	17.06863	17.06771	17.06771
0.00001809194	16.84037	16.83943	16.83848	16.83848
0.00001859778	16.61403	16.61306	16.6121	16.6121
0.00001911777	16.3905	16.38951	16.38853	16.38853
0.00001965229	16.16974	16.16874	16.16774	16.16774
0.00002020176	15.95174	15.95072	15.94969	15.94969
0.00002076659	15.73645	15.7354	15.73436	15.73436
0.00002134722	15.52384	15.52278	15.52171	15.52171
0.00002194408	15.31389	15.3128	15.31171	15.31171
0.00002255763	15.10656	15.10545	15.10433	15.10433
0.00002318833	14.90182	14.90069	14.89955	14.89955
0.00002383667	14.69965	14.69849	14.69732	14.69732
0.00002450313	14.5	14.49882	14.49763	14.49763
0.00002518823	14.30287	14.30165	14.30044	14.30044
0.00002589248	14.1082	14.10696	14.10572	14.10572
0.00002661642	13.91598	13.91472	13.91345	13.91345
0.00002736061	13.72618	13.72489	13.7236	13.7236
0.0000281256	13.53877	13.53745	13.53613	13.53613
0.00002891198	13.35372	13.35237	13.35102	13.35102
0.00002972035	13.171	13.16963	13.16825	13.16825
0.00003055132	12.99059	12.98919	12.98778	12.98778
0.00003140552	12.81246	12.81103	12.8096	12.8096
0.00003228361	12.63659	12.63512	12.63366	12.63366
0.00003318624	12.46294	12.46145	12.45995	12.45995
0.00003411412	12.2915	12.28997	12.28844	12.28844
0.00003506793	12.12223	12.12067	12.11911	12.11911
0.00003604842	11.95511	11.95352	11.95192	11.95192
0.00003705632	11.79011	11.78849	11.78686	11.78686
0.0000380924	11.62722	11.62556	11.6239	11.6239
0.00003915745	11.4664	11.46471	11.46301	11.46301
0.00004025227	11.30764	11.30591	11.30418	11.30418
0.00004137771	11.1509	11.14913	11.14736	11.14736
0.00004253462	10.99616	10.99436	10.99255	10.99255
0.00004372387	10.84341	10.84156	10.83972	10.83972
0.00004494637	10.69261	10.69073	10.68885	10.68885
0.00004620305	10.54374	10.54182	10.5399	10.5399
0.00004749487	10.39679	10.39483	10.39287	10.39287
0.00004882281	10.25172	10.24972	10.24772	10.24772
0.00005018787	10.10852	10.10648	10.10444	10.10444
0.00005159111	9.967167	9.965079	9.962994	9.962994
0.00005303357	9.827633	9.825502	9.823372	9.823372
0.00005451637	9.6899	9.687724	9.68555	9.68555
0.00005604063	9.553946	9.551725	9.549505	9.549505
0.0000576075	9.419751	9.417483	9.415216	9.415216
0.00005921818	9.287293	9.284977	9.282663	9.282663
0.0000608739	9.156551	9.154187	9.151825	9.151825
0.00006257591	9.027506	9.025093	9.022681	9.022681
0.00006432551	8.900137	8.897673	8.89521	8.89521
0.00006612403	8.774424	8.771908	8.769394	8.769394
0.00006797283	8.650347	8.647779	8.645213	8.645213
0.00006987332	8.527887	8.525266	8.522646	8.522646
0.00007182695	8.407025	8.404349	8.401674	8.401674
0.0000738352	8.287742	8.285009	8.282278	8.282278
0.00007589961	8.170018	8.167228	8.16444	8.16444
0.00007802173	8.053834	8.050987	8.048141	8.048141
0.00008020319	7.939174	7.936267	7.933361	7.933361
0.00008244563	7.826017	7.82305	7.820084	7.820084
0.00008475078	7.714347	7.711317	7.70829	7.70829
0.00008712038	7.604145	7.601052	7.597961	7.597961
0.00008955623	7.495394	7.492237	7.489081	7.489081
0.00009206019	7.388076	7.384853	7.381632	7.381632
0.00009463415	7.282173	7.278884	7.275596	7.275596
0.00009728009	7.17767	7.174312	7.170956	7.170956
0.0001	7.074549	7.071121	7.067695	7.067695
0.000102796	6.972793	6.969294	6.965796	6.965796
0.0001056701	6.872386	6.868814	6.865244	6.865244
0.0001086246	6.773311	6.769665	6.766021	6.766021
0.0001116617	6.675553	6.671831	6.668112	6.668112
0.0001147837	6.579095	6.575296	6.5715	6.5715
0.000117993	6.483922	6.480045	6.476169	6.476169
0.000121292	6.390018	6.38606	6.382104	6.382104
0.0001246833	6.297368	6.293328	6.28929	6.28929
0.0001281694	6.205956	6.201832	6.197711	6.197711
0.000131753	6.115768	6.111559	6.107352	6.107352
0.0001354368	6.026788	6.022492	6.018198	6.018198
0.0001392235	5.939001	5.934617	5.930234	5.930234
0.0001431161	5.852394	5.847919	5.843446	5.843446
0.0001471176	5.766952	5.762385	5.757819	5.757819
0.000151231	5.682661	5.677999	5.673339	5.673339
0.0001554593	5.599506	5.594747	5.589992	5.589992
0.0001598059	5.517473	5.512617	5.507763	5.507763
0.000164274	5.43655	5.431593	5.42664	5.42664
0.000168867	5.356721	5.351663	5.346607	5.346607
0.0001735885	5.277975	5.272813	5.267653	5.267653
0.000178442	5.200297	5.195029	5.189762	5.189762
0.0001834311	5.123675	5.118298	5.112924	5.112924
0.0001885598	5.048095	5.042608	5.037123	5.037123
0.0001938319	4.973545	4.967945	4.962347	4.962347
0.0001992513	4.900012	4.894297	4.888584	4.888584
0.0002048223	4.827484	4.821651	4.815821	4.815821
0.0002105491	4.755947	4.749995	4.744045	4.744045
0.0002164359	4.685391	4.679316	4.673245	4.673245
0.0002224874	4.615802	4.609603	4.603407	4.603407
0.000228708	4.547169	4.540843	4.53452	4.53452
0.0002351026	4.47948	4.473025	4.466572	4.466572
0.000241676	4.412724	4.406136	4.399551	4.399551
0.0002484332	4.346888	4.340165	4.333446	4.333446
0.0002553793	4.281961	4.275101	4.268245	4.268245
0.0002625196	4.217933	4.210933	4.203936	4.203936
0.0002698595	4.154792	4.147649	4.140509	4.140509
0.0002774047	4.092527	4.085238	4.077952	4.077952
0.0002851608	4.031126	4.023689	4.016255	4.016255
0.0002931338	3.97058	3.962991	3.955406	3.955406
0.0003013297	3.910878	3.903134	3.895394	3.895394
0.0003097547	3.852009	3.844108	3.83621	3.83621
0.0003184154	3.793963	3.785901	3.777842	3.777842
0.0003273181	3.73673	3.728503	3.720281	3.720281
0.0003364698	3.680299	3.671905	3.663515	3.663515
0.0003458774	3.62466	3.616096	3.607536	3.607536
0.000355548	3.569804	3.561066	3.552332	3.552332
0.000365489	3.515721	3.506806	3.497894	3.497894
0.0003757079	3.462401	3.453305	3.444212	3.444212
0.0003862125	3.409835	3.400554	3.391277	3.391277
0.0003970109	3.358013	3.348544	3.339079	3.339079
0.0004081111	3.306926	3.297265	3.287608	3.287608
0.0004195218	3.256564	3.246708	3.236856	3.236856
0.0004312514	3.20692	3.196863	3.186812	3.186812
0.000443309	3.157983	3.147723	3.137468	3.137468
0.0004557038	3.109744	3.099277	3.088815	3.088815
0.0004684451	3.062196	3.051517	3.040844	3.040844
0.0004815426	3.015329	3.004435	2.993546	2.993546
0.0004950064	2.969135	2.958021	2.946913	2.946913
0.0005088465	2.923605	2.912267	2.900935	2.900935
0.0005230737	2.878732	2.867165	2.855604	2.855604
0.0005376986	2.834506	2.822706	2.810913	2.810913
0.0005527325	2.79092	2.778883	2.766852	2.766852
0.0005681866	2.747965	2.735686	2.723413	2.723413
0.0005840729	2.705635	2.693109	2.680589	2.680589
0.0006004034	2.66392	2.651143	2.638371	2.638371
0.0006171904	2.622814	2.609779	2.596751	2.596751
0.0006344468	2.582308	2.569012	2.555722	2.555722
0.0006521857	2.542395	2.528832	2.515276	2.515276
0.0006704205	2.503068	2.489233	2.475405	2.475405
0.0006891652	2.464319	2.450207	2.436102	2.436102
0.000708434	2.426141	2.411746	2.397359	2.397359
0.0007282415	2.388527	2.373844	2.359169	2.359169
0.0007486029	2.351469	2.336493	2.321524	2.321524
0.0007695335	2.314961	2.299686	2.284418	2.284418
0.0007910494	2.278996	2.263416	2.247843	2.247843
0.0008131668	2.243567	2.227676	2.211792	2.211792
0.0008359026	2.208668	2.192459	2.176258	2.176258
0.0008592741	2.174291	2.157759	2.141235	2.141235
0.0008832991	2.14043	2.123569	2.106716	2.106716
0.0009079958	2.107079	2.089882	2.072694	2.072694
0.000933383	2.074232	2.056692	2.039162	2.039162
0.00095948	2.041881	2.023993	2.006113	2.006113
0.0009863067	2.010021	1.991778	1.973543	1.973543
0.001013883	1.978646	1.96004	1.941443	1.941443
0.001042231	1.94775	1.928774	1.909808	1.909808
0.001071372	1.917326	1.897974	1.878631	1.878631
0.001101327	1.887369	1.867633	1.847907	1.847907
0.001132119	1.857873	1.837746	1.817629	1.817629
0.001163773	1.828832	1.808307	1.787791	1.787791
0.001196312	1.800241	1.77931	1.758388	1.758388
0.00122976	1.772094	1.750749	1.729413	1.729413
0.001264144	1.744385	1.722618	1.700861	1.700861
0.001299489	1.71711	1.694913	1.672726	1.672726
0.001335822	1.690262	1.667627	1.645003	1.645003
0.001373171	1.663837	1.640756	1.617685	1.617685
0.001411564	1.63783	1.614293	1.590767	1.590767
0.001451031	1.612234	1.588234	1.564244	1.564244
0.001491601	1.587046	1.562573	1.538111	1.538111
0.001533306	1.562259	1.537305	1.512362	1.512362
0.001576176	1.53787	1.512425	1.486992	1.486992
0.001620246	1.513874	1.487929	1.461995	1.461995
0.001665547	1.490265	1.46381	1.437368	1.437368
0.001712115	1.467039	1.440065	1.413104	1.413104
0.001759985	1.444191	1.416688	1.389198	1.389198
0.001809194	1.421717	1.393676	1.365647	1.365647
0.001859778	1.399612	1.371022	1.342444	1.342444
0.001911777	1.377873	1.348722	1.319585	1.319585
0.001965229	1.356493	1.326773	1.297065	1.297065
0.002020176	1.33547	1.305168	1.274881	1.274881
0.002076659	1.314799	1.283905	1.253026	1.253026
0.002134722	1.294475	1.262979	1.231496	1.231496
0.002194408	1.274495	1.242384	1.210288	1.210288
0.002255763	1.254855	1.222118	1.189396	1.189396
0.002318833	1.235551	1.202176	1.168816	1.168816
0.002383667	1.216578	1.182553	1.148544	1.148544
0.002450313	1.197933	1.163247	1.128576	1.128576
0.002518823	1.179612	1.144251	1.108907	1.108907
0.002589248	1.161612	1.125564	1.089532	1.089532
0.002661642	1.143928	1.107181	1.070449	1.070449
0.002736061	1.126558	1.089097	1.051653	1.051653
0.00281256	1.109497	1.07131	1.03314	1.03314
0.002891198	1.092742	1.053815	1.014905	1.014905
0.002972035	1.07629	1.036609	0.996946	0.996946
0.003055132	1.060137	1.019688	0.9792578	0.9792578
0.003140552	1.04428	1.003049	0.9618369	0.9618369
0.003228361	1.028716	0.9866887	0.9446797	0.9446797
0.003318624	1.013442	0.9706026	0.9277823	0.9277823
0.003411412	0.9984536	0.9547879	0.9111412	0.9111412
0.003506793	0.983749	0.9392411	0.8947527	0.8947527
0.003604842	0.9693247	0.9239591	0.8786132	0.8786132
0.003705632	0.9551778	0.9089385	0.8627193	0.8627193
0.00380924	0.9413054	0.8941761	0.8470674	0.8470674
0.003915745	0.9277046	0.879669	0.8316541	0.8316541
0.004025227	0.9143727	0.8654138	0.8164761	0.8164761
0.004137771	0.9013069	0.8514076	0.80153	0.80153
0.004253462	0.8885045	0.8376475	0.7868125	0.7868125
0.004372387	0.8759629	0.8241304	0.7723204	0.7723204
0.004494637	0.8636795	0.8108535	0.7580504	0.7580504
0.004620305	0.8516517	0.797814	0.7439995	0.7439995
0.004749487	0.8398772	0.785009	0.7301644	0.7301644
0.004882281	0.8283535	0.7724358	0.7165422	0.7165422
0.005018787	0.8170783	0.7600918	0.7031297	0.7031297
0.005159111	0.8060491	0.7479741	0.689924	0.689924
0.005303357	0.7952639	0.7360804	0.6769222	0.6769222
0.005451637	0.7847203	0.7244079	0.6641213	0.6641213
0.005604063	0.7744162	0.7129542	0.6515184	0.6515184
0.00576075	0.7643495	0.7017168	0.6391108	0.6391108
0.005921818	0.7545181	0.6906933	0.6268956	0.6268956
0.00608739	0.7449201	0.6798813	0.6148701	0.6148701
0.006257591	0.7355535	0.6692785	0.6030316	0.6030316
0.006432551	0.7264163	0.6588826	0.5913774	0.5913774
0.006612403	0.7175068	0.6486913	0.5799049	0.5799049
0.006797283	0.7088231	0.6387025	0.5686114	0.5686114
0.006987332	0.7003635	0.6289139	0.5574944	0.5574944
0.007182695	0.6921263	0.6193236	0.5465515	0.5465515
0.00738352	0.6841097	0.6099293	0.53578	0.53578
0.007589961	0.6763122	0.6007291	0.5251776	0.5251776
0.007802173	0.6687323	0.5917209	0.5147418	0.5147418
0.008020319	0.6613684	0.5829029	0.5044702	0.5044702
0.008244563	0.6542189	0.5742731	0.4943606	0.4943606
0.008475078	0.6472826	0.5658297	0.4844105	0.4844105
0.008712038	0.640558	0.5575707	0.4746177	0.4746177
0.008955623	0.6340438	0.5494945	0.46498	0.46498
0.009206019	0.6277387	0.5415993	0.4554952	0.4554952
0.009463415	0.6216414	0.5338833	0.4461611	0.4461611
0.009728009	0.6157507	0.5263449	0.4369755	0.4369755
0.01	0.6100655	0.5189824	0.4279363	0.4279363
0.0102796	0.6045847	0.5117943	0.4190414	0.4190414
0.01056701	0.5993071	0.504779	0.4102889	0.4102889
0.01086246	0.5942317	0.4979349	0.4016766	0.4016766
0.01116617	0.5893575	0.4912606	0.3932027	0.3932027
0.01147837	0.5846835	0.4847545	0.384865	0.384865
0.0117993	0.5802088	0.4784154	0.3766618	0.3766618
0.0121292	0.5759325	0.4722416	0.3685911	0.3685911
0.01246833	0.5718538	0.466232	0.3606511	0.3606511
0.01281694	0.5679717	0.4603852	0.3528399	0.3528399
0.0131753	0.5642856	0.4546998	0.3451557	0.3451557
0.01354368	0.5607946	0.4491747	0.3375967	0.3375967
0.01392235	0.557498	0.4438085	0.3301612	0.3301612
0.01431161	0.5543951	0.4386	0.3228475	0.3228475
0.01471176	0.5514851	0.4335481	0.3156539	0.3156539
0.0151231	0.5487675	0.4286515	0.3085787	0.3085787
0.01554593	0.5462415	0.4239092	0.3016202	0.3016202
0.01598059	0.5439066	0.41932	0.294777	0.294777
0.0164274	0.5417621	0.4148828	0.2880473	0.2880473
0.0168867	0.5398074	0.4105966	0.2814296	0.2814296
0.01735885	0.5380419	0.4064602	0.2749224	0.2749224
0.0178442	0.5364651	0.4024727	0.2685242	0.2685242
0.01834311	0.5350762	0.398633	0.2622335	0.2622335
0.01885598	0.5338749	0.39494	0.2560488	0.2560488
0.01938319	0.5328604	0.3913928	0.2499687	0.2499687
0.01992513	0.5320321	0.3879904	0.2439919	0.2439919
0.02048223	0.5313895	0.3847317	0.2381169	0.2381169
0.02105491	0.5309319	0.3816158	0.2323423	0.2323423
0.02164359	0.5306586	0.3786416	0.2266669	0.2266669
0.02224874	0.530569	0.3758083	0.2210892	0.2210892
0.0228708	0.5306623	0.3731147	0.2156081	0.2156081
0.02351026	0.5309378	0.3705598	0.2102223	0.2102223
0.0241676	0.5313946	0.3681427	0.2049304	0.2049304
0.02484332	0.5320319	0.3658623	0.1997314	0.1997314
0.02553793	0.5328488	0.3637174	0.1946239	0.1946239
0.02625196	0.5338441	0.3617071	0.1896069	0.1896069
0.02698595	0.535017	0.3598302	0.184679	0.184679
0.02774047	0.5363661	0.3580855	0.1798393	0.1798393
0.02851608	0.5378902	0.3564719	0.1750866	0.1750866
0.02931338	0.539588	0.3549881	0.1704198	0.1704198
0.03013297	0.5414578	0.3536327	0.1658378	0.1658378
0.03097547	0.5434981	0.3524046	0.1613395	0.1613395
0.03184154	0.5457071	0.3513022	0.1569239	0.1569239
0.03273181	0.5480828	0.350324	0.1525901	0.1525901
0.03364698	0.5506231	0.3494686	0.1483369	0.1483369
0.03458774	0.5533257	0.3487342	0.1441634	0.1441634
0.0355548	0.5561882	0.3481191	0.1400686	0.1400686
0.0365489	0.5592077	0.3476216	0.1360517	0.1360517
0.03757079	0.5623813	0.3472395	0.1321115	0.1321115
0.03862125	0.5657058	0.3469709	0.1282473	0.1282473
0.03970109	0.5691776	0.3468135	0.1244582	0.1244582
0.04081111	0.5727931	0.3467651	0.1207432	0.1207432
0.04195218	0.5765481	0.3468231	0.1171014	0.1171014
0.04312514	0.5804382	0.3469849	0.1135321	0.1135321
0.0443309	0.5844586	0.3472477	0.1100344	0.1100344
0.04557038	0.5886042	0.3476085	0.1066074	0.1066074
0.04684451	0.5928693	0.348064	0.1032504	0.1032504
0.04815426	0.5972481	0.348611	0.09996257	0.09996257
0.04950064	0.601734	0.3492457	0.0967431	0.0967431
0.05088465	0.6063203	0.3499645	0.09359123	0.09359123
0.05230737	0.6109994	0.350763	0.09050622	0.09050622
0.05376986	0.6157636	0.3516372	0.08748732	0.08748732
0.05527325	0.6206044	0.3525823	0.08453379	0.08453379
0.05681866	0.6255129	0.3535935	0.08164491	0.08164491
0.05840729	0.6304794	0.3546657	0.07881998	0.07881998
0.06004034	0.6354939	0.3557934	0.07605829	0.07605829
0.06171904	0.6405457	0.356971	0.07335915	0.07335915
0.06344468	0.6456234	0.3581924	0.07072189	0.07072189
0.06521857	0.6507152	0.3594514	0.06814582	0.06814582
0.06704205	0.6558086	0.3607413	0.0656303	0.0656303
0.06891652	0.6608906	0.3620554	0.06317466	0.06317466
0.0708434	0.6659475	0.3633864	0.06077826	0.06077826
0.07282415	0.670965	0.3647269	0.05844045	0.05844045
0.07486029	0.6759283	0.3660691	0.0561606	0.0561606
0.07695335	0.6808217	0.3674049	0.05393809	0.05393809
0.07910494	0.685629	0.368726	0.05177228	0.05177228
0.08131668	0.6903336	0.3700235	0.04966257	0.04966257
0.08359026	0.6949179	0.3712885	0.04760833	0.04760833
0.08592741	0.6993639	0.3725117	0.04560896	0.04560896
0.08832991	0.703653	0.3736834	0.04366385	0.04366385
0.09079958	0.7077657	0.3747936	0.04177238	0.04177238
0.0933383	0.7116822	0.3758322	0.03993397	0.03993397
0.095948	0.7153822	0.3767886	0.03814799	0.03814799
0.09863067	0.7188446	0.3776521	0.03641386	0.03641386
0.1013883	0.722048	0.3784117	0.03473096	0.03473096
0.1042231	0.7249703	0.379056	0.03309869	0.03309869
0.1071372	0.7275893	0.3795737	0.03151645	0.03151645
0.1101327	0.7298822	0.379953	0.02998361	0.02998361
0.1132119	0.731826	0.3801823	0.02849958	0.02849958
0.1163773	0.7333975	0.3802497	0.02706373	0.02706373
0.1196312	0.7345732	0.3801431	0.02567543	0.02567543
0.122976	0.7353298	0.3798506	0.02433407	0.02433407
0.1264144	0.7356439	0.3793602	0.023039	0.023039
0.1299489	0.7354923	0.3786601	0.02178958	0.02178958
0.1335822	0.734852	0.3777385	0.02058517	0.02058517
0.1373171	0.7337004	0.3765837	0.0194251	0.0194251
0.1411564	0.7320153	0.3751844	0.01830872	0.01830872
0.1451031	0.7297754	0.3735297	0.01723533	0.01723533
0.1491601	0.7269598	0.3716087	0.01620425	0.01620425
0.1533306	0.7235487	0.3694113	0.01521479	0.01521479
0.1576176	0.7195234	0.3669277	0.01426623	0.01426623
0.1620246	0.7148663	0.3641488	0.01335785	0.01335785
0.1665547	0.7095612	0.3610661	0.0124889	0.0124889
0.1712115	0.7035931	0.3576717	0.01165865	0.01165865
0.1759985	0.6969489	0.3539586	0.01086632	0.01086632
0.1809194	0.689617	0.3499205	0.01011113	0.01011113
0.1859778	0.6815881	0.3455522	0.009392299	0.009392299
0.1911777	0.6728546	0.3408494	0.008709011	0.008709011
0.1965229	0.6634116	0.335809	0.008060444	0.008060444
0.2020176	0.6532567	0.3304292	0.007445757	0.007445757
0.2076659	0.6423901	0.3247095	0.006864099	0.006864099
0.2134722	0.6308152	0.3186508	0.006314599	0.006314599
0.2194408	0.6185381	0.3122557	0.005796373	0.005796373
0.2255763	0.6055683	0.3055283	0.005308524	0.005308524
0.2318833	0.5919185	0.2984744	0.004850138	0.004850138
0.2383667	0.5776048	0.2911015	0.004420289	0.004420289
0.2450313	0.562647	0.2834191	0.004018038	0.004018038
0.2518823	0.5470687	0.2754386	0.003642434	0.003642434
0.2589248	0.5308973	0.2671736	0.003292514	0.003292514
0.2661642	0.5141644	0.2586393	0.002967308	0.002967308
0.2736061	0.4969052	0.2498534	0.002665833	0.002665833
0.281256	0.4791594	0.2408352	0.002387102	0.002387102
0.2891198	0.4609701	0.2316061	0.002130121	0.002130121
0.2972035	0.4423846	0.2221895	0.001893893	0.001893893
0.3055132	0.4234542	0.2126105	0.001677418	0.001677418
0.3140552	0.4042339	0.2028963	0.001479697	0.001479697
0.3228361	0.3847825	0.1930759	0.001299732	0.001299732
0.3318624	0.365162	0.18318	0.001136532	0.001136532
0.3411412	0.3454379	0.1732406	0.0009891086	0.0009891086
0.3506793	0.325678	0.1632914	0.0008564873	0.0008564873
0.3604842	0.3059531	0.1533672	0.0007377035	0.0007377035
0.3705632	0.2863358	0.1435039	0.0006318079	0.0006318079
0.380924	0.2669006	0.1337379	0.0005378691	0.0005378691
0.3915745	0.2477226	0.1241064	0.000454976	0.000454976
0.4025227	0.2288776	0.1146462	0.0003822409	0.0003822409
0.4137771	0.2104409	0.1053945	0.0003188024	0.0003188024
0.4253462	0.1924869	0.09638762	0.000263828	0.000263828
0.4372387	0.1750882	0.08766132	0.0002165166	0.0002165166
0.4494637	0.1583146	0.07925019	0.0001761017	0.0001761017
0.4620305	0.1422323	0.07118727	0.0001418532	0.0001418532
0.4749487	0.1269031	0.06350352	0.0001130799	0.0001130799
0.4882281	0.1123832	0.05622727	0.0000891312	0.0000891312
0.5018787	0.09872221	0.04938356	0.0000693993	0.0000693993
0.5159111	0.08596253	0.04299363	0.00005332001	0.00005332001
0.5303357	0.07413805	0.03707439	0.00004037396	0.00004037396
0.5451637	0.06327349	0.03163789	0.0000300871	0.0000300871
0.5604063	0.05338353	0.02669087	0.0000220308	0.0000220308
0.576075	0.04447221	0.02223454	0.00001582149	0.00001582149
0.5921818	0.03653243	0.0182646	0.00001111984	0.00001111984
0.608739	0.02954573	0.01477143	7.629407e-6	7.629407e-6
0.6257591	0.02348217	0.01173997	5.094863e-6	5.094863e-6
0.6432551	0.01830058	0.009149695	3.299772e-6	3.299772e-6
0.6612403	0.01394926	0.006974647	2.063896e-6	2.063896e-6
0.6797283	0.01036676	0.005183842	1.240156e-6	1.240156e-6
0.6987332	0.007483188	0.003742111	7.112754e-7	7.112754e-7
0.7182695	0.0052221	0.0026113	3.862104e-7	3.862104e-7
0.738352	0.003502315	0.001751089	1.964541e-7	1.964541e-7
0.7589961	0.00224045	0.001120003	9.232129e-8	9.232129e-8
0.7802173	0.001353675	0.0006766256	3.932852e-8	3.932852e-8
0.8020319	0.0007622615	0.0003809758	1.478363e-8	1.478363e-8
0.8244563	0.0003927656	0.0001962708	4.710007e-9	4.710007e-9
0.8475078	0.0001802919	0.0000900693	1.191822e-9	1.191822e-9
0.8712038	0.00007075376	0.00003533747	2.130538e-10	2.130538e-10
0.8955623	0.00002217162	0.0000110743	2.113973e-11	2.113973e-11
0.9206019	4.852656e-6	2.425538e-6	6.650349e-13	6.650349e-13
0.9463415	5.492602e-7	2.747731e-7	-8.470329e-22	-2.117582e-22
0.9728009	1.636101e-8	8.110768e-9	0.	0.