0.001997	-0.00003309689	8.274222e-6
0.003993	-0.00008926803	0.00002231701
0.005989	-0.000157378	0.00003934449
0.007985	-0.0002337286	0.00005843215
0.009981	-0.0003160149	0.00007900373
0.011977	-0.0004027716	0.0001006929
0.013973	-0.0004929164	0.0001232291
0.015969	-0.0005856319	0.000146408
0.017965	-0.0006802696	0.0001700674
0.019961	-0.0007763029	0.0001940757
0.021957	-0.0008732953	0.0002183238
0.023953	-0.0009708788	0.0002427197
0.025949	-0.001068739	0.0002671847
0.027945	-0.001166605	0.0002916513
0.029941	-0.001264241	0.0003160603
0.031937	-0.001361441	0.0003403602
0.033933	-0.001458023	0.0003645056
0.035929	-0.001553825	0.0003884563
0.037925	-0.001648706	0.0004121766
0.039921	-0.001742539	0.0004356347
0.041917	-0.001835209	0.0004588023
0.043913	-0.001926617	0.0004816542
0.045909	-0.002016672	0.0005041679
0.047905	-0.002105293	0.0005263232
0.049901	-0.002192409	0.0005481022
0.051897	-0.002277956	0.000569489
0.053893	-0.002361877	0.0005904692
0.055889	-0.002444121	0.0006110303
0.057885	-0.002524645	0.0006311613
0.059881	-0.00260341	0.0006508524
0.061877	-0.002680381	0.0006700952
0.063873	-0.002755531	0.0006888826
0.065869	-0.002828834	0.0007072085
0.067865	-0.002900271	0.0007250677
0.069861	-0.002969825	0.0007424562
0.071857	-0.003037483	0.0007593707
0.073853	-0.003103235	0.0007758086
0.075849	-0.003167073	0.0007917683
0.077845	-0.003228994	0.0008072486
0.079841	-0.003288996	0.000822249
0.081837	-0.003347079	0.0008367698
0.083833	-0.003403246	0.0008508115
0.085829	-0.003457502	0.0008643755
0.087825	-0.003509854	0.0008774634
0.089821	-0.003560309	0.0008900773
0.091817	-0.003608879	0.0009022197
0.093813	-0.003655574	0.0009138936
0.095809	-0.003700409	0.0009251021
0.097805	-0.003743396	0.000935849
0.099801	-0.003784552	0.0009461379
0.101797	-0.003823892	0.000955973
0.103793	-0.003861435	0.0009653588
0.105789	-0.0038972	0.0009742999
0.107785	-0.003931204	0.0009828011
0.109781	-0.00396347	0.0009908675
0.111777	-0.003994017	0.0009985043
0.113773	-0.004022868	0.001005717
0.115769	-0.004050044	0.001012511
0.117765	-0.004075569	0.001018892
0.119761	-0.004099466	0.001024866
0.121757	-0.004121758	0.00103044
0.123753	-0.00414247	0.001035618
0.125749	-0.004161627	0.001040407
0.127745	-0.004179254	0.001044813
0.129741	-0.004195375	0.001048844
0.131737	-0.004210017	0.001052504
0.133733	-0.004223206	0.001055801
0.135729	-0.004234966	0.001058742
0.137725	-0.004245325	0.001061331
0.139721	-0.004254308	0.001063577
0.141717	-0.004261941	0.001065485
0.143713	-0.00426825	0.001067063
0.145709	-0.004273262	0.001068316
0.147705	-0.004277002	0.00106925
0.149701	-0.004279495	0.001069874
0.151697	-0.004280769	0.001070192
0.153693	-0.004280847	0.001070212
0.155689	-0.004279757	0.001069939
0.157685	-0.004277524	0.001069381
0.159681	-0.004274173	0.001068543
0.161677	-0.00426973	0.001067433
0.163673	-0.004264221	0.001066055
0.165669	-0.004257672	0.001064418
0.167666	-0.004250107	0.001062527
0.169662	-0.004241554	0.001060388
0.171658	-0.004232036	0.001058009
0.173654	-0.004221581	0.001055395
0.17565	-0.004210212	0.001052553
0.177646	-0.004197954	0.001049489
0.179642	-0.004184833	0.001046208
0.181638	-0.004170872	0.001042718
0.183634	-0.004156096	0.001039024
0.18563	-0.004140527	0.001035132
0.187626	-0.00412419	0.001031047
0.189622	-0.004107106	0.001026776
0.191618	-0.004089298	0.001022325
0.193614	-0.004070789	0.001017697
0.19561	-0.004051599	0.0010129
0.197606	-0.004031751	0.001007938
0.199602	-0.004011266	0.001002817
0.201598	-0.003990165	0.0009975413
0.203594	-0.003968469	0.0009921172
0.20559	-0.003946198	0.0009865495
0.207586	-0.003923373	0.0009808432
0.209582	-0.003900014	0.0009750035
0.211578	-0.003876141	0.0009690353
0.213574	-0.003851774	0.0009629436
0.21557	-0.003826933	0.0009567333
0.217566	-0.003801636	0.0009504091
0.219562	-0.003775903	0.0009439757
0.221558	-0.003749751	0.0009374378
0.223554	-0.003723199	0.0009307999
0.22555	-0.003696265	0.0009240663
0.227546	-0.003668965	0.0009172414
0.229542	-0.003641317	0.0009103293
0.231538	-0.003613337	0.0009033344
0.233534	-0.003585042	0.0008962605
0.23553	-0.003556446	0.0008891116
0.237526	-0.003527567	0.0008818917
0.239522	-0.003498418	0.0008746046
0.241518	-0.003469016	0.0008672541
0.243514	-0.003439375	0.0008598438
0.24551	-0.00340951	0.0008523775
0.247506	-0.003379435	0.0008448588
0.249502	-0.003349165	0.0008372912
0.251498	-0.003318713	0.0008296782
0.253494	-0.003288093	0.0008220234
0.25549	-0.00325732	0.0008143299
0.257486	-0.003226405	0.0008066013
0.259482	-0.003195363	0.0007988407
0.261478	-0.003164205	0.0007910512
0.263474	-0.003132944	0.0007832359
0.26547	-0.003101592	0.000775398
0.267466	-0.00307016	0.0007675401
0.269462	-0.003038661	0.0007596653
0.271458	-0.003007105	0.0007517763
0.273454	-0.002975503	0.0007438758
0.27545	-0.002943865	0.0007359663
0.277446	-0.002912202	0.0007280506
0.279442	-0.002880525	0.0007201312
0.281438	-0.002848842	0.0007122105
0.283434	-0.002817164	0.000704291
0.28543	-0.002785501	0.0006963752
0.287426	-0.002753861	0.0006884653
0.289422	-0.002722255	0.0006805637
0.291418	-0.002690691	0.0006726727
0.293414	-0.002659178	0.0006647945
0.29541	-0.002627725	0.0006569313
0.297406	-0.002596341	0.0006490852
0.299402	-0.002565032	0.0006412581
0.301398	-0.002533808	0.0006334521
0.303394	-0.002502676	0.0006256689
0.30539	-0.002471641	0.0006179103
0.307386	-0.002440712	0.0006101781
0.309382	-0.002409895	0.0006024737
0.311378	-0.002379195	0.0005947986
0.313374	-0.002348618	0.0005871545
0.31537	-0.00231817	0.0005795425
0.317366	-0.002287857	0.0005719642
0.319362	-0.002257683	0.0005644207
0.321358	-0.002227654	0.0005569135
0.323354	-0.002197775	0.0005494437
0.32535	-0.00216805	0.0005420126
0.327346	-0.002138486	0.0005346215
0.329342	-0.002109086	0.0005272716
0.331338	-0.002079856	0.0005199641
0.333334	-0.002050801	0.0005127002
0.33533	-0.002021925	0.0005054811
0.337326	-0.001993232	0.0004983079
0.339322	-0.001964727	0.0004911817
0.341318	-0.001936414	0.0004841035
0.343314	-0.001908297	0.0004770744
0.34531	-0.001880381	0.0004700952
0.347306	-0.001852667	0.0004631668
0.349302	-0.00182516	0.0004562901
0.351298	-0.001797863	0.0004494659
0.353294	-0.001770779	0.0004426949
0.35529	-0.001743911	0.0004359778
0.357286	-0.001717261	0.0004293153
0.359282	-0.001690832	0.000422708
0.361278	-0.001664626	0.0004161565
0.363274	-0.001638646	0.0004096615
0.36527	-0.001612894	0.0004032234
0.367266	-0.001587371	0.0003968428
0.369262	-0.001562081	0.0003905202
0.371258	-0.001537025	0.0003842561
0.373254	-0.001512204	0.000378051
0.37525	-0.001487621	0.0003719051
0.377246	-0.001463276	0.0003658191
0.379242	-0.001439172	0.0003597931
0.381238	-0.00141531	0.0003538276
0.383234	-0.001391691	0.0003479229
0.38523	-0.001368316	0.0003420791
0.387226	-0.001345186	0.0003362965
0.389222	-0.001322301	0.0003305754
0.391218	-0.001299663	0.0003249158
0.393214	-0.001277272	0.0003193179
0.39521	-0.001255127	0.0003137819
0.397206	-0.001233231	0.0003083077
0.399202	-0.001211582	0.0003028954
0.401198	-0.00119018	0.0002975451
0.403194	-0.001169027	0.0002922568
0.40519	-0.001148121	0.0002870304
0.407186	-0.001127464	0.0002818659
0.409182	-0.001107053	0.0002767633
0.411178	-0.00108689	0.0002717225
0.413174	-0.001066974	0.0002667434
0.41517	-0.001047304	0.000261826
0.417166	-0.00102788	0.00025697
0.419162	-0.001008701	0.0002521753
0.421158	-0.0009897675	0.0002474419
0.423154	-0.0009710778	0.0002427695
0.42515	-0.0009526314	0.0002381579
0.427146	-0.0009344275	0.0002336069
0.429142	-0.0009164652	0.0002291163
0.431138	-0.0008987435	0.0002246859
0.433134	-0.0008812615	0.0002203154
0.43513	-0.0008640182	0.0002160046
0.437126	-0.0008470124	0.0002117531
0.439122	-0.000830243	0.0002075608
0.441118	-0.0008137089	0.0002034272
0.443114	-0.0007974089	0.0001993522
0.44511	-0.0007813417	0.0001953354
0.447106	-0.0007655061	0.0001913765
0.449102	-0.0007499008	0.0001874752
0.451098	-0.0007345245	0.0001836311
0.453094	-0.0007193759	0.000179844
0.45509	-0.0007044537	0.0001761134
0.457086	-0.0006897564	0.0001724391
0.459082	-0.0006752827	0.0001688207
0.461078	-0.0006610311	0.0001652578
0.463074	-0.0006470001	0.00016175
0.46507	-0.0006331883	0.0001582971
0.467066	-0.0006195942	0.0001548986
0.469062	-0.0006062162	0.0001515541
0.471058	-0.0005930528	0.0001482632
0.473054	-0.0005801022	0.0001450256
0.47505	-0.000567363	0.0001418408
0.477046	-0.0005548334	0.0001387084
0.479042	-0.0005425116	0.0001356279
0.481038	-0.0005303959	0.000132599
0.483034	-0.0005184844	0.0001296211
0.48503	-0.0005067754	0.0001266938
0.487026	-0.0004952667	0.0001238167
0.489022	-0.0004839564	0.0001209891
0.491018	-0.0004728426	0.0001182107
0.493014	-0.0004619231	0.0001154808
0.49501	-0.0004511958	0.000112799
0.497006	-0.0004406587	0.0001101647
0.499002	-0.0004303096	0.0001075774
0.500999	-0.0004201464	0.0001050366
0.502995	-0.000410167	0.0001025418
0.504991	-0.0004003693	0.0001000923
0.506987	-0.0003907511	0.00009768779
0.508983	-0.0003813105	0.00009532763
0.510979	-0.0003720453	0.00009301133
0.512975	-0.0003629534	0.00009073837
0.514971	-0.000354033	0.00008850826
0.516967	-0.0003452819	0.00008632047
0.518963	-0.000336698	0.00008417452
0.520959	-0.0003282796	0.0000820699
0.522955	-0.0003200244	0.00008000612
0.524951	-0.0003119307	0.00007798268
0.526947	-0.0003039964	0.00007599911
0.528943	-0.0002962196	0.00007405491
0.530939	-0.0002885984	0.00007214961
0.532935	-0.0002811309	0.00007028272
0.534931	-0.0002738151	0.00006845377
0.536927	-0.000266649	0.00006666227
0.538923	-0.0002596309	0.00006490773
0.540919	-0.0002527587	0.00006318967
0.542915	-0.0002460303	0.00006150759
0.544911	-0.000239444	0.000059861
0.546907	-0.0002329975	0.00005824937
0.548903	-0.0002266888	0.0000566722
0.550899	-0.0002205159	0.00005512898
0.552895	-0.0002144767	0.00005361919
0.554891	-0.0002085692	0.0000521423
0.556887	-0.0002027912	0.00005069781
0.558883	-0.0001971408	0.00004928519
0.560879	-0.0001916158	0.00004790395
0.562875	-0.0001862143	0.00004655358
0.564871	-0.0001809344	0.00004523359
0.566867	-0.000175774	0.0000439435
0.568863	-0.0001707313	0.00004268284
0.570859	-0.0001658045	0.00004145113
0.572855	-0.0001609917	0.00004024792
0.574851	-0.000156291	0.00003907275
0.576847	-0.0001517007	0.00003792518
0.578843	-0.0001472189	0.00003680474
0.580839	-0.000142844	0.00003571099
0.582835	-0.000138574	0.00003464349
0.584831	-0.0001344071	0.00003360178
0.586827	-0.0001303417	0.00003258542
0.588823	-0.0001263758	0.00003159395
0.590819	-0.0001225077	0.00003062693
0.592815	-0.0001187356	0.0000296839
0.594811	-0.0001150576	0.00002876441
0.596807	-0.0001114721	0.00002786802
0.598803	-0.0001079772	0.00002699429
0.600799	-0.0001045712	0.00002614279
0.602795	-0.0001012523	0.00002531308
0.604791	-0.00009801895	0.00002450474
0.606787	-0.00009486941	0.00002371735
0.608783	-0.00009180207	0.00002295052
0.610779	-0.00008881531	0.00002220383
0.612775	-0.00008590756	0.00002147689
0.614771	-0.00008307725	0.00002076931
0.616767	-0.00008032287	0.00002008072
0.618763	-0.0000776429	0.00001941072
0.620759	-0.00007503585	0.00001875896
0.622755	-0.00007250025	0.00001812506
0.624751	-0.00007003466	0.00001750866
0.626747	-0.00006763763	0.00001690941
0.628743	-0.00006530777	0.00001632694
0.630739	-0.00006304367	0.00001576092
0.632735	-0.00006084395	0.00001521099
0.634731	-0.00005870724	0.00001467681
0.636727	-0.0000566322	0.00001415805
0.638723	-0.00005461749	0.00001365437
0.640719	-0.0000526618	0.00001316545
0.642715	-0.00005076382	0.00001269095
0.644711	-0.00004892226	0.00001223056
0.646707	-0.00004713584	0.00001178396
0.648703	-0.00004540329	0.00001135082
0.650699	-0.00004372338	0.00001093085
0.652695	-0.00004209487	0.00001052372
0.654691	-0.00004051655	0.00001012914
0.656687	-0.00003898721	9.746801e-6
0.658683	-0.00003750567	9.376418e-6
0.660679	-0.00003607079	9.017697e-6
0.662675	-0.00003468141	8.670353e-6
0.664671	-0.00003333643	8.334108e-6
0.666667	-0.00003203475	8.008687e-6
0.668663	-0.00003077529	7.693822e-6
0.670659	-0.000029557	7.38925e-6
0.672655	-0.00002837885	7.094712e-6
0.674651	-0.00002723982	6.809954e-6
0.676647	-0.0000261389	6.534725e-6
0.678643	-0.00002507512	6.26878e-6
0.680639	-0.0000240475	6.011874e-6
0.682635	-0.00002305508	5.76377e-6
0.684631	-0.00002209692	5.524229e-6
0.686627	-0.00002117208	5.293019e-6
0.688623	-0.00002027963	5.069907e-6
0.690619	-0.00001941867	4.854666e-6
0.692615	-0.00001858829	4.647073e-6
0.694611	-0.00001778763	4.446907e-6
0.696607	-0.00001701581	4.253951e-6
0.698603	-0.00001627199	4.067996e-6
0.700599	-0.00001555533	3.888833e-6
0.702595	-0.00001486505	3.716262e-6
0.704591	-0.00001420036	3.550088e-6
0.706587	-0.00001356049	3.390121e-6
0.708583	-0.00001294471	3.236177e-6
0.710579	-0.00001235231	3.088076e-6
0.712575	-0.00001178259	2.945646e-6
0.714571	-0.00001123487	2.808716e-6
0.716567	-0.00001070849	2.677122e-6
0.718563	-0.00001020281	2.550701e-6
0.720559	-9.717193e-6	2.429298e-6
0.722555	-9.251029e-6	2.312757e-6
0.724551	-8.80371e-6	2.200927e-6
0.726547	-8.37464e-6	2.09366e-6
0.728543	-7.963237e-6	1.990809e-6
0.730539	-7.568926e-6	1.892231e-6
0.732535	-7.191147e-6	1.797787e-6
0.734531	-6.829349e-6	1.707337e-6
0.736527	-6.482992e-6	1.620748e-6
0.738523	-6.151548e-6	1.537887e-6
0.740519	-5.8345e-6	1.458625e-6
0.742515	-5.53134e-6	1.382835e-6
0.744511	-5.241575e-6	1.310394e-6
0.746507	-4.964721e-6	1.24118e-6
0.748503	-4.700305e-6	1.175076e-6
0.750499	-4.447867e-6	1.111967e-6
0.752495	-4.206959e-6	1.05174e-6
0.754491	-3.977143e-6	9.942856e-7
0.756487	-3.757995e-6	9.394988e-7
0.758483	-3.549104e-6	8.87276e-7
0.760479	-3.350071e-6	8.375176e-7
0.762475	-3.160509e-6	7.901271e-7
0.764471	-2.980046e-6	7.450115e-7
0.766467	-2.808325e-6	7.020812e-7
0.768463	-2.645e-6	6.612499e-7
0.770459	-2.489737e-6	6.224341e-7
0.772455	-2.342215e-6	5.855536e-7
0.774451	-2.202123e-6	5.505307e-7
0.776447	-2.069161e-6	5.172903e-7
0.778443	-1.94304e-6	4.857599e-7
0.780439	-1.823476e-6	4.558689e-7
0.782435	-1.710196e-6	4.27549e-7
0.784431	-1.602935e-6	4.007336e-7
0.786427	-1.501431e-6	3.753578e-7
0.788423	-1.405434e-6	3.513584e-7
0.790419	-1.314696e-6	3.28674e-7
0.792415	-1.228981e-6	3.072452e-7
0.794411	-1.148056e-6	2.87014e-7
0.796407	-1.071698e-6	2.679246e-7
0.798403	-9.996918e-7	2.499229e-7
0.800399	-9.31828e-7	2.32957e-7
0.802395	-8.679068e-7	2.169767e-7
0.804391	-8.07736e-7	2.01934e-7
0.806387	-7.51132e-7	1.87783e-7
0.808383	-6.979187e-7	1.744797e-7
0.810379	-6.479278e-7	1.619819e-7
0.812375	-6.00998e-7	1.502495e-7
0.814371	-5.569753e-7	1.392438e-7
0.816367	-5.157118e-7	1.289279e-7
0.818363	-4.770661e-7	1.192665e-7
0.820359	-4.409026e-7	1.102256e-7
0.822355	-4.070912e-7	1.017728e-7
0.824351	-3.755067e-7	9.387668e-8
0.826347	-3.46029e-7	8.650726e-8
0.828343	-3.185427e-7	7.963566e-8
0.830339	-2.929367e-7	7.323418e-8
0.832335	-2.691049e-7	6.727623e-8
0.834332	-2.469455e-7	6.173637e-8
0.836328	-2.26361e-7	5.659024e-8
0.838324	-2.072582e-7	5.181455e-8
0.84032	-1.895482e-7	4.738704e-8
0.842316	-1.731461e-7	4.328652e-8
0.844312	-1.579711e-7	3.949278e-8
0.846308	-1.439464e-7	3.598661e-8
0.848304	-1.309989e-7	3.274974e-8
0.8503	-1.190593e-7	2.976483e-8
0.852296	-1.080617e-7	2.701542e-8
0.854292	-9.794372e-8	2.448593e-8
0.856288	-8.864637e-8	2.21616e-8
0.858284	-8.011375e-8	2.002844e-8
0.86028	-7.229304e-8	1.807326e-8
0.862276	-6.513435e-8	1.628359e-8
0.864272	-5.859058e-8	1.464765e-8
0.866268	-5.261729e-8	1.315432e-8
0.868264	-4.717263e-8	1.179316e-8
0.87026	-4.221723e-8	1.055431e-8
0.872256	-3.771407e-8	9.428519e-9
0.874252	-3.362842e-8	8.407108e-9
0.876248	-2.992773e-8	7.481935e-9
0.878244	-2.658148e-8	6.645373e-9
0.88024	-2.356114e-8	5.890287e-9
0.882236	-2.083999e-8	5.210001e-9
0.884232	-1.839308e-8	4.598273e-9
0.886228	-1.619707e-8	4.049269e-9
0.888224	-1.42302e-8	3.557551e-9
0.89022	-1.247221e-8	3.118056e-9
0.892216	-1.090431e-8	2.726079e-9
0.894212	-9.509036e-9	2.377262e-9
0.896208	-8.270256e-9	2.067567e-9
0.898204	-7.173057e-9	1.793267e-9
0.9002	-6.203684e-9	1.550923e-9
0.902196	-5.349468e-9	1.337369e-9
0.904192	-4.598745e-9	1.149689e-9
0.906188	-3.940799e-9	9.852021e-10
0.908184	-3.365809e-9	8.414544e-10
0.91018	-2.864803e-9	7.16203e-10
0.912176	-2.429614e-9	6.074057e-10
0.914172	-2.052825e-9	5.132083e-10
0.916168	-1.727722e-9	4.319325e-10
0.918164	-1.448244e-9	3.62063e-10
0.92016	-1.208928e-9	3.022339e-10
0.922156	-1.004852e-9	2.512148e-10
0.924152	-8.315771e-10	2.078961e-10
0.926148	-6.851075e-10	1.712787e-10
0.928144	-5.618612e-10	1.40467e-10
0.93014	-4.586456e-10	1.146631e-10
0.932136	-3.726307e-10	9.315932e-11
0.934132	-3.013228e-10	7.533229e-11
0.936128	-2.425363e-10	6.063563e-11
0.938124	-1.943661e-10	4.859303e-11
0.94012	-1.551573e-10	3.87908e-11
0.942116	-1.234737e-10	3.086984e-11
0.944112	-9.806428e-11	2.451745e-11
0.946108	-7.784071e-11	1.946152e-11
0.948104	-6.186498e-11	1.546754e-11
0.9501	-4.933728e-11	1.233556e-11
0.952096	-3.958386e-11	9.897156e-12
0.954092	-3.204442e-11	8.012242e-12
0.956088	-2.625919e-11	6.56588e-12
0.958084	-2.185541e-11	5.464875e-12
0.96008	-1.853286e-11	4.634174e-12
0.962076	-1.604777e-11	4.012837e-12
0.964072	-1.419635e-11	3.549913e-12
0.966068	-1.280468e-11	3.201927e-12
0.968064	-1.172701e-11	2.932438e-12
0.97006	-1.084382e-11	2.71157e-12
0.972056	-1.006033e-11	2.515626e-12
0.974052	-9.304782e-12	2.326669e-12
0.976048	-8.526877e-12	2.132124e-12
0.978044	-7.696177e-12	1.924384e-12
0.98004	-6.800623e-12	1.700434e-12
0.982036	-5.845248e-12	1.461534e-12
0.984032	-4.850855e-12	1.212885e-12
0.986028	-3.851324e-12	9.629576e-13
0.988024	-2.88906e-12	7.223536e-13
0.99002	-2.010146e-12	5.025944e-13
0.992016	-1.259043e-12	3.147947e-13
0.994012	-6.726553e-13	1.68181e-13
0.996008	-2.736894e-13	6.842894e-14
0.998004	-6.072907e-14	1.518366e-14