
 1.000000e-04 1.686259e-03 6.719211e+00 3.360449e+00 3.358762e+00
 1.018554e-04 1.710579e-03 6.661855e+00 3.331783e+00 3.330072e+00
 1.037452e-04 1.735243e-03 6.604945e+00 3.303340e+00 3.301605e+00
 1.056701e-04 1.760258e-03 6.548480e+00 3.275120e+00 3.273360e+00
 1.076307e-04 1.785628e-03 6.492454e+00 3.247120e+00 3.245334e+00
 1.096277e-04 1.811357e-03 6.436866e+00 3.219339e+00 3.217527e+00
 1.116617e-04 1.837451e-03 6.381712e+00 3.191775e+00 3.189937e+00
 1.137335e-04 1.863915e-03 6.326989e+00 3.164427e+00 3.162563e+00
 1.158437e-04 1.890754e-03 6.272694e+00 3.137293e+00 3.135402e+00
 1.179930e-04 1.917973e-03 6.218825e+00 3.110371e+00 3.108453e+00
 1.201822e-04 1.945578e-03 6.165377e+00 3.083661e+00 3.081716e+00
 1.224121e-04 1.973574e-03 6.112348e+00 3.057161e+00 3.055187e+00
 1.246833e-04 2.001966e-03 6.059735e+00 3.030868e+00 3.028866e+00
 1.269967e-04 2.030759e-03 6.007534e+00 3.004783e+00 3.002752e+00
 1.293530e-04 2.059960e-03 5.955744e+00 2.978902e+00 2.976842e+00
 1.317530e-04 2.089574e-03 5.904361e+00 2.953225e+00 2.951136e+00
 1.341975e-04 2.119607e-03 5.853382e+00 2.927751e+00 2.925631e+00
 1.366874e-04 2.150064e-03 5.802804e+00 2.902477e+00 2.900327e+00
 1.392235e-04 2.180952e-03 5.752625e+00 2.877403e+00 2.875222e+00
 1.418067e-04 2.212276e-03 5.702841e+00 2.852527e+00 2.850314e+00
 1.444377e-04 2.244042e-03 5.653450e+00 2.827847e+00 2.825603e+00
 1.471176e-04 2.276257e-03 5.604449e+00 2.803363e+00 2.801086e+00
 1.498472e-04 2.308927e-03 5.555834e+00 2.779072e+00 2.776763e+00
 1.526275e-04 2.342058e-03 5.507604e+00 2.754973e+00 2.752631e+00
 1.554593e-04 2.375656e-03 5.459756e+00 2.731066e+00 2.728690e+00
 1.583437e-04 2.409728e-03 5.412286e+00 2.707348e+00 2.704938e+00
 1.612816e-04 2.444280e-03 5.365192e+00 2.683818e+00 2.681374e+00
 1.642740e-04 2.479320e-03 5.318472e+00 2.660476e+00 2.657996e+00
 1.673219e-04 2.514853e-03 5.272122e+00 2.637319e+00 2.634804e+00
 1.704264e-04 2.550887e-03 5.226140e+00 2.614346e+00 2.611795e+00
 1.735885e-04 2.587429e-03 5.180524e+00 2.591556e+00 2.588968e+00
 1.768093e-04 2.624485e-03 5.135270e+00 2.568947e+00 2.566323e+00
 1.800898e-04 2.662062e-03 5.090376e+00 2.546519e+00 2.543857e+00
 1.834311e-04 2.700169e-03 5.045840e+00 2.524270e+00 2.521570e+00
 1.868345e-04 2.738811e-03 5.001658e+00 2.502198e+00 2.499460e+00
 1.903010e-04 2.777997e-03 4.957829e+00 2.480303e+00 2.477525e+00
 1.938319e-04 2.817734e-03 4.914349e+00 2.458583e+00 2.455766e+00
 1.974282e-04 2.858030e-03 4.871216e+00 2.437037e+00 2.434179e+00
 2.010913e-04 2.898892e-03 4.828429e+00 2.415664e+00 2.412765e+00
 2.048223e-04 2.940327e-03 4.785983e+00 2.394462e+00 2.391521e+00
 2.086226e-04 2.982345e-03 4.743877e+00 2.373430e+00 2.370447e+00
 2.124933e-04 3.024953e-03 4.702108e+00 2.352567e+00 2.349542e+00
 2.164359e-04 3.068159e-03 4.660674e+00 2.331871e+00 2.328803e+00
 2.204517e-04 3.111971e-03 4.619572e+00 2.311342e+00 2.308230e+00
 2.245419e-04 3.156398e-03 4.578801e+00 2.290979e+00 2.287822e+00
 2.287080e-04 3.201447e-03 4.538356e+00 2.270779e+00 2.267577e+00
 2.329515e-04 3.247129e-03 4.498237e+00 2.250742e+00 2.247495e+00
 2.372736e-04 3.293450e-03 4.458441e+00 2.230867e+00 2.227574e+00
 2.416760e-04 3.340421e-03 4.418964e+00 2.211152e+00 2.207812e+00
 2.461600e-04 3.388050e-03 4.379806e+00 2.191597e+00 2.188209e+00
 2.507273e-04 3.436345e-03 4.340964e+00 2.172200e+00 2.168764e+00
 2.553793e-04 3.485317e-03 4.302435e+00 2.152960e+00 2.149475e+00
 2.601176e-04 3.534974e-03 4.264217e+00 2.133876e+00 2.130341e+00
 2.649438e-04 3.585326e-03 4.226308e+00 2.114947e+00 2.111361e+00
 2.698595e-04 3.636382e-03 4.188706e+00 2.096171e+00 2.092535e+00
 2.748665e-04 3.688153e-03 4.151408e+00 2.077548e+00 2.073860e+00
 2.799663e-04 3.740646e-03 4.114412e+00 2.059076e+00 2.055336e+00
 2.851608e-04 3.793874e-03 4.077716e+00 2.040755e+00 2.036961e+00
 2.904517e-04 3.847845e-03 4.041317e+00 2.022582e+00 2.018735e+00
 2.958407e-04 3.902570e-03 4.005214e+00 2.004558e+00 2.000656e+00
 3.013297e-04 3.958059e-03 3.969405e+00 1.986681e+00 1.982723e+00
 3.069205e-04 4.014323e-03 3.933886e+00 1.968950e+00 1.964936e+00
 3.126151e-04 4.071371e-03 3.898657e+00 1.951364e+00 1.947293e+00
 3.184154e-04 4.129216e-03 3.863714e+00 1.933922e+00 1.929792e+00
 3.243232e-04 4.187867e-03 3.829056e+00 1.916622e+00 1.912434e+00
 3.303407e-04 4.247336e-03 3.794681e+00 1.899464e+00 1.895217e+00
 3.364698e-04 4.307634e-03 3.760587e+00 1.882447e+00 1.878140e+00
 3.427127e-04 4.368773e-03 3.726771e+00 1.865570e+00 1.861201e+00
 3.490713e-04 4.430762e-03 3.693232e+00 1.848831e+00 1.844400e+00
 3.555480e-04 4.493615e-03 3.659967e+00 1.832230e+00 1.827737e+00
 3.621448e-04 4.557343e-03 3.626974e+00 1.815766e+00 1.811208e+00
 3.688640e-04 4.621958e-03 3.594252e+00 1.799437e+00 1.794815e+00
 3.757079e-04 4.687472e-03 3.561798e+00 1.783243e+00 1.778555e+00
 3.826787e-04 4.753897e-03 3.529611e+00 1.767182e+00 1.762428e+00
 3.897789e-04 4.821246e-03 3.497688e+00 1.751254e+00 1.746433e+00
 3.970109e-04 4.889531e-03 3.466027e+00 1.735458e+00 1.730569e+00
 4.043770e-04 4.958765e-03 3.434627e+00 1.719793e+00 1.714834e+00
 4.118798e-04 5.028961e-03 3.403486e+00 1.704257e+00 1.699228e+00
 4.195218e-04 5.100131e-03 3.372601e+00 1.688851e+00 1.683751e+00
 4.273055e-04 5.172290e-03 3.341971e+00 1.673572e+00 1.668399e+00
 4.352337e-04 5.245450e-03 3.311594e+00 1.658420e+00 1.653174e+00
 4.433090e-04 5.319626e-03 3.281468e+00 1.643394e+00 1.638074e+00
 4.515342e-04 5.394830e-03 3.251591e+00 1.628493e+00 1.623098e+00
 4.599119e-04 5.471077e-03 3.221962e+00 1.613716e+00 1.608245e+00
 4.684451e-04 5.548381e-03 3.192577e+00 1.599063e+00 1.593514e+00
 4.771366e-04 5.626757e-03 3.163437e+00 1.584532e+00 1.578905e+00
 4.859893e-04 5.706219e-03 3.134538e+00 1.570122e+00 1.564416e+00
 4.950064e-04 5.786781e-03 3.105879e+00 1.555833e+00 1.550046e+00
 5.041907e-04 5.868458e-03 3.077459e+00 1.541663e+00 1.535795e+00
 5.135454e-04 5.951267e-03 3.049274e+00 1.527613e+00 1.521662e+00
 5.230737e-04 6.035221e-03 3.021325e+00 1.513680e+00 1.507645e+00
 5.327788e-04 6.120337e-03 2.993608e+00 1.499864e+00 1.493744e+00
 5.426639e-04 6.206629e-03 2.966123e+00 1.486165e+00 1.479958e+00
 5.527325e-04 6.294115e-03 2.938867e+00 1.472580e+00 1.466286e+00
 5.629878e-04 6.382810e-03 2.911838e+00 1.459111e+00 1.452728e+00
 5.734335e-04 6.472731e-03 2.885036e+00 1.445754e+00 1.439282e+00
 5.840729e-04 6.563894e-03 2.858458e+00 1.432511e+00 1.425947e+00
 5.949098e-04 6.656315e-03 2.832103e+00 1.419379e+00 1.412723e+00
 6.059477e-04 6.750013e-03 2.805968e+00 1.406359e+00 1.399609e+00
 6.171904e-04 6.845004e-03 2.780053e+00 1.393449e+00 1.386604e+00
 6.286417e-04 6.941305e-03 2.754356e+00 1.380648e+00 1.373707e+00
 6.403055e-04 7.038934e-03 2.728874e+00 1.367957e+00 1.360918e+00
 6.521857e-04 7.137910e-03 2.703607e+00 1.355373e+00 1.348235e+00
 6.642863e-04 7.238250e-03 2.678553e+00 1.342896e+00 1.335657e+00
 6.766114e-04 7.339973e-03 2.653710e+00 1.330525e+00 1.323185e+00
 6.891652e-04 7.443098e-03 2.629076e+00 1.318260e+00 1.310817e+00
 7.019520e-04 7.547642e-03 2.604651e+00 1.306099e+00 1.298552e+00
 7.149759e-04 7.653626e-03 2.580432e+00 1.294043e+00 1.286389e+00
 7.282415e-04 7.761069e-03 2.556418e+00 1.282090e+00 1.274328e+00
 7.417533e-04 7.869990e-03 2.532607e+00 1.270239e+00 1.262369e+00
 7.555157e-04 7.980410e-03 2.508999e+00 1.258489e+00 1.250509e+00
 7.695335e-04 8.092348e-03 2.485590e+00 1.246841e+00 1.238749e+00
 7.838114e-04 8.205825e-03 2.462380e+00 1.235293e+00 1.227087e+00
 7.983542e-04 8.320862e-03 2.439368e+00 1.223844e+00 1.215523e+00
 8.131668e-04 8.437479e-03 2.416551e+00 1.212494e+00 1.204057e+00
 8.282542e-04 8.555698e-03 2.393929e+00 1.201242e+00 1.192687e+00
 8.436216e-04 8.675541e-03 2.371499e+00 1.190087e+00 1.181412e+00
 8.592741e-04 8.797029e-03 2.349261e+00 1.179029e+00 1.170232e+00
 8.752170e-04 8.920184e-03 2.327213e+00 1.168067e+00 1.159147e+00
 8.914558e-04 9.045029e-03 2.305354e+00 1.157199e+00 1.148154e+00
 9.079958e-04 9.171587e-03 2.283681e+00 1.146426e+00 1.137255e+00
 9.248427e-04 9.299880e-03 2.262194e+00 1.135747e+00 1.126447e+00
 9.420022e-04 9.429932e-03 2.240892e+00 1.125161e+00 1.115731e+00
 9.594800e-04 9.561766e-03 2.219772e+00 1.114667e+00 1.105105e+00
 9.772821e-04 9.695406e-03 2.198834e+00 1.104265e+00 1.094569e+00
 9.954146e-04 9.830877e-03 2.178076e+00 1.093953e+00 1.084123e+00
 1.013883e-03 9.968203e-03 2.157497e+00 1.083732e+00 1.073764e+00
 1.032695e-03 1.010741e-02 2.137095e+00 1.073601e+00 1.063494e+00
 1.051856e-03 1.024852e-02 2.116869e+00 1.063559e+00 1.053310e+00
 1.071372e-03 1.039156e-02 2.096818e+00 1.053605e+00 1.043213e+00
 1.091250e-03 1.053656e-02 2.076940e+00 1.043738e+00 1.033202e+00
 1.111497e-03 1.068354e-02 2.057234e+00 1.033959e+00 1.023275e+00
 1.132119e-03 1.083253e-02 2.037699e+00 1.024266e+00 1.013433e+00
 1.153125e-03 1.098356e-02 2.018334e+00 1.014659e+00 1.003675e+00
 1.174520e-03 1.113665e-02 1.999136e+00 1.005137e+00 9.939999e-01
 1.196312e-03 1.129183e-02 1.980106e+00 9.956990e-01 9.844071e-01
 1.218508e-03 1.144913e-02 1.961241e+00 9.863452e-01 9.748961e-01
 1.241116e-03 1.160858e-02 1.942541e+00 9.770748e-01 9.654662e-01
 1.264144e-03 1.177020e-02 1.924004e+00 9.678869e-01 9.561167e-01
 1.287598e-03 1.193403e-02 1.905628e+00 9.587812e-01 9.468472e-01
 1.311488e-03 1.210009e-02 1.887414e+00 9.497569e-01 9.376568e-01
 1.335822e-03 1.226842e-02 1.869358e+00 9.408134e-01 9.285450e-01
 1.360606e-03 1.243905e-02 1.851461e+00 9.319502e-01 9.195111e-01
 1.385851e-03 1.261200e-02 1.833721e+00 9.231666e-01 9.105546e-01
 1.411564e-03 1.278731e-02 1.816137e+00 9.144622e-01 9.016749e-01
 1.437754e-03 1.296500e-02 1.798708e+00 9.058363e-01 8.928713e-01
 1.464430e-03 1.314512e-02 1.781431e+00 8.972883e-01 8.841432e-01
 1.491601e-03 1.332769e-02 1.764308e+00 8.888177e-01 8.754900e-01
 1.519276e-03 1.351274e-02 1.747335e+00 8.804239e-01 8.669111e-01
 1.547465e-03 1.370031e-02 1.730512e+00 8.721064e-01 8.584060e-01
 1.576176e-03 1.389044e-02 1.713839e+00 8.638645e-01 8.499741e-01
 1.605421e-03 1.408315e-02 1.697313e+00 8.556978e-01 8.416147e-01
 1.635207e-03 1.427849e-02 1.680933e+00 8.476058e-01 8.333273e-01
 1.665547e-03 1.447648e-02 1.664699e+00 8.395878e-01 8.251113e-01
 1.696449e-03 1.467716e-02 1.648609e+00 8.316433e-01 8.169661e-01
 1.727925e-03 1.488057e-02 1.632663e+00 8.237718e-01 8.088913e-01
 1.759985e-03 1.508674e-02 1.616859e+00 8.159729e-01 8.008861e-01
 1.792640e-03 1.529571e-02 1.601196e+00 8.082458e-01 7.929501e-01
 1.825900e-03 1.550753e-02 1.585673e+00 8.005902e-01 7.850827e-01
 1.859778e-03 1.572222e-02 1.570289e+00 7.930056e-01 7.772834e-01
 1.894284e-03 1.593982e-02 1.555043e+00 7.854914e-01 7.695515e-01
 1.929431e-03 1.616038e-02 1.539934e+00 7.780470e-01 7.618867e-01
 1.965229e-03 1.638393e-02 1.524960e+00 7.706721e-01 7.542882e-01
 2.001692e-03 1.661051e-02 1.510122e+00 7.633662e-01 7.467556e-01
 2.038831e-03 1.684017e-02 1.495417e+00 7.561286e-01 7.392884e-01
 2.076659e-03 1.707295e-02 1.480845e+00 7.489590e-01 7.318861e-01
 2.115190e-03 1.730888e-02 1.466405e+00 7.418569e-01 7.245480e-01
 2.154435e-03 1.754800e-02 1.452095e+00 7.348217e-01 7.172737e-01
 2.194408e-03 1.779037e-02 1.437916e+00 7.278531e-01 7.100627e-01
 2.235123e-03 1.803603e-02 1.423865e+00 7.209505e-01 7.029144e-01
 2.276593e-03 1.828501e-02 1.409942e+00 7.141134e-01 6.958284e-01
 2.318833e-03 1.853737e-02 1.396146e+00 7.073415e-01 6.888042e-01
 2.361856e-03 1.879315e-02 1.382475e+00 7.006343e-01 6.818412e-01
 2.405678e-03 1.905239e-02 1.368930e+00 6.939913e-01 6.749389e-01
 2.450313e-03 1.931514e-02 1.355509e+00 6.874120e-01 6.680969e-01
 2.495776e-03 1.958145e-02 1.342211e+00 6.808961e-01 6.613146e-01
 2.542082e-03 1.985136e-02 1.329035e+00 6.744430e-01 6.545917e-01
 2.589248e-03 2.012492e-02 1.315980e+00 6.680524e-01 6.479275e-01
 2.637289e-03 2.040219e-02 1.303045e+00 6.617238e-01 6.413216e-01
 2.686221e-03 2.068321e-02 1.290230e+00 6.554568e-01 6.347736e-01
 2.736061e-03 2.096804e-02 1.277534e+00 6.492510e-01 6.282829e-01
 2.786826e-03 2.125671e-02 1.264955e+00 6.431059e-01 6.218492e-01
 2.838532e-03 2.154929e-02 1.252493e+00 6.370211e-01 6.154718e-01
 2.891198e-03 2.184583e-02 1.240147e+00 6.309963e-01 6.091504e-01
 2.944841e-03 2.214637e-02 1.227916e+00 6.250309e-01 6.028846e-01
 2.999480e-03 2.245098e-02 1.215798e+00 6.191247e-01 5.966738e-01
 3.055132e-03 2.275971e-02 1.203795e+00 6.132772e-01 5.905175e-01
 3.111816e-03 2.307261e-02 1.191904e+00 6.074881e-01 5.844155e-01
 3.169553e-03 2.338974e-02 1.180124e+00 6.017569e-01 5.783671e-01
 3.228361e-03 2.371116e-02 1.168455e+00 5.960832e-01 5.723720e-01
 3.288259e-03 2.403692e-02 1.156896e+00 5.904667e-01 5.664297e-01
 3.349270e-03 2.436708e-02 1.145447e+00 5.849069e-01 5.605399e-01
 3.411412e-03 2.470170e-02 1.134106e+00 5.794036e-01 5.547019e-01
 3.474707e-03 2.504084e-02 1.122872e+00 5.739564e-01 5.489155e-01
 3.539176e-03 2.538457e-02 1.111745e+00 5.685648e-01 5.431802e-01
 3.604842e-03 2.573293e-02 1.100724e+00 5.632285e-01 5.374956e-01
 3.671726e-03 2.608601e-02 1.089809e+00 5.579473e-01 5.318613e-01
 3.739851e-03 2.644385e-02 1.078997e+00 5.527206e-01 5.262767e-01
 3.809240e-03 2.680652e-02 1.068290e+00 5.475482e-01 5.207416e-01
 3.879916e-03 2.717410e-02 1.057685e+00 5.424297e-01 5.152556e-01
 3.951904e-03 2.754663e-02 1.047183e+00 5.373647e-01 5.098181e-01
 4.025227e-03 2.792420e-02 1.036782e+00 5.323530e-01 5.044288e-01
 4.099911e-03 2.830687e-02 1.026482e+00 5.273943e-01 4.990874e-01
 4.175981e-03 2.869470e-02 1.016281e+00 5.224880e-01 4.937933e-01
 4.253462e-03 2.908777e-02 1.006180e+00 5.176341e-01 4.885463e-01
 4.332380e-03 2.948615e-02 9.961779e-01 5.128320e-01 4.833459e-01
 4.412763e-03 2.988991e-02 9.862734e-01 5.080816e-01 4.781917e-01
 4.494637e-03 3.029912e-02 9.764659e-01 5.033825e-01 4.730834e-01
 4.578030e-03 3.071385e-02 9.667549e-01 4.987344e-01 4.680205e-01
 4.662971e-03 3.113419e-02 9.571397e-01 4.941369e-01 4.630027e-01
 4.749487e-03 3.156020e-02 9.476195e-01 4.895899e-01 4.580297e-01
 4.837609e-03 3.199196e-02 9.381938e-01 4.850929e-01 4.531009e-01
 4.927365e-03 3.242956e-02 9.288618e-01 4.806457e-01 4.482161e-01
 5.018787e-03 3.287306e-02 9.196229e-01 4.762480e-01 4.433749e-01
 5.111906e-03 3.332255e-02 9.104765e-01 4.718995e-01 4.385770e-01
 5.206752e-03 3.377812e-02 9.014218e-01 4.676000e-01 4.338218e-01
 5.303357e-03 3.423983e-02 8.924583e-01 4.633491e-01 4.291092e-01
 5.401756e-03 3.470779e-02 8.835854e-01 4.591466e-01 4.244388e-01
 5.501979e-03 3.518206e-02 8.748023e-01 4.549922e-01 4.198101e-01
 5.604063e-03 3.566274e-02 8.661086e-01 4.508857e-01 4.152229e-01
 5.708040e-03 3.614992e-02 8.575035e-01 4.468267e-01 4.106768e-01
 5.813947e-03 3.664368e-02 8.489865e-01 4.428151e-01 4.061714e-01
 5.921818e-03 3.714410e-02 8.405570e-01 4.388505e-01 4.017064e-01
 6.031692e-03 3.765130e-02 8.322143e-01 4.349328e-01 3.972815e-01
 6.143603e-03 3.816534e-02 8.239580e-01 4.310617e-01 3.928963e-01
 6.257591e-03 3.868633e-02 8.157874e-01 4.272369e-01 3.885505e-01
 6.373694e-03 3.921437e-02 8.077019e-01 4.234582e-01 3.842438e-01
 6.491951e-03 3.974954e-02 7.997011e-01 4.197253e-01 3.799758e-01
 6.612403e-03 4.029195e-02 7.917843e-01 4.160381e-01 3.757462e-01
 6.735089e-03 4.084170e-02 7.839509e-01 4.123963e-01 3.715546e-01
 6.860051e-03 4.139888e-02 7.762006e-01 4.087997e-01 3.674008e-01
 6.987332e-03 4.196359e-02 7.685326e-01 4.052481e-01 3.632845e-01
 7.116974e-03 4.253594e-02 7.609465e-01 4.017412e-01 3.592053e-01
 7.249022e-03 4.311604e-02 7.534418e-01 3.982789e-01 3.551629e-01
 7.383520e-03 4.370399e-02 7.460179e-01 3.948609e-01 3.511569e-01
 7.520514e-03 4.429989e-02 7.386743e-01 3.914871e-01 3.471872e-01
 7.660049e-03 4.490386e-02 7.314106e-01 3.881572e-01 3.432533e-01
 7.802173e-03 4.551600e-02 7.242261e-01 3.848711e-01 3.393551e-01
 7.946934e-03 4.613643e-02 7.171206e-01 3.816285e-01 3.354921e-01
 8.094381e-03 4.676526e-02 7.100933e-01 3.784293e-01 3.316640e-01
 8.244563e-03 4.740261e-02 7.031440e-01 3.752733e-01 3.278707e-01
 8.397533e-03 4.804859e-02 6.962720e-01 3.721603e-01 3.241117e-01
 8.553340e-03 4.870332e-02 6.894770e-01 3.690902e-01 3.203869e-01
 8.712038e-03 4.936692e-02 6.827585e-01 3.660627e-01 3.166958e-01
 8.873681e-03 5.003952e-02 6.761160e-01 3.630778e-01 3.130382e-01
 9.038322e-03 5.072123e-02 6.695491e-01 3.601352e-01 3.094139e-01
 9.206019e-03 5.141218e-02 6.630574e-01 3.572348e-01 3.058226e-01
 9.376827e-03 5.211250e-02 6.566403e-01 3.543764e-01 3.022639e-01
 9.550804e-03 5.282231e-02 6.502976e-01 3.515600e-01 2.987376e-01
 9.728009e-03 5.354175e-02 6.440287e-01 3.487852e-01 2.952435e-01
 9.908502e-03 5.427095e-02 6.378333e-01 3.460521e-01 2.917812e-01
 1.009234e-02 5.501004e-02 6.317110e-01 3.433605e-01 2.883505e-01
 1.027960e-02 5.575916e-02 6.256613e-01 3.407102e-01 2.849511e-01
 1.047032e-02 5.651844e-02 6.196839e-01 3.381012e-01 2.815827e-01
 1.066459e-02 5.728802e-02 6.137784e-01 3.355332e-01 2.782452e-01
 1.086246e-02 5.806805e-02 6.079444e-01 3.330062e-01 2.749382e-01
 1.106400e-02 5.885867e-02 6.021815e-01 3.305201e-01 2.716614e-01
 1.126928e-02 5.966002e-02 5.964894e-01 3.280747e-01 2.684147e-01
 1.147837e-02 6.047225e-02 5.908676e-01 3.256699e-01 2.651977e-01
 1.169134e-02 6.129550e-02 5.853160e-01 3.233057e-01 2.620102e-01
 1.190826e-02 6.212993e-02 5.798340e-01 3.209820e-01 2.588520e-01
 1.212920e-02 6.297569e-02 5.744214e-01 3.186985e-01 2.557228e-01
 1.235425e-02 6.383293e-02 5.690778e-01 3.164554e-01 2.526224e-01
 1.258347e-02 6.470181e-02 5.638029e-01 3.142524e-01 2.495506e-01
 1.281694e-02 6.558249e-02 5.585964e-01 3.120895e-01 2.465070e-01
 1.305475e-02 6.647513e-02 5.534580e-01 3.099666e-01 2.434914e-01
 1.329696e-02 6.737988e-02 5.483873e-01 3.078836e-01 2.405037e-01
 1.354368e-02 6.829691e-02 5.433841e-01 3.058405e-01 2.375436e-01
 1.379496e-02 6.922639e-02 5.384480e-01 3.038372e-01 2.346108e-01
 1.405091e-02 7.016849e-02 5.335788e-01 3.018736e-01 2.317051e-01
 1.431161e-02 7.112337e-02 5.287761e-01 2.999498e-01 2.288264e-01
 1.457715e-02 7.209120e-02 5.240398e-01 2.980655e-01 2.259743e-01
 1.484761e-02 7.307215e-02 5.193695e-01 2.962208e-01 2.231487e-01
 1.512310e-02 7.406641e-02 5.147650e-01 2.944157e-01 2.203493e-01
 1.540369e-02 7.507414e-02 5.102259e-01 2.926500e-01 2.175759e-01
 1.568949e-02 7.609553e-02 5.057521e-01 2.909238e-01 2.148283e-01
 1.598059e-02 7.713075e-02 5.013433e-01 2.892370e-01 2.121063e-01
 1.627709e-02 7.817999e-02 4.969993e-01 2.875896e-01 2.094097e-01
 1.657910e-02 7.924343e-02 4.927198e-01 2.859816e-01 2.067382e-01
 1.688670e-02 8.032125e-02 4.885046e-01 2.844129e-01 2.040917e-01
 1.720002e-02 8.141364e-02 4.843534e-01 2.828835e-01 2.014699e-01
 1.751915e-02 8.252079e-02 4.802661e-01 2.813934e-01 1.988727e-01
 1.784420e-02 8.364289e-02 4.762424e-01 2.799427e-01 1.962998e-01
 1.817528e-02 8.478012e-02 4.722822e-01 2.785311e-01 1.937510e-01
 1.851250e-02 8.593268e-02 4.683851e-01 2.771589e-01 1.912262e-01
 1.885598e-02 8.710076e-02 4.645511e-01 2.758259e-01 1.887252e-01
 1.920583e-02 8.828455e-02 4.607799e-01 2.745322e-01 1.862477e-01
 1.956218e-02 8.948426e-02 4.570714e-01 2.732778e-01 1.837935e-01
 1.992513e-02 9.070007e-02 4.534253e-01 2.720627e-01 1.813626e-01
 2.029482e-02 9.193219e-02 4.498414e-01 2.708868e-01 1.789546e-01
 2.067137e-02 9.318081e-02 4.463197e-01 2.697503e-01 1.765695e-01
 2.105491e-02 9.444612e-02 4.428599e-01 2.686530e-01 1.742069e-01
 2.144556e-02 9.572834e-02 4.394619e-01 2.675951e-01 1.718668e-01
 2.184346e-02 9.702765e-02 4.361255e-01 2.665766e-01 1.695489e-01
 2.224874e-02 9.834426e-02 4.328505e-01 2.655974e-01 1.672531e-01
 2.266154e-02 9.967836e-02 4.296369e-01 2.646576e-01 1.649793e-01
 2.308200e-02 1.010302e-01 4.264844e-01 2.637573e-01 1.627271e-01
 2.351026e-02 1.023998e-01 4.233929e-01 2.628964e-01 1.604965e-01
 2.394647e-02 1.037876e-01 4.203622e-01 2.620749e-01 1.582873e-01
 2.439077e-02 1.051937e-01 4.173923e-01 2.612930e-01 1.560993e-01
 2.484332e-02 1.066182e-01 4.144829e-01 2.605506e-01 1.539323e-01
 2.530426e-02 1.080615e-01 4.116340e-01 2.598477e-01 1.517863e-01
 2.577375e-02 1.095236e-01 4.088454e-01 2.591845e-01 1.496609e-01
 2.625196e-02 1.110047e-01 4.061170e-01 2.585609e-01 1.475561e-01
 2.673903e-02 1.125052e-01 4.034486e-01 2.579769e-01 1.454717e-01
 2.723515e-02 1.140250e-01 4.008402e-01 2.574326e-01 1.434076e-01
 2.774047e-02 1.155645e-01 3.982915e-01 2.569280e-01 1.413635e-01
 2.825516e-02 1.171238e-01 3.958026e-01 2.564632e-01 1.393394e-01
 2.877941e-02 1.187031e-01 3.933731e-01 2.560381e-01 1.373350e-01
 2.931338e-02 1.203025e-01 3.910031e-01 2.556528e-01 1.353503e-01
 2.985726e-02 1.219223e-01 3.886924e-01 2.553073e-01 1.333850e-01
 3.041123e-02 1.235626e-01 3.864408e-01 2.550017e-01 1.314391e-01
 3.097547e-02 1.252235e-01 3.842483e-01 2.547359e-01 1.295124e-01
 3.155019e-02 1.269052e-01 3.821146e-01 2.545099e-01 1.276047e-01
 3.213557e-02 1.286079e-01 3.800397e-01 2.543238e-01 1.257159e-01
 3.273181e-02 1.303317e-01 3.780235e-01 2.541776e-01 1.238459e-01
 3.333912e-02 1.320768e-01 3.760657e-01 2.540712e-01 1.219945e-01
 3.395769e-02 1.338432e-01 3.741662e-01 2.540047e-01 1.201615e-01
 3.458774e-02 1.356310e-01 3.723250e-01 2.539780e-01 1.183470e-01
 3.522948e-02 1.374405e-01 3.705417e-01 2.539911e-01 1.165506e-01
 3.588312e-02 1.392717e-01 3.688164e-01 2.540440e-01 1.147723e-01
 3.654890e-02 1.411247e-01 3.671487e-01 2.541367e-01 1.130120e-01
 3.722702e-02 1.429996e-01 3.655385e-01 2.542690e-01 1.112695e-01
 3.791773e-02 1.448964e-01 3.639857e-01 2.544410e-01 1.095447e-01
 3.862125e-02 1.468152e-01 3.624900e-01 2.546526e-01 1.078374e-01
 3.933783e-02 1.487560e-01 3.610512e-01 2.549036e-01 1.061476e-01
 4.006770e-02 1.507189e-01 3.596692e-01 2.551941e-01 1.044752e-01
 4.081111e-02 1.527039e-01 3.583437e-01 2.555238e-01 1.028199e-01
 4.156832e-02 1.547110e-01 3.570744e-01 2.558927e-01 1.011817e-01
 4.233958e-02 1.567402e-01 3.558611e-01 2.563007e-01 9.956046e-02
 4.312514e-02 1.587914e-01 3.547036e-01 2.567475e-01 9.795608e-02
 4.392528e-02 1.608646e-01 3.536015e-01 2.572331e-01 9.636843e-02
 4.474027e-02 1.629598e-01 3.525546e-01 2.577572e-01 9.479740e-02
 4.557038e-02 1.650767e-01 3.515625e-01 2.583196e-01 9.324287e-02
 4.641589e-02 1.672155e-01 3.506249e-01 2.589202e-01 9.170474e-02
 4.727709e-02 1.693758e-01 3.497415e-01 2.595587e-01 9.018289e-02
 4.815426e-02 1.715575e-01 3.489120e-01 2.602347e-01 8.867722e-02
 4.904771e-02 1.737606e-01 3.481358e-01 2.609482e-01 8.718763e-02
 4.995774e-02 1.759847e-01 3.474127e-01 2.616987e-01 8.571399e-02
 5.088465e-02 1.782297e-01 3.467421e-01 2.624859e-01 8.425622e-02
 5.182876e-02 1.804953e-01 3.461237e-01 2.633095e-01 8.281421e-02
 5.279039e-02 1.827813e-01 3.455570e-01 2.641691e-01 8.138786e-02
 5.376986e-02 1.850874e-01 3.450415e-01 2.650644e-01 7.997706e-02
 5.476750e-02 1.874132e-01 3.445767e-01 2.659950e-01 7.858172e-02
 5.578366e-02 1.897586e-01 3.441621e-01 2.669603e-01 7.720175e-02
 5.681866e-02 1.921231e-01 3.437971e-01 2.679601e-01 7.583704e-02
 5.787287e-02 1.945063e-01 3.434813e-01 2.689938e-01 7.448750e-02
 5.894664e-02 1.969080e-01 3.432140e-01 2.700610e-01 7.315303e-02
 6.004034e-02 1.993276e-01 3.429947e-01 2.711611e-01 7.183355e-02
 6.115432e-02 2.017648e-01 3.428227e-01 2.722937e-01 7.052897e-02
 6.228897e-02 2.042190e-01 3.426974e-01 2.734582e-01 6.923918e-02
 6.344468e-02 2.066899e-01 3.426181e-01 2.746540e-01 6.796411e-02
 6.462183e-02 2.091769e-01 3.425843e-01 2.758806e-01 6.670367e-02
 6.582082e-02 2.116795e-01 3.425951e-01 2.771373e-01 6.545776e-02
 6.704205e-02 2.141972e-01 3.426498e-01 2.784235e-01 6.422630e-02
 6.828595e-02 2.167293e-01 3.427478e-01 2.797386e-01 6.300922e-02
 6.955292e-02 2.192754e-01 3.428882e-01 2.810818e-01 6.180641e-02
 7.084340e-02 2.218346e-01 3.430702e-01 2.824524e-01 6.061781e-02
 7.215782e-02 2.244065e-01 3.432932e-01 2.838498e-01 5.944333e-02
 7.349664e-02 2.269903e-01 3.435561e-01 2.852732e-01 5.828288e-02
 7.486029e-02 2.295854e-01 3.438582e-01 2.867218e-01 5.713639e-02
 7.624924e-02 2.321910e-01 3.441985e-01 2.881947e-01 5.600378e-02
 7.766397e-02 2.348063e-01 3.445763e-01 2.896913e-01 5.488497e-02
 7.910494e-02 2.374307e-01 3.449905e-01 2.912106e-01 5.377989e-02
 8.057265e-02 2.400632e-01 3.454402e-01 2.927517e-01 5.268845e-02
 8.206759e-02 2.427032e-01 3.459244e-01 2.943138e-01 5.161058e-02
 8.359026e-02 2.453497e-01 3.464421e-01 2.958959e-01 5.054621e-02
 8.514119e-02 2.480019e-01 3.469924e-01 2.974972e-01 4.949526e-02
 8.672090e-02 2.506589e-01 3.475742e-01 2.991165e-01 4.845767e-02
 8.832991e-02 2.533197e-01 3.481864e-01 3.007530e-01 4.743334e-02
 8.996878e-02 2.559835e-01 3.488279e-01 3.024057e-01 4.642222e-02
 9.163805e-02 2.586492e-01 3.494977e-01 3.040735e-01 4.542424e-02
 9.333830e-02 2.613160e-01 3.501946e-01 3.057553e-01 4.443932e-02
 9.507009e-02 2.639827e-01 3.509174e-01 3.074501e-01 4.346738e-02
 9.683402e-02 2.666483e-01 3.516651e-01 3.091567e-01 4.250838e-02
 9.863067e-02 2.693119e-01 3.524363e-01 3.108741e-01 4.156222e-02
 1.004607e-01 2.719722e-01 3.532300e-01 3.126011e-01 4.062886e-02
 1.023246e-01 2.746283e-01 3.540447e-01 3.143365e-01 3.970821e-02
 1.042231e-01 2.772789e-01 3.548793e-01 3.160791e-01 3.880021e-02
 1.061569e-01 2.799229e-01 3.557325e-01 3.178277e-01 3.790480e-02
 1.081265e-01 2.825591e-01 3.566029e-01 3.195810e-01 3.702191e-02
 1.101327e-01 2.851861e-01 3.574890e-01 3.213376e-01 3.615146e-02
 1.121761e-01 2.878027e-01 3.583896e-01 3.230961e-01 3.529341e-02
 1.142574e-01 2.904076e-01 3.593030e-01 3.248553e-01 3.444768e-02
 1.163773e-01 2.929994e-01 3.602278e-01 3.266136e-01 3.361421e-02
 1.185366e-01 2.955766e-01 3.611624e-01 3.283695e-01 3.279293e-02
 1.207359e-01 2.981378e-01 3.621053e-01 3.301216e-01 3.198378e-02
 1.229760e-01 3.006815e-01 3.630548e-01 3.318681e-01 3.118670e-02
 1.252577e-01 3.032061e-01 3.640093e-01 3.336077e-01 3.040162e-02
 1.275817e-01 3.057100e-01 3.649670e-01 3.353385e-01 2.962848e-02
 1.299489e-01 3.081917e-01 3.659262e-01 3.370589e-01 2.886722e-02
 1.323599e-01 3.106494e-01 3.668850e-01 3.387672e-01 2.811778e-02
 1.348157e-01 3.130815e-01 3.678416e-01 3.404616e-01 2.738008e-02
 1.373171e-01 3.154861e-01 3.687942e-01 3.421402e-01 2.665408e-02
 1.398648e-01 3.178614e-01 3.697408e-01 3.438011e-01 2.593971e-02
 1.424599e-01 3.202057e-01 3.706795e-01 3.454426e-01 2.523690e-02
 1.451031e-01 3.225170e-01 3.716082e-01 3.470626e-01 2.454559e-02
 1.477953e-01 3.247934e-01 3.725248e-01 3.486591e-01 2.386573e-02
 1.505375e-01 3.270328e-01 3.734273e-01 3.502301e-01 2.319725e-02
 1.533306e-01 3.292334e-01 3.743135e-01 3.517735e-01 2.254009e-02
 1.561755e-01 3.313929e-01 3.751813e-01 3.532871e-01 2.189418e-02
 1.590731e-01 3.335093e-01 3.760282e-01 3.547688e-01 2.125947e-02
 1.620246e-01 3.355804e-01 3.768522e-01 3.562163e-01 2.063589e-02
 1.650307e-01 3.376040e-01 3.776507e-01 3.576274e-01 2.002339e-02
 1.680927e-01 3.395777e-01 3.784215e-01 3.589996e-01 1.942189e-02
 1.712115e-01 3.414994e-01 3.791620e-01 3.603307e-01 1.883134e-02
 1.743881e-01 3.433665e-01 3.798698e-01 3.616182e-01 1.825167e-02
 1.776237e-01 3.451767e-01 3.805423e-01 3.628595e-01 1.768282e-02
 1.809194e-01 3.469275e-01 3.811769e-01 3.640522e-01 1.712473e-02
 1.842761e-01 3.486163e-01 3.817710e-01 3.651936e-01 1.657733e-02
 1.876952e-01 3.502407e-01 3.823218e-01 3.662812e-01 1.604056e-02
 1.911777e-01 3.517979e-01 3.828266e-01 3.673122e-01 1.551436e-02
 1.947248e-01 3.532853e-01 3.832826e-01 3.682839e-01 1.499867e-02
 1.983377e-01 3.547001e-01 3.836870e-01 3.691935e-01 1.449340e-02
 2.020176e-01 3.560397e-01 3.840368e-01 3.700382e-01 1.399852e-02
 2.057658e-01 3.573012e-01 3.843291e-01 3.708151e-01 1.351393e-02
 2.095836e-01 3.584816e-01 3.845608e-01 3.715212e-01 1.303959e-02
 2.134722e-01 3.595782e-01 3.847290e-01 3.721536e-01 1.257542e-02
 2.174329e-01 3.605878e-01 3.848305e-01 3.727091e-01 1.212136e-02
 2.214672e-01 3.615074e-01 3.848621e-01 3.731848e-01 1.167734e-02
 2.255763e-01 3.623340e-01 3.848206e-01 3.735773e-01 1.124328e-02
 2.297616e-01 3.630644e-01 3.847026e-01 3.738835e-01 1.081913e-02
 2.340246e-01 3.636953e-01 3.845049e-01 3.741001e-01 1.040480e-02
 2.383667e-01 3.642236e-01 3.842241e-01 3.742239e-01 1.000024e-02
 2.427893e-01 3.646460e-01 3.838567e-01 3.742513e-01 9.605366e-03
 2.472940e-01 3.649590e-01 3.833992e-01 3.741791e-01 9.220107e-03
 2.518823e-01 3.651593e-01 3.828480e-01 3.740036e-01 8.844392e-03
 2.565557e-01 3.652434e-01 3.821997e-01 3.737215e-01 8.478145e-03
 2.613158e-01 3.652079e-01 3.814505e-01 3.733292e-01 8.121292e-03
 2.661642e-01 3.650492e-01 3.805967e-01 3.728230e-01 7.773757e-03
 2.711026e-01 3.647638e-01 3.796347e-01 3.721993e-01 7.435463e-03
 2.761327e-01 3.643480e-01 3.785607e-01 3.714544e-01 7.106331e-03
 2.812560e-01 3.637983e-01 3.773708e-01 3.705846e-01 6.786281e-03
 2.864744e-01 3.631109e-01 3.760613e-01 3.695861e-01 6.475234e-03
 2.917896e-01 3.622821e-01 3.746283e-01 3.684552e-01 6.173107e-03
 2.972035e-01 3.613083e-01 3.730679e-01 3.671881e-01 5.879817e-03
 3.027178e-01 3.601856e-01 3.713762e-01 3.657809e-01 5.595278e-03
 3.083344e-01 3.589104e-01 3.695492e-01 3.642298e-01 5.319406e-03
 3.140552e-01 3.574789e-01 3.675831e-01 3.625310e-01 5.052111e-03
 3.198822e-01 3.558872e-01 3.654738e-01 3.606805e-01 4.793305e-03
 3.258172e-01 3.541317e-01 3.632175e-01 3.586746e-01 4.542897e-03
 3.318624e-01 3.522086e-01 3.608102e-01 3.565094e-01 4.300794e-03
 3.380198e-01 3.501141e-01 3.582479e-01 3.541810e-01 4.066902e-03
 3.442914e-01 3.478446e-01 3.555268e-01 3.516857e-01 3.841123e-03
 3.506793e-01 3.453963e-01 3.526431e-01 3.490197e-01 3.623360e-03
 3.571858e-01 3.427657e-01 3.495928e-01 3.461792e-01 3.413512e-03
 3.638130e-01 3.399492e-01 3.463722e-01 3.431607e-01 3.211476e-03
 3.705632e-01 3.369432e-01 3.429775e-01 3.399604e-01 3.017149e-03
 3.774386e-01 3.337444e-01 3.394053e-01 3.365749e-01 2.830422e-03
 3.844416e-01 3.303495e-01 3.356518e-01 3.330006e-01 2.651186e-03
 3.915745e-01 3.267551e-01 3.317138e-01 3.292345e-01 2.479329e-03
 3.988397e-01 3.229583e-01 3.275878e-01 3.252731e-01 2.314738e-03
 4.062398e-01 3.189562e-01 3.232708e-01 3.211135e-01 2.157294e-03
 4.137771e-01 3.147459e-01 3.187597e-01 3.167528e-01 2.006878e-03
 4.214543e-01 3.103249e-01 3.140517e-01 3.121883e-01 1.863368e-03
 4.292739e-01 3.056909e-01 3.091442e-01 3.074176e-01 1.726638e-03
 4.372387e-01 3.008418e-01 3.040349e-01 3.024384e-01 1.596559e-03
 4.453512e-01 2.957757e-01 2.987217e-01 2.972487e-01 1.473000e-03
 4.536142e-01 2.904911e-01 2.932028e-01 2.918469e-01 1.355827e-03
 4.620305e-01 2.849868e-01 2.874767e-01 2.862317e-01 1.244901e-03
 4.706030e-01 2.792621e-01 2.815423e-01 2.804022e-01 1.140082e-03
 4.793345e-01 2.733165e-01 2.753989e-01 2.743577e-01 1.041225e-03
 4.882281e-01 2.671501e-01 2.690465e-01 2.680983e-01 9.481817e-04
 4.972866e-01 2.607635e-01 2.624851e-01 2.616243e-01 8.608013e-04
 5.065133e-01 2.541579e-01 2.557157e-01 2.549368e-01 7.789289e-04
 5.159111e-01 2.473350e-01 2.487398e-01 2.480374e-01 7.024061e-04
 5.254833e-01 2.402973e-01 2.415595e-01 2.409284e-01 6.310711e-04
 5.352330e-01 2.330481e-01 2.341776e-01 2.336129e-01 5.647587e-04
 5.451637e-01 2.255914e-01 2.265980e-01 2.260947e-01 5.032998e-04
 5.552787e-01 2.179322e-01 2.188253e-01 2.183788e-01 4.465221e-04
 5.655813e-01 2.100766e-01 2.108651e-01 2.104709e-01 3.942501e-04
 5.760750e-01 2.020317e-01 2.027243e-01 2.023780e-01 3.463045e-04
 5.867635e-01 1.938058e-01 1.944109e-01 1.941084e-01 3.025033e-04
 5.976503e-01 1.854088e-01 1.859341e-01 1.856715e-01 2.626612e-04
 6.087390e-01 1.768518e-01 1.773050e-01 1.770784e-01 2.265901e-04
 6.200335e-01 1.681477e-01 1.685359e-01 1.683418e-01 1.940993e-04
 6.315376e-01 1.593113e-01 1.596413e-01 1.594763e-01 1.649958e-04
 6.432551e-01 1.503591e-01 1.506373e-01 1.504982e-01 1.390847e-04
 6.551900e-01 1.413102e-01 1.415425e-01 1.414264e-01 1.161692e-04
 6.673464e-01 1.321858e-01 1.323779e-01 1.322818e-01 9.605168e-05
 6.797283e-01 1.230100e-01 1.231670e-01 1.230885e-01 7.853364e-05
 6.923399e-01 1.138098e-01 1.139366e-01 1.138732e-01 6.341662e-05
 7.051855e-01 1.046157e-01 1.047167e-01 1.046662e-01 5.050275e-05
 7.182695e-01 9.546155e-02 9.554074e-02 9.550114e-02 3.959555e-05
 7.315962e-01 8.638512e-02 8.644612e-02 8.641562e-02 3.050075e-05
 7.451702e-01 7.742850e-02 7.747456e-02 7.745153e-02 2.302726e-05
 7.589961e-01 6.863844e-02 6.867241e-02 6.865543e-02 1.698821e-05
 7.730784e-01 6.006718e-02 6.009158e-02 6.007938e-02 1.220212e-05
 7.874221e-01 5.177367e-02 5.179066e-02 5.178217e-02 8.494182e-06
 8.020319e-01 4.382361e-02 4.383501e-02 4.382931e-02 5.697640e-06
 8.169127e-01 3.628877e-02 3.629608e-02 3.629243e-02 3.655319e-06
 8.320696e-01 2.924554e-02 2.924998e-02 2.924776e-02 2.221173e-06
 8.475078e-01 2.277384e-02 2.277636e-02 2.277510e-02 1.261881e-06
 8.632324e-01 1.695771e-02 1.695902e-02 1.695836e-02 6.584305e-07
 8.792488e-01 1.189037e-02 1.189098e-02 1.189068e-02 3.077059e-07
 8.955623e-01 7.677506e-03 7.677754e-03 7.677630e-03 1.240569e-07
 9.121785e-01 4.418658e-03 4.418739e-03 4.418699e-03 4.060358e-08
 9.291030e-01 2.157254e-03 2.157273e-03 2.157264e-03 9.647477e-09
 9.463415e-01 8.146620e-04 8.146646e-04 8.146633e-04 1.294617e-09
 9.638999e-01 1.912164e-04 1.912164e-04 1.912164e-04 3.940734e-11
 9.817840e-01 1.170107e-05 1.170107e-05 1.170107e-05 3.993709e-15