
 0.001997 -2.479889e-05 
 0.003993 -6.747789e-05 
 0.005989 -1.191500e-04 
 0.007985 -1.769452e-04 
 0.009981 -2.390822e-04 
 0.011977 -3.044433e-04 
 0.013973 -3.722077e-04 
 0.015969 -4.417598e-04 
 0.017965 -5.126132e-04 
 0.019961 -5.843751e-04 
 0.021957 -6.567202e-04 
 0.023953 -7.293745e-04 
 0.025949 -8.021046e-04 
 0.027945 -8.747094e-04 
 0.029941 -9.470147e-04 
 0.031937 -1.018869e-03 
 0.033933 -1.090138e-03 
 0.035929 -1.160708e-03 
 0.037925 -1.230474e-03 
 0.039921 -1.299346e-03 
 0.041917 -1.367245e-03 
 0.043913 -1.434101e-03 
 0.045909 -1.499852e-03 
 0.047905 -1.564443e-03 
 0.049901 -1.627828e-03 
 0.051897 -1.689965e-03 
 0.053893 -1.750819e-03 
 0.055889 -1.810359e-03 
 0.057885 -1.868559e-03 
 0.059881 -1.925396e-03 
 0.061877 -1.980854e-03 
 0.063873 -2.034916e-03 
 0.065869 -2.087571e-03 
 0.067865 -2.138811e-03 
 0.069861 -2.188628e-03 
 0.071857 -2.237020e-03 
 0.073853 -2.283985e-03 
 0.075849 -2.329524e-03 
 0.077845 -2.373640e-03 
 0.079841 -2.416339e-03 
 0.081837 -2.457626e-03 
 0.083833 -2.497509e-03 
 0.085829 -2.535998e-03 
 0.087825 -2.573103e-03 
 0.089821 -2.608834e-03 
 0.091817 -2.643204e-03 
 0.093813 -2.676224e-03 
 0.095809 -2.707910e-03 
 0.097805 -2.738275e-03 
 0.099801 -2.767333e-03 
 0.101797 -2.795101e-03 
 0.103793 -2.821593e-03 
 0.105789 -2.846826e-03 
 0.107785 -2.870816e-03 
 0.109781 -2.893581e-03 
 0.111777 -2.915137e-03 
 0.113773 -2.935504e-03 
 0.115769 -2.954701e-03 
 0.117765 -2.972748e-03 
 0.119761 -2.989665e-03 
 0.121757 -3.005472e-03 
 0.123753 -3.020188e-03 
 0.125749 -3.033832e-03 
 0.127745 -3.046425e-03 
 0.129741 -3.057983e-03 
 0.131737 -3.068526e-03 
 0.133733 -3.078072e-03 
 0.135729 -3.086640e-03 
 0.137725 -3.094248e-03 
 0.139721 -3.100917e-03 
 0.141717 -3.106664e-03 
 0.143713 -3.111509e-03 
 0.145709 -3.115474e-03 
 0.147705 -3.118577e-03 
 0.149701 -3.120839e-03 
 0.151697 -3.122279e-03 
 0.153693 -3.122916e-03 
 0.155689 -3.122766e-03 
 0.157685 -3.121846e-03 
 0.159681 -3.120174e-03 
 0.161677 -3.117767e-03 
 0.163673 -3.114641e-03 
 0.165669 -3.110815e-03 
 0.167666 -3.106309e-03 
 0.169662 -3.101140e-03 
 0.171658 -3.095328e-03 
 0.173654 -3.088889e-03 
 0.175650 -3.081841e-03 
 0.177646 -3.074198e-03 
 0.179642 -3.065976e-03 
 0.181638 -3.057190e-03 
 0.183634 -3.047853e-03 
 0.185630 -3.037982e-03 
 0.187626 -3.027590e-03 
 0.189622 -3.016692e-03 
 0.191618 -3.005304e-03 
 0.193614 -2.993439e-03 
 0.195610 -2.981112e-03 
 0.197606 -2.968339e-03 
 0.199602 -2.955132e-03 
 0.201598 -2.941506e-03 
 0.203594 -2.927476e-03 
 0.205590 -2.913054e-03 
 0.207586 -2.898255e-03 
 0.209582 -2.883090e-03 
 0.211578 -2.867573e-03 
 0.213574 -2.851717e-03 
 0.215570 -2.835533e-03 
 0.217566 -2.819034e-03 
 0.219562 -2.802232e-03 
 0.221558 -2.785137e-03 
 0.223554 -2.767762e-03 
 0.225550 -2.750115e-03 
 0.227546 -2.732207e-03 
 0.229542 -2.714049e-03 
 0.231538 -2.695651e-03 
 0.233534 -2.677023e-03 
 0.235530 -2.658178e-03 
 0.237526 -2.639127e-03 
 0.239522 -2.619882e-03 
 0.241518 -2.600454e-03 
 0.243514 -2.580852e-03 
 0.245510 -2.561085e-03 
 0.247506 -2.541161e-03 
 0.249502 -2.521087e-03 
 0.251498 -2.500872e-03 
 0.253494 -2.480524e-03 
 0.255490 -2.460054e-03 
 0.257486 -2.439472e-03 
 0.259482 -2.418788e-03 
 0.261478 -2.398012e-03 
 0.263474 -2.377153e-03 
 0.265470 -2.356215e-03 
 0.267466 -2.335205e-03 
 0.269462 -2.314125e-03 
 0.271458 -2.292980e-03 
 0.273454 -2.271775e-03 
 0.275450 -2.250516e-03 
 0.277446 -2.229210e-03 
 0.279442 -2.207866e-03 
 0.281438 -2.186490e-03 
 0.283434 -2.165092e-03 
 0.285430 -2.143677e-03 
 0.287426 -2.122253e-03 
 0.289422 -2.100826e-03 
 0.291418 -2.079401e-03 
 0.293414 -2.057984e-03 
 0.295410 -2.036582e-03 
 0.297406 -2.015200e-03 
 0.299402 -1.993844e-03 
 0.301398 -1.972518e-03 
 0.303394 -1.951229e-03 
 0.305390 -1.929980e-03 
 0.307386 -1.908774e-03 
 0.309382 -1.887616e-03 
 0.311378 -1.866509e-03 
 0.313374 -1.845456e-03 
 0.315370 -1.824461e-03 
 0.317366 -1.803528e-03 
 0.319362 -1.782662e-03 
 0.321358 -1.761866e-03 
 0.323354 -1.741145e-03 
 0.325350 -1.720502e-03 
 0.327346 -1.699940e-03 
 0.329342 -1.679463e-03 
 0.331338 -1.659073e-03 
 0.333334 -1.638774e-03 
 0.335330 -1.618569e-03 
 0.337326 -1.598460e-03 
 0.339322 -1.578451e-03 
 0.341318 -1.558545e-03 
 0.343314 -1.538743e-03 
 0.345310 -1.519050e-03 
 0.347306 -1.499466e-03 
 0.349302 -1.479994e-03 
 0.351298 -1.460635e-03 
 0.353294 -1.441393e-03 
 0.355290 -1.422270e-03 
 0.357286 -1.403267e-03 
 0.359282 -1.384387e-03 
 0.361278 -1.365633e-03 
 0.363274 -1.347006e-03 
 0.365270 -1.328507e-03 
 0.367266 -1.310138e-03 
 0.369262 -1.291899e-03 
 0.371258 -1.273793e-03 
 0.373254 -1.255820e-03 
 0.375250 -1.237983e-03 
 0.377246 -1.220282e-03 
 0.379242 -1.202721e-03 
 0.381238 -1.185301e-03 
 0.383234 -1.168024e-03 
 0.385230 -1.150891e-03 
 0.387226 -1.133903e-03 
 0.389222 -1.117062e-03 
 0.391218 -1.100367e-03 
 0.393214 -1.083819e-03 
 0.395210 -1.067418e-03 
 0.397206 -1.051166e-03 
 0.399202 -1.035063e-03 
 0.401198 -1.019109e-03 
 0.403194 -1.003305e-03 
 0.405190 -9.876516e-04 
 0.407186 -9.721496e-04 
 0.409182 -9.567994e-04 
 0.411178 -9.416016e-04 
 0.413174 -9.265567e-04 
 0.415170 -9.116651e-04 
 0.417166 -8.969271e-04 
 0.419162 -8.823427e-04 
 0.421158 -8.679121e-04 
 0.423154 -8.536351e-04 
 0.425150 -8.395112e-04 
 0.427146 -8.255400e-04 
 0.429142 -8.117208e-04 
 0.431138 -7.980533e-04 
 0.433134 -7.845368e-04 
 0.435130 -7.711712e-04 
 0.437126 -7.579564e-04 
 0.439122 -7.448923e-04 
 0.441118 -7.319788e-04 
 0.443114 -7.192157e-04 
 0.445110 -7.066026e-04 
 0.447106 -6.941389e-04 
 0.449102 -6.818242e-04 
 0.451098 -6.696578e-04 
 0.453094 -6.576392e-04 
 0.455090 -6.457679e-04 
 0.457086 -6.340436e-04 
 0.459082 -6.224661e-04 
 0.461078 -6.110350e-04 
 0.463074 -5.997498e-04 
 0.465070 -5.886100e-04 
 0.467066 -5.776148e-04 
 0.469062 -5.667634e-04 
 0.471058 -5.560549e-04 
 0.473054 -5.454886e-04 
 0.475050 -5.350639e-04 
 0.477046 -5.247800e-04 
 0.479042 -5.146367e-04 
 0.481038 -5.046332e-04 
 0.483034 -4.947690e-04 
 0.485030 -4.850434e-04 
 0.487026 -4.754557e-04 
 0.489022 -4.660050e-04 
 0.491018 -4.566905e-04 
 0.493014 -4.475111e-04 
 0.495010 -4.384661e-04 
 0.497006 -4.295543e-04 
 0.499002 -4.207748e-04 
 0.500999 -4.121267e-04 
 0.502995 -4.036091e-04 
 0.504991 -3.952210e-04 
 0.506987 -3.869616e-04 
 0.508983 -3.788299e-04 
 0.510979 -3.708249e-04 
 0.512975 -3.629456e-04 
 0.514971 -3.551907e-04 
 0.516967 -3.475588e-04 
 0.518963 -3.400484e-04 
 0.520959 -3.326584e-04 
 0.522955 -3.253873e-04 
 0.524951 -3.182343e-04 
 0.526947 -3.111986e-04 
 0.528943 -3.042793e-04 
 0.530939 -2.974757e-04 
 0.532935 -2.907869e-04 
 0.534931 -2.842119e-04 
 0.536927 -2.777494e-04 
 0.538923 -2.713980e-04 
 0.540919 -2.651565e-04 
 0.542915 -2.590236e-04 
 0.544911 -2.529981e-04 
 0.546907 -2.470791e-04 
 0.548903 -2.412658e-04 
 0.550899 -2.355572e-04 
 0.552895 -2.299523e-04 
 0.554891 -2.244498e-04 
 0.556887 -2.190482e-04 
 0.558883 -2.137462e-04 
 0.560879 -2.085422e-04 
 0.562875 -2.034347e-04 
 0.564871 -1.984225e-04 
 0.566867 -1.935044e-04 
 0.568863 -1.886793e-04 
 0.570859 -1.839463e-04 
 0.572855 -1.793045e-04 
 0.574851 -1.747529e-04 
 0.576847 -1.702906e-04 
 0.578843 -1.659167e-04 
 0.580839 -1.616303e-04 
 0.582835 -1.574301e-04 
 0.584831 -1.533149e-04 
 0.586827 -1.492832e-04 
 0.588823 -1.453337e-04 
 0.590819 -1.414649e-04 
 0.592815 -1.376755e-04 
 0.594811 -1.339643e-04 
 0.596807 -1.303305e-04 
 0.598803 -1.267730e-04 
 0.600799 -1.232910e-04 
 0.602795 -1.198836e-04 
 0.604791 -1.165499e-04 
 0.606787 -1.132887e-04 
 0.608783 -1.100989e-04 
 0.610779 -1.069793e-04 
 0.612775 -1.039290e-04 
 0.614771 -1.009470e-04 
 0.616767 -9.803240e-05 
 0.618763 -9.518443e-05 
 0.620759 -9.240227e-05 
 0.622755 -8.968500e-05 
 0.624751 -8.703154e-05 
 0.626747 -8.444071e-05 
 0.628743 -8.191126e-05 
 0.630739 -7.944195e-05 
 0.632735 -7.703163e-05 
 0.634731 -7.467934e-05 
 0.636727 -7.238422e-05 
 0.638723 -7.014550e-05 
 0.640719 -6.796239e-05 
 0.642715 -6.583402e-05 
 0.644711 -6.375936e-05 
 0.646707 -6.173722e-05 
 0.648703 -5.976635e-05 
 0.650699 -5.784553e-05 
 0.652695 -5.597361e-05 
 0.654691 -5.414965e-05 
 0.656687 -5.237287e-05 
 0.658683 -5.064258e-05 
 0.660679 -4.895815e-05 
 0.662675 -4.731889e-05 
 0.664671 -4.572404e-05 
 0.666667 -4.417271e-05 
 0.668663 -4.266397e-05 
 0.670659 -4.119685e-05 
 0.672655 -3.977043e-05 
 0.674651 -3.838384e-05 
 0.676647 -3.703628e-05 
 0.678643 -3.572698e-05 
 0.680639 -3.445521e-05 
 0.682635 -3.322022e-05 
 0.684631 -3.202122e-05 
 0.686627 -3.085740e-05 
 0.688623 -2.972793e-05 
 0.690619 -2.863199e-05 
 0.692615 -2.756875e-05 
 0.694611 -2.653746e-05 
 0.696607 -2.553738e-05 
 0.698603 -2.456781e-05 
 0.700599 -2.362809e-05 
 0.702595 -2.271755e-05 
 0.704591 -2.183554e-05 
 0.706587 -2.098143e-05 
 0.708583 -2.015457e-05 
 0.710579 -1.935432e-05 
 0.712575 -1.858002e-05 
 0.714571 -1.783100e-05 
 0.716567 -1.710659e-05 
 0.718563 -1.640611e-05 
 0.720559 -1.572891e-05 
 0.722555 -1.507432e-05 
 0.724551 -1.444177e-05 
 0.726547 -1.383066e-05 
 0.728543 -1.324048e-05 
 0.730539 -1.267070e-05 
 0.732535 -1.212084e-05 
 0.734531 -1.159044e-05 
 0.736527 -1.107903e-05 
 0.738523 -1.058617e-05 
 0.740519 -1.011140e-05 
 0.742515 -9.654248e-06 
 0.744511 -9.214211e-06 
 0.746507 -8.790773e-06 
 0.748503 -8.383406e-06 
 0.750499 -7.991585e-06 
 0.752495 -7.614802e-06 
 0.754491 -7.252583e-06 
 0.756487 -6.904486e-06 
 0.758483 -6.570095e-06 
 0.760479 -6.249008e-06 
 0.762475 -5.940834e-06 
 0.764471 -5.645174e-06 
 0.766467 -5.361632e-06 
 0.768463 -5.089809e-06 
 0.770459 -4.829316e-06 
 0.772455 -4.579779e-06 
 0.774451 -4.340845e-06 
 0.776447 -4.112180e-06 
 0.778443 -3.893467e-06 
 0.780439 -3.684395e-06 
 0.782435 -3.484660e-06 
 0.784431 -3.293949e-06 
 0.786427 -3.111947e-06 
 0.788423 -2.938338e-06 
 0.790419 -2.772804e-06 
 0.792415 -2.615036e-06 
 0.794411 -2.464735e-06 
 0.796407 -2.321610e-06 
 0.798403 -2.185385e-06 
 0.800399 -2.055791e-06 
 0.802395 -1.932568e-06 
 0.804391 -1.815469e-06 
 0.806387 -1.704251e-06 
 0.808383 -1.598684e-06 
 0.810379 -1.498543e-06 
 0.812375 -1.403613e-06 
 0.814371 -1.313686e-06 
 0.816367 -1.228562e-06 
 0.818363 -1.148044e-06 
 0.820359 -1.071943e-06 
 0.822355 -1.000072e-06 
 0.824351 -9.322425e-07 
 0.826347 -8.682711e-07 
 0.828343 -8.079764e-07 
 0.830339 -7.511829e-07 
 0.832335 -6.977237e-07 
 0.834332 -6.474430e-07 
 0.836328 -6.001959e-07 
 0.838324 -5.558459e-07 
 0.840320 -5.142619e-07 
 0.842316 -4.753147e-07 
 0.844312 -4.388741e-07 
 0.846308 -4.048084e-07 
 0.848304 -3.729862e-07 
 0.850300 -3.432791e-07 
 0.852296 -3.155646e-07 
 0.854292 -2.897284e-07 
 0.856288 -2.656651e-07 
 0.858284 -2.432771e-07 
 0.860280 -2.224729e-07 
 0.862276 -2.031658e-07 
 0.864272 -1.852717e-07 
 0.866268 -1.687090e-07 
 0.868264 -1.533986e-07 
 0.870260 -1.392641e-07 
 0.872256 -1.262322e-07 
 0.874252 -1.142332e-07 
 0.876248 -1.032007e-07 
 0.878244 -9.307176e-08 
 0.880240 -8.378648e-08 
 0.882236 -7.528809e-08 
 0.884232 -6.752256e-08 
 0.886228 -6.043858e-08 
 0.888224 -5.398746e-08 
 0.890220 -4.812308e-08 
 0.892216 -4.280177e-08 
 0.894212 -3.798230e-08 
 0.896208 -3.362579e-08 
 0.898204 -2.969565e-08 
 0.900200 -2.615752e-08 
 0.902196 -2.297924e-08 
 0.904192 -2.013076e-08 
 0.906188 -1.758410e-08 
 0.908184 -1.531318e-08 
 0.910180 -1.329369e-08 
 0.912176 -1.150292e-08 
 0.914172 -9.919646e-09 
 0.916168 -8.523998e-09 
 0.918164 -7.297469e-09 
 0.920160 -6.222903e-09 
 0.922156 -5.284494e-09 
 0.924152 -4.467796e-09 
 0.926148 -3.759667e-09 
 0.928144 -3.148170e-09 
 0.930140 -2.622463e-09 
 0.932136 -2.172674e-09 
 0.934132 -1.789785e-09 
 0.936128 -1.465547e-09 
 0.938124 -1.192455e-09 
 0.940120 -9.637226e-10 
 0.942116 -7.732534e-10 
 0.944112 -6.156196e-10 
 0.946108 -4.860246e-10 
 0.948104 -3.802513e-10 
 0.950100 -2.946092e-10 
 0.952096 -2.258767e-10 
 0.954092 -1.712428e-10 
 0.956088 -1.282615e-10 
 0.958084 -9.482293e-11 
 0.960080 -6.912300e-11 
 0.962076 -4.963194e-11 
 0.964072 -3.506237e-11 
 0.966068 -2.434140e-11 
 0.968064 -1.658820e-11 
 0.970060 -1.109056e-11 
 0.972056 -7.279820e-12 
 0.974052 -4.705095e-12 
 0.976048 -3.012944e-12 
 0.978044 -1.934162e-12 
 0.980040 -1.269766e-12 
 0.982036 -8.758121e-13 
 0.984032 -6.476474e-13 
 0.986028 -5.093579e-13 
 0.988024 -4.101623e-13 
 0.990020 -3.207655e-13 
 0.992016 -2.299454e-13 
 0.994012 -1.407532e-13 
 0.996008 -6.527523e-14 
 0.998004 -1.652476e-14 