
 1.000000e-06 -7.399585e-07 0.000000e+00 -3.699793e-07  3.699793e-07
 1.027960e-06 -7.561938e-07 0.000000e+00 -3.780969e-07  3.780969e-07
 1.056701e-06 -7.727812e-07 0.000000e+00 -3.863906e-07  3.863906e-07
 1.086246e-06 -7.897281e-07 0.000000e+00 -3.948641e-07  3.948641e-07
 1.116617e-06 -8.070423e-07 0.000000e+00 -4.035212e-07  4.035212e-07
 1.147837e-06 -8.247317e-07 0.000000e+00 -4.123658e-07  4.123658e-07
 1.179930e-06 -8.428041e-07 0.000000e+00 -4.214021e-07  4.214021e-07
 1.212920e-06 -8.612679e-07 0.000000e+00 -4.306339e-07  4.306339e-07
 1.246833e-06 -8.801313e-07 0.000000e+00 -4.400657e-07  4.400657e-07
 1.281694e-06 -8.994030e-07 0.000000e+00 -4.497015e-07  4.497015e-07
 1.317530e-06 -9.190915e-07 0.000000e+00 -4.595457e-07  4.595457e-07
 1.354368e-06 -9.392058e-07 0.000000e+00 -4.696029e-07  4.696029e-07
 1.392235e-06 -9.597550e-07 0.000000e+00 -4.798775e-07  4.798775e-07
 1.431161e-06 -9.807484e-07 0.000000e+00 -4.903742e-07  4.903742e-07
 1.471176e-06 -1.002195e-06 0.000000e+00 -5.010977e-07  5.010977e-07
 1.512310e-06 -1.024106e-06 0.000000e+00 -5.120528e-07  5.120528e-07
 1.554593e-06 -1.046489e-06 0.000000e+00 -5.232445e-07  5.232445e-07
 1.598059e-06 -1.069355e-06 0.000000e+00 -5.346777e-07  5.346777e-07
 1.642740e-06 -1.092716e-06 0.000000e+00 -5.463578e-07  5.463578e-07
 1.688670e-06 -1.116580e-06 0.000000e+00 -5.582898e-07  5.582898e-07
 1.735885e-06 -1.140958e-06 0.000000e+00 -5.704791e-07  5.704791e-07
 1.784420e-06 -1.165862e-06 0.000000e+00 -5.829312e-07  5.829312e-07
 1.834311e-06 -1.191304e-06 0.000000e+00 -5.956518e-07  5.956518e-07
 1.885598e-06 -1.217293e-06 0.000000e+00 -6.086464e-07  6.086464e-07
 1.938319e-06 -1.243842e-06 0.000000e+00 -6.219210e-07  6.219210e-07
 1.992513e-06 -1.270963e-06 0.000000e+00 -6.354814e-07  6.354814e-07
 2.048223e-06 -1.298667e-06 0.000000e+00 -6.493337e-07  6.493337e-07
 2.105491e-06 -1.326968e-06 0.000000e+00 -6.634841e-07  6.634841e-07
 2.164359e-06 -1.355878e-06 0.000000e+00 -6.779390e-07  6.779390e-07
 2.224874e-06 -1.385409e-06 0.000000e+00 -6.927047e-07  6.927047e-07
 2.287080e-06 -1.415576e-06 0.000000e+00 -7.077878e-07  7.077878e-07
 2.351026e-06 -1.446390e-06 0.000000e+00 -7.231952e-07  7.231952e-07
 2.416760e-06 -1.477867e-06 0.000000e+00 -7.389336e-07  7.389336e-07
 2.484332e-06 -1.510020e-06 0.000000e+00 -7.550100e-07  7.550100e-07
 2.553793e-06 -1.542863e-06 0.000000e+00 -7.714316e-07  7.714316e-07
 2.625196e-06 -1.576411e-06 0.000000e+00 -7.882057e-07  7.882057e-07
 2.698595e-06 -1.610679e-06 0.000000e+00 -8.053397e-07  8.053397e-07
 2.774047e-06 -1.645682e-06 0.000000e+00 -8.228412e-07  8.228412e-07
 2.851608e-06 -1.681436e-06 0.000000e+00 -8.407181e-07  8.407181e-07
 2.931338e-06 -1.717956e-06 0.000000e+00 -8.589781e-07  8.589781e-07
 3.013297e-06 -1.755259e-06 0.000000e+00 -8.776295e-07  8.776295e-07
 3.097547e-06 -1.793361e-06 0.000000e+00 -8.966804e-07  8.966804e-07
 3.184154e-06 -1.832279e-06 0.000000e+00 -9.161393e-07  9.161393e-07
 3.273181e-06 -1.872030e-06 0.000000e+00 -9.360148e-07  9.360148e-07
 3.364698e-06 -1.912631e-06 0.000000e+00 -9.563156e-07  9.563156e-07
 3.458774e-06 -1.954101e-06 0.000000e+00 -9.770507e-07  9.770507e-07
 3.555480e-06 -1.996458e-06 0.000000e+00 -9.982292e-07  9.982292e-07
 3.654890e-06 -2.039721e-06 0.000000e+00 -1.019861e-06  1.019861e-06
 3.757079e-06 -2.083908e-06 0.000000e+00 -1.041954e-06  1.041954e-06
 3.862125e-06 -2.129039e-06 0.000000e+00 -1.064520e-06  1.064520e-06
 3.970109e-06 -2.175135e-06 0.000000e+00 -1.087567e-06  1.087567e-06
 4.081111e-06 -2.222214e-06 0.000000e+00 -1.111107e-06  1.111107e-06
 4.195218e-06 -2.270298e-06 0.000000e+00 -1.135149e-06  1.135149e-06
 4.312514e-06 -2.319407e-06 0.000000e+00 -1.159704e-06  1.159704e-06
 4.433090e-06 -2.369564e-06 0.000000e+00 -1.184782e-06  1.184782e-06
 4.557038e-06 -2.420791e-06 0.000000e+00 -1.210395e-06  1.210395e-06
 4.684451e-06 -2.473109e-06 0.000000e+00 -1.236554e-06  1.236554e-06
 4.815426e-06 -2.526542e-06 0.000000e+00 -1.263271e-06  1.263271e-06
 4.950064e-06 -2.581112e-06 0.000000e+00 -1.290556e-06  1.290556e-06
 5.088465e-06 -2.636845e-06 0.000000e+00 -1.318422e-06  1.318422e-06
 5.230737e-06 -2.693763e-06 0.000000e+00 -1.346882e-06  1.346882e-06
 5.376986e-06 -2.751892e-06 0.000000e+00 -1.375946e-06  1.375946e-06
 5.527325e-06 -2.811258e-06 0.000000e+00 -1.405629e-06  1.405629e-06
 5.681866e-06 -2.871885e-06 0.000000e+00 -1.435943e-06  1.435943e-06
 5.840729e-06 -2.933801e-06 0.000000e+00 -1.466901e-06  1.466901e-06
 6.004034e-06 -2.997032e-06 0.000000e+00 -1.498516e-06  1.498516e-06
 6.171904e-06 -3.061606e-06 0.000000e+00 -1.530803e-06  1.530803e-06
 6.344468e-06 -3.127551e-06 0.000000e+00 -1.563775e-06  1.563775e-06
 6.521857e-06 -3.194895e-06 0.000000e+00 -1.597447e-06  1.597447e-06
 6.704205e-06 -3.263667e-06 0.000000e+00 -1.631833e-06  1.631833e-06
 6.891652e-06 -3.333897e-06 0.000000e+00 -1.666949e-06  1.666949e-06
 7.084340e-06 -3.405616e-06 0.000000e+00 -1.702808e-06  1.702808e-06
 7.282415e-06 -3.478855e-06 0.000000e+00 -1.739427e-06  1.739427e-06
 7.486029e-06 -3.553644e-06 0.000000e+00 -1.776822e-06  1.776822e-06
 7.695335e-06 -3.630018e-06 0.000000e+00 -1.815009e-06  1.815009e-06
 7.910494e-06 -3.708007e-06 0.000000e+00 -1.854003e-06  1.854003e-06
 8.131668e-06 -3.787646e-06 0.000000e+00 -1.893823e-06  1.893823e-06
 8.359026e-06 -3.868970e-06 0.000000e+00 -1.934485e-06  1.934485e-06
 8.592741e-06 -3.952012e-06 0.000000e+00 -1.976006e-06  1.976006e-06
 8.832991e-06 -4.036809e-06 0.000000e+00 -2.018405e-06  2.018405e-06
 9.079958e-06 -4.123398e-06 0.000000e+00 -2.061699e-06  2.061699e-06
 9.333830e-06 -4.211814e-06 0.000000e+00 -2.105907e-06  2.105907e-06
 9.594800e-06 -4.302097e-06 0.000000e+00 -2.151048e-06  2.151048e-06
 9.863067e-06 -4.394284e-06 0.000000e+00 -2.197142e-06  2.197142e-06
 1.013883e-05 -4.488416e-06 0.000000e+00 -2.244208e-06  2.244208e-06
 1.042231e-05 -4.584532e-06 0.000000e+00 -2.292266e-06  2.292266e-06
 1.071372e-05 -4.682673e-06 0.000000e+00 -2.341337e-06  2.341337e-06
 1.101327e-05 -4.782882e-06 0.000000e+00 -2.391441e-06  2.391441e-06
 1.132119e-05 -4.885201e-06 0.000000e+00 -2.442600e-06  2.442600e-06
 1.163773e-05 -4.989673e-06 0.000000e+00 -2.494836e-06  2.494836e-06
 1.196312e-05 -5.096343e-06 0.000000e+00 -2.548171e-06  2.548171e-06
 1.229760e-05 -5.205256e-06 0.000000e+00 -2.602628e-06  2.602628e-06
 1.264144e-05 -5.316459e-06 0.000000e+00 -2.658229e-06  2.658229e-06
 1.299489e-05 -5.429998e-06 0.000000e+00 -2.714999e-06  2.714999e-06
 1.335822e-05 -5.545922e-06 0.000000e+00 -2.772961e-06  2.772961e-06
 1.373171e-05 -5.664281e-06 0.000000e+00 -2.832140e-06  2.832140e-06
 1.411564e-05 -5.785123e-06 0.000000e+00 -2.892561e-06  2.892561e-06
 1.451031e-05 -5.908500e-06 0.000000e+00 -2.954250e-06  2.954250e-06
 1.491601e-05 -6.034464e-06 0.000000e+00 -3.017232e-06  3.017232e-06
 1.533306e-05 -6.163068e-06 0.000000e+00 -3.081534e-06  3.081534e-06
 1.576176e-05 -6.294367e-06 0.000000e+00 -3.147184e-06  3.147184e-06
 1.620246e-05 -6.428416e-06 0.000000e+00 -3.214208e-06  3.214208e-06
 1.665547e-05 -6.565270e-06 0.000000e+00 -3.282635e-06  3.282635e-06
 1.712115e-05 -6.704989e-06 0.000000e+00 -3.352494e-06  3.352494e-06
 1.759985e-05 -6.847629e-06 0.000000e+00 -3.423815e-06  3.423815e-06
 1.809194e-05 -6.993252e-06 0.000000e+00 -3.496626e-06  3.496626e-06
 1.859778e-05 -7.141918e-06 0.000000e+00 -3.570959e-06  3.570959e-06
 1.911777e-05 -7.293689e-06 0.000000e+00 -3.646845e-06  3.646845e-06
 1.965229e-05 -7.448629e-06 0.000000e+00 -3.724315e-06  3.724315e-06
 2.020176e-05 -7.606803e-06 0.000000e+00 -3.803402e-06  3.803402e-06
 2.076659e-05 -7.768277e-06 0.000000e+00 -3.884138e-06  3.884138e-06
 2.134722e-05 -7.933117e-06 0.000000e+00 -3.966558e-06  3.966558e-06
 2.194408e-05 -8.101393e-06 0.000000e+00 -4.050696e-06  4.050696e-06
 2.255763e-05 -8.273175e-06 0.000000e+00 -4.136587e-06  4.136587e-06
 2.318833e-05 -8.448533e-06 0.000000e+00 -4.224267e-06  4.224267e-06
 2.383667e-05 -8.627542e-06 0.000000e+00 -4.313771e-06  4.313771e-06
 2.450313e-05 -8.810275e-06 0.000000e+00 -4.405138e-06  4.405138e-06
 2.518823e-05 -8.996808e-06 0.000000e+00 -4.498404e-06  4.498404e-06
 2.589248e-05 -9.187219e-06 0.000000e+00 -4.593609e-06  4.593609e-06
 2.661642e-05 -9.381585e-06 0.000000e+00 -4.690793e-06  4.690793e-06
 2.736061e-05 -9.579988e-06 0.000000e+00 -4.789994e-06  4.789994e-06
 2.812560e-05 -9.782509e-06 0.000000e+00 -4.891254e-06  4.891254e-06
 2.891198e-05 -9.989232e-06 0.000000e+00 -4.994616e-06  4.994616e-06
 2.972035e-05 -1.020024e-05 0.000000e+00 -5.100121e-06  5.100121e-06
 3.055132e-05 -1.041562e-05 0.000000e+00 -5.207812e-06  5.207812e-06
 3.140552e-05 -1.063547e-05 0.000000e+00 -5.317735e-06  5.317735e-06
 3.228361e-05 -1.085987e-05 0.000000e+00 -5.429935e-06  5.429935e-06
 3.318624e-05 -1.108891e-05 0.000000e+00 -5.544456e-06  5.544456e-06
 3.411412e-05 -1.132269e-05 0.000000e+00 -5.661347e-06  5.661347e-06
 3.506793e-05 -1.156131e-05 0.000000e+00 -5.780656e-06  5.780656e-06
 3.604842e-05 -1.180486e-05 0.000000e+00 -5.902430e-06  5.902430e-06
 3.705632e-05 -1.205344e-05 0.000000e+00 -6.026720e-06  6.026720e-06
 3.809240e-05 -1.230715e-05 0.000000e+00 -6.153576e-06  6.153576e-06
 3.915745e-05 -1.256610e-05 0.000000e+00 -6.283051e-06  6.283051e-06
 4.025227e-05 -1.283039e-05 0.000000e+00 -6.415196e-06  6.415196e-06
 4.137771e-05 -1.310013e-05 0.000000e+00 -6.550066e-06  6.550066e-06
 4.253462e-05 -1.337543e-05 0.000000e+00 -6.687715e-06  6.687715e-06
 4.372387e-05 -1.365640e-05 0.000000e+00 -6.828200e-06  6.828200e-06
 4.494637e-05 -1.394315e-05 0.000000e+00 -6.971577e-06  6.971577e-06
 4.620305e-05 -1.423581e-05 0.000000e+00 -7.117905e-06  7.117905e-06
 4.749487e-05 -1.453448e-05 0.000000e+00 -7.267241e-06  7.267241e-06
 4.882281e-05 -1.483930e-05 0.000000e+00 -7.419648e-06  7.419648e-06
 5.018787e-05 -1.515037e-05 0.000000e+00 -7.575186e-06  7.575186e-06
 5.159111e-05 -1.546784e-05 0.000000e+00 -7.733919e-06  7.733919e-06
 5.303357e-05 -1.579182e-05 0.000000e+00 -7.895909e-06  7.895909e-06
 5.451637e-05 -1.612244e-05 0.000000e+00 -8.061222e-06  8.061222e-06
 5.604063e-05 -1.645985e-05 0.000000e+00 -8.229926e-06  8.229926e-06
 5.760750e-05 -1.680417e-05 0.000000e+00 -8.402086e-06  8.402086e-06
 5.921818e-05 -1.715555e-05 0.000000e+00 -8.577773e-06  8.577773e-06
 6.087390e-05 -1.751411e-05 0.000000e+00 -8.757056e-06  8.757056e-06
 6.257591e-05 -1.788002e-05 0.000000e+00 -8.940008e-06  8.940008e-06
 6.432551e-05 -1.825340e-05 0.000000e+00 -9.126701e-06  9.126701e-06
 6.612403e-05 -1.863442e-05 0.000000e+00 -9.317210e-06  9.317210e-06
 6.797283e-05 -1.902322e-05 0.000000e+00 -9.511611e-06  9.511611e-06
 6.987332e-05 -1.941996e-05 0.000000e+00 -9.709981e-06  9.709981e-06
 7.182695e-05 -1.982480e-05 0.000000e+00 -9.912399e-06  9.912399e-06
 7.383520e-05 -2.023789e-05 0.000000e+00 -1.011895e-05  1.011895e-05
 7.589961e-05 -2.065941e-05 0.000000e+00 -1.032970e-05  1.032970e-05
 7.802173e-05 -2.108951e-05 0.000000e+00 -1.054475e-05  1.054475e-05
 8.020319e-05 -2.152837e-05 0.000000e+00 -1.076418e-05  1.076418e-05
 8.244563e-05 -2.197616e-05 0.000000e+00 -1.098808e-05  1.098808e-05
 8.475078e-05 -2.243306e-05 0.000000e+00 -1.121653e-05  1.121653e-05
 8.712038e-05 -2.289924e-05 0.000000e+00 -1.144962e-05  1.144962e-05
 8.955623e-05 -2.337490e-05 0.000000e+00 -1.168745e-05  1.168745e-05
 9.206019e-05 -2.386022e-05 0.000000e+00 -1.193011e-05  1.193011e-05
 9.463415e-05 -2.435539e-05 0.000000e+00 -1.217769e-05  1.217769e-05
 9.728009e-05 -2.486059e-05 0.000000e+00 -1.243030e-05  1.243030e-05
 1.000000e-04 -2.537605e-05 0.000000e+00 -1.268802e-05  1.268802e-05
 1.027960e-04 -2.590194e-05 0.000000e+00 -1.295097e-05  1.295097e-05
 1.056701e-04 -2.643848e-05 0.000000e+00 -1.321924e-05  1.321924e-05
 1.086246e-04 -2.698588e-05 0.000000e+00 -1.349294e-05  1.349294e-05
 1.116617e-04 -2.754435e-05 0.000000e+00 -1.377218e-05  1.377218e-05
 1.147837e-04 -2.811411e-05 0.000000e+00 -1.405706e-05  1.405706e-05
 1.179930e-04 -2.869538e-05 0.000000e+00 -1.434769e-05  1.434769e-05
 1.212920e-04 -2.928839e-05 0.000000e+00 -1.464419e-05  1.464419e-05
 1.246833e-04 -2.989336e-05 0.000000e+00 -1.494668e-05  1.494668e-05
 1.281694e-04 -3.051053e-05 0.000000e+00 -1.525526e-05  1.525526e-05
 1.317530e-04 -3.114013e-05 0.000000e+00 -1.557007e-05  1.557007e-05
 1.354368e-04 -3.178242e-05 0.000000e+00 -1.589121e-05  1.589121e-05
 1.392235e-04 -3.243764e-05 0.000000e+00 -1.621882e-05  1.621882e-05
 1.431161e-04 -3.310604e-05 0.000000e+00 -1.655302e-05  1.655302e-05
 1.471176e-04 -3.378788e-05 0.000000e+00 -1.689394e-05  1.689394e-05
 1.512310e-04 -3.448342e-05 0.000000e+00 -1.724171e-05  1.724171e-05
 1.554593e-04 -3.519293e-05 0.000000e+00 -1.759646e-05  1.759646e-05
 1.598059e-04 -3.591667e-05 0.000000e+00 -1.795834e-05  1.795834e-05
 1.642740e-04 -3.665493e-05 0.000000e+00 -1.832747e-05  1.832747e-05
 1.688670e-04 -3.740799e-05 0.000000e+00 -1.870399e-05  1.870399e-05
 1.735885e-04 -3.817613e-05 0.000000e+00 -1.908807e-05  1.908807e-05
 1.784420e-04 -3.895965e-05 0.000000e+00 -1.947983e-05  1.947983e-05
 1.834311e-04 -3.975885e-05 0.000000e+00 -1.987942e-05  1.987942e-05
 1.885598e-04 -4.057402e-05 0.000000e+00 -2.028701e-05  2.028701e-05
 1.938319e-04 -4.140549e-05 0.000000e+00 -2.070274e-05  2.070274e-05
 1.992513e-04 -4.225355e-05 0.000000e+00 -2.112678e-05  2.112678e-05
 2.048223e-04 -4.311854e-05 0.000000e+00 -2.155927e-05  2.155927e-05
 2.105491e-04 -4.400079e-05 0.000000e+00 -2.200039e-05  2.200039e-05
 2.164359e-04 -4.490061e-05 0.000000e+00 -2.245031e-05  2.245031e-05
 2.224874e-04 -4.581836e-05 0.000000e+00 -2.290918e-05  2.290918e-05
 2.287080e-04 -4.675438e-05 0.000000e+00 -2.337719e-05  2.337719e-05
 2.351026e-04 -4.770901e-05 0.000000e+00 -2.385451e-05  2.385451e-05
 2.416760e-04 -4.868262e-05 0.000000e+00 -2.434131e-05  2.434131e-05
 2.484332e-04 -4.967558e-05 0.000000e+00 -2.483779e-05  2.483779e-05
 2.553793e-04 -5.068825e-05 0.000000e+00 -2.534412e-05  2.534412e-05
 2.625196e-04 -5.172101e-05 0.000000e+00 -2.586050e-05  2.586050e-05
 2.698595e-04 -5.277424e-05 0.000000e+00 -2.638712e-05  2.638712e-05
 2.774047e-04 -5.384835e-05 0.000000e+00 -2.692417e-05  2.692417e-05
 2.851608e-04 -5.494372e-05 0.000000e+00 -2.747186e-05  2.747186e-05
 2.931338e-04 -5.606077e-05 0.000000e+00 -2.803038e-05  2.803038e-05
 3.013297e-04 -5.719990e-05 0.000000e+00 -2.859995e-05  2.859995e-05
 3.097547e-04 -5.836155e-05 0.000000e+00 -2.918077e-05  2.918077e-05
 3.184154e-04 -5.954613e-05 0.000000e+00 -2.977307e-05  2.977307e-05
 3.273181e-04 -6.075410e-05 0.000000e+00 -3.037705e-05  3.037705e-05
 3.364698e-04 -6.198588e-05 0.000000e+00 -3.099294e-05  3.099294e-05
 3.458774e-04 -6.324194e-05 0.000000e+00 -3.162097e-05  3.162097e-05
 3.555480e-04 -6.452274e-05 0.000000e+00 -3.226137e-05  3.226137e-05
 3.654890e-04 -6.582874e-05 0.000000e+00 -3.291437e-05  3.291437e-05
 3.757079e-04 -6.716043e-05 0.000000e+00 -3.358022e-05  3.358022e-05
 3.862125e-04 -6.851829e-05 0.000000e+00 -3.425915e-05  3.425915e-05
 3.970109e-04 -6.990282e-05 0.000000e+00 -3.495141e-05  3.495141e-05
 4.081111e-04 -7.131452e-05 0.000000e+00 -3.565726e-05  3.565726e-05
 4.195218e-04 -7.275391e-05 0.000000e+00 -3.637695e-05  3.637695e-05
 4.312514e-04 -7.422150e-05 0.000000e+00 -3.711075e-05  3.711075e-05
 4.433090e-04 -7.571784e-05 0.000000e+00 -3.785892e-05  3.785892e-05
 4.557038e-04 -7.724346e-05 0.000000e+00 -3.862173e-05  3.862173e-05
 4.684451e-04 -7.879892e-05 0.000000e+00 -3.939946e-05  3.939946e-05
 4.815426e-04 -8.038478e-05 0.000000e+00 -4.019239e-05  4.019239e-05
 4.950064e-04 -8.200161e-05 0.000000e+00 -4.100081e-05  4.100081e-05
 5.088465e-04 -8.364999e-05 0.000000e+00 -4.182500e-05  4.182500e-05
 5.230737e-04 -8.533052e-05 0.000000e+00 -4.266526e-05  4.266526e-05
 5.376986e-04 -8.704380e-05 0.000000e+00 -4.352190e-05  4.352190e-05
 5.527325e-04 -8.879044e-05 0.000000e+00 -4.439522e-05  4.439522e-05
 5.681866e-04 -9.057107e-05 0.000000e+00 -4.528553e-05  4.528553e-05
 5.840729e-04 -9.238632e-05 0.000000e+00 -4.619316e-05  4.619316e-05
 6.004034e-04 -9.423685e-05 0.000000e+00 -4.711843e-05  4.711843e-05
 6.171904e-04 -9.612331e-05 0.000000e+00 -4.806166e-05  4.806166e-05
 6.344468e-04 -9.804637e-05 0.000000e+00 -4.902319e-05  4.902319e-05
 6.521857e-04 -1.000067e-04 0.000000e+00 -5.000336e-05  5.000336e-05
 6.704205e-04 -1.020051e-04 0.000000e+00 -5.100253e-05  5.100253e-05
 6.891652e-04 -1.040421e-04 0.000000e+00 -5.202104e-05  5.202104e-05
 7.084340e-04 -1.061185e-04 0.000000e+00 -5.305925e-05  5.305925e-05
 7.282415e-04 -1.082351e-04 0.000000e+00 -5.411754e-05  5.411754e-05
 7.486029e-04 -1.103925e-04 0.000000e+00 -5.519627e-05  5.519627e-05
 7.695335e-04 -1.125916e-04 0.000000e+00 -5.629582e-05  5.629582e-05
 7.910494e-04 -1.148332e-04 0.000000e+00 -5.741659e-05  5.741659e-05
 8.131668e-04 -1.171179e-04 0.000000e+00 -5.855896e-05  5.855896e-05
 8.359026e-04 -1.194467e-04 0.000000e+00 -5.972333e-05  5.972333e-05
 8.592741e-04 -1.218202e-04 0.000000e+00 -6.091011e-05  6.091011e-05
 8.832991e-04 -1.242394e-04 0.000000e+00 -6.211972e-05  6.211972e-05
 9.079958e-04 -1.267052e-04 0.000000e+00 -6.335258e-05  6.335258e-05
 9.333830e-04 -1.292182e-04 0.000000e+00 -6.460911e-05  6.460911e-05
 9.594800e-04 -1.317795e-04 0.000000e+00 -6.588975e-05  6.588975e-05
 9.863067e-04 -1.343899e-04 0.000000e+00 -6.719495e-05  6.719495e-05
 1.013883e-03 -1.370503e-04 0.000000e+00 -6.852517e-05  6.852517e-05
 1.042231e-03 -1.397617e-04 0.000000e+00 -6.988085e-05  6.988085e-05
 1.071372e-03 -1.425249e-04 0.000000e+00 -7.126247e-05  7.126247e-05
 1.101327e-03 -1.453410e-04 0.000000e+00 -7.267051e-05  7.267051e-05
 1.132119e-03 -1.482109e-04 0.000000e+00 -7.410544e-05  7.410544e-05
 1.163773e-03 -1.511355e-04 0.000000e+00 -7.556777e-05  7.556777e-05
 1.196312e-03 -1.541160e-04 0.000000e+00 -7.705800e-05  7.705800e-05
 1.229760e-03 -1.571533e-04 0.000000e+00 -7.857663e-05  7.857663e-05
 1.264144e-03 -1.602484e-04 0.000000e+00 -8.012419e-05  8.012419e-05
 1.299489e-03 -1.634024e-04 0.000000e+00 -8.170121e-05  8.170121e-05
 1.335822e-03 -1.666165e-04 0.000000e+00 -8.330823e-05  8.330823e-05
 1.373171e-03 -1.698916e-04 0.000000e+00 -8.494578e-05  8.494578e-05
 1.411564e-03 -1.732289e-04 0.000000e+00 -8.661444e-05  8.661444e-05
 1.451031e-03 -1.766295e-04 0.000000e+00 -8.831476e-05  8.831476e-05
 1.491601e-03 -1.800947e-04 0.000000e+00 -9.004733e-05  9.004733e-05
 1.533306e-03 -1.836255e-04 0.000000e+00 -9.181273e-05  9.181273e-05
 1.576176e-03 -1.872231e-04 0.000000e+00 -9.361155e-05  9.361155e-05
 1.620246e-03 -1.908888e-04 0.000000e+00 -9.544442e-05  9.544442e-05
 1.665547e-03 -1.946239e-04 0.000000e+00 -9.731194e-05  9.731194e-05
 1.712115e-03 -1.984295e-04 0.000000e+00 -9.921475e-05  9.921475e-05
 1.759985e-03 -2.023070e-04 0.000000e+00 -1.011535e-04  1.011535e-04
 1.809194e-03 -2.062576e-04 0.000000e+00 -1.031288e-04  1.031288e-04
 1.859778e-03 -2.102827e-04 0.000000e+00 -1.051413e-04  1.051413e-04
 1.911777e-03 -2.143836e-04 0.000000e+00 -1.071918e-04  1.071918e-04
 1.965229e-03 -2.185618e-04 0.000000e+00 -1.092809e-04  1.092809e-04
 2.020176e-03 -2.228185e-04 0.000000e+00 -1.114092e-04  1.114092e-04
 2.076659e-03 -2.271552e-04 0.000000e+00 -1.135776e-04  1.135776e-04
 2.134722e-03 -2.315735e-04 0.000000e+00 -1.157867e-04  1.157867e-04
 2.194408e-03 -2.360746e-04 0.000000e+00 -1.180373e-04  1.180373e-04
 2.255763e-03 -2.406602e-04 0.000000e+00 -1.203301e-04  1.203301e-04
 2.318833e-03 -2.453317e-04 0.000000e+00 -1.226659e-04  1.226659e-04
 2.383667e-03 -2.500908e-04 0.000000e+00 -1.250454e-04  1.250454e-04
 2.450313e-03 -2.549389e-04 0.000000e+00 -1.274695e-04  1.274695e-04
 2.518823e-03 -2.598777e-04 0.000000e+00 -1.299389e-04  1.299389e-04
 2.589248e-03 -2.649088e-04 0.000000e+00 -1.324544e-04  1.324544e-04
 2.661642e-03 -2.700339e-04 0.000000e+00 -1.350170e-04  1.350170e-04
 2.736061e-03 -2.752547e-04 0.000000e+00 -1.376273e-04  1.376273e-04
 2.812560e-03 -2.805728e-04 0.000000e+00 -1.402864e-04  1.402864e-04
 2.891198e-03 -2.859900e-04 0.000000e+00 -1.429950e-04  1.429950e-04
 2.972035e-03 -2.915082e-04 0.000000e+00 -1.457541e-04  1.457541e-04
 3.055132e-03 -2.971290e-04 0.000000e+00 -1.485645e-04  1.485645e-04
 3.140552e-03 -3.028545e-04 0.000000e+00 -1.514272e-04  1.514272e-04
 3.228361e-03 -3.086863e-04 0.000000e+00 -1.543431e-04  1.543431e-04
 3.318624e-03 -3.146264e-04 0.000000e+00 -1.573132e-04  1.573132e-04
 3.411412e-03 -3.206768e-04 0.000000e+00 -1.603384e-04  1.603384e-04
 3.506793e-03 -3.268394e-04 0.000000e+00 -1.634197e-04  1.634197e-04
 3.604842e-03 -3.331162e-04 0.000000e+00 -1.665581e-04  1.665581e-04
 3.705632e-03 -3.395093e-04 0.000000e+00 -1.697547e-04  1.697547e-04
 3.809240e-03 -3.460208e-04 0.000000e+00 -1.730104e-04  1.730104e-04
 3.915745e-03 -3.526526e-04 0.000000e+00 -1.763263e-04  1.763263e-04
 4.025227e-03 -3.594071e-04 0.000000e+00 -1.797035e-04  1.797035e-04
 4.137771e-03 -3.662863e-04 0.000000e+00 -1.831431e-04  1.831431e-04
 4.253462e-03 -3.732924e-04 0.000000e+00 -1.866462e-04  1.866462e-04
 4.372387e-03 -3.804278e-04 0.000000e+00 -1.902139e-04  1.902139e-04
 4.494637e-03 -3.876947e-04 0.000000e+00 -1.938473e-04  1.938473e-04
 4.620305e-03 -3.950954e-04 0.000000e+00 -1.975477e-04  1.975477e-04
 4.749487e-03 -4.026323e-04 0.000000e+00 -2.013161e-04  2.013161e-04
 4.882281e-03 -4.103078e-04 0.000000e+00 -2.051539e-04  2.051539e-04
 5.018787e-03 -4.181243e-04 0.000000e+00 -2.090622e-04  2.090622e-04
 5.159111e-03 -4.260844e-04 0.000000e+00 -2.130422e-04  2.130422e-04
 5.303357e-03 -4.341905e-04 0.000000e+00 -2.170952e-04  2.170952e-04
 5.451637e-03 -4.424452e-04 0.000000e+00 -2.212226e-04  2.212226e-04
 5.604063e-03 -4.508511e-04 0.000000e+00 -2.254256e-04  2.254256e-04
 5.760750e-03 -4.594109e-04 0.000000e+00 -2.297055e-04  2.297055e-04
 5.921818e-03 -4.681273e-04 0.000000e+00 -2.340636e-04  2.340636e-04
 6.087390e-03 -4.770029e-04 0.000000e+00 -2.385014e-04  2.385014e-04
 6.257591e-03 -4.860405e-04 0.000000e+00 -2.430203e-04  2.430203e-04
 6.432551e-03 -4.952430e-04 0.000000e+00 -2.476215e-04  2.476215e-04
 6.612403e-03 -5.046132e-04 0.000000e+00 -2.523066e-04  2.523066e-04
 6.797283e-03 -5.141539e-04 0.000000e+00 -2.570770e-04  2.570770e-04
 6.987332e-03 -5.238682e-04 0.000000e+00 -2.619341e-04  2.619341e-04
 7.182695e-03 -5.337590e-04 0.000000e+00 -2.668795e-04  2.668795e-04
 7.383520e-03 -5.438294e-04 0.000000e+00 -2.719147e-04  2.719147e-04
 7.589961e-03 -5.540823e-04 0.000000e+00 -2.770411e-04  2.770411e-04
 7.802173e-03 -5.645208e-04 0.000000e+00 -2.822604e-04  2.822604e-04
 8.020319e-03 -5.751482e-04 0.000000e+00 -2.875741e-04  2.875741e-04
 8.244563e-03 -5.859676e-04 0.000000e+00 -2.929838e-04  2.929838e-04
 8.475078e-03 -5.969822e-04 0.000000e+00 -2.984911e-04  2.984911e-04
 8.712038e-03 -6.081952e-04 0.000000e+00 -3.040976e-04  3.040976e-04
 8.955623e-03 -6.196100e-04 0.000000e+00 -3.098050e-04  3.098050e-04
 9.206019e-03 -6.312299e-04 0.000000e+00 -3.156149e-04  3.156149e-04
 9.463415e-03 -6.430582e-04 0.000000e+00 -3.215291e-04  3.215291e-04
 9.728009e-03 -6.550983e-04 0.000000e+00 -3.275492e-04  3.275492e-04
 1.000000e-02 -6.673537e-04 0.000000e+00 -3.336769e-04  3.336769e-04
 1.027960e-02 -6.798278e-04 0.000000e+00 -3.399139e-04  3.399139e-04
 1.056701e-02 -6.925240e-04 0.000000e+00 -3.462620e-04  3.462620e-04
 1.086246e-02 -7.054460e-04 0.000000e+00 -3.527230e-04  3.527230e-04
 1.116617e-02 -7.185970e-04 0.000000e+00 -3.592985e-04  3.592985e-04
 1.147837e-02 -7.319809e-04 0.000000e+00 -3.659904e-04  3.659904e-04
 1.179930e-02 -7.456009e-04 0.000000e+00 -3.728005e-04  3.728005e-04
 1.212920e-02 -7.594608e-04 0.000000e+00 -3.797304e-04  3.797304e-04
 1.246833e-02 -7.735641e-04 0.000000e+00 -3.867821e-04  3.867821e-04
 1.281694e-02 -7.879143e-04 0.000000e+00 -3.939572e-04  3.939572e-04
 1.317530e-02 -8.025150e-04 0.000000e+00 -4.012575e-04  4.012575e-04
 1.354368e-02 -8.173698e-04 0.000000e+00 -4.086849e-04  4.086849e-04
 1.392235e-02 -8.324821e-04 0.000000e+00 -4.162411e-04  4.162411e-04
 1.431161e-02 -8.478555e-04 0.000000e+00 -4.239278e-04  4.239278e-04
 1.471176e-02 -8.634934e-04 0.000000e+00 -4.317467e-04  4.317467e-04
 1.512310e-02 -8.793993e-04 0.000000e+00 -4.396997e-04  4.396997e-04
 1.554593e-02 -8.955765e-04 0.000000e+00 -4.477883e-04  4.477883e-04
 1.598059e-02 -9.120284e-04 0.000000e+00 -4.560142e-04  4.560142e-04
 1.642740e-02 -9.287582e-04 0.000000e+00 -4.643791e-04  4.643791e-04
 1.688670e-02 -9.457690e-04 0.000000e+00 -4.728845e-04  4.728845e-04
 1.735885e-02 -9.630639e-04 0.000000e+00 -4.815320e-04  4.815320e-04
 1.784420e-02 -9.806459e-04 0.000000e+00 -4.903230e-04  4.903230e-04
 1.834311e-02 -9.985178e-04 0.000000e+00 -4.992589e-04  4.992589e-04
 1.885598e-02 -1.016682e-03 0.000000e+00 -5.083411e-04  5.083411e-04
 1.938319e-02 -1.035142e-03 0.000000e+00 -5.175709e-04  5.175709e-04
 1.992513e-02 -1.053899e-03 0.000000e+00 -5.269494e-04  5.269494e-04
 2.048223e-02 -1.072955e-03 0.000000e+00 -5.364777e-04  5.364777e-04
 2.105491e-02 -1.092314e-03 0.000000e+00 -5.461568e-04  5.461568e-04
 2.164359e-02 -1.111975e-03 0.000000e+00 -5.559874e-04  5.559874e-04
 2.224874e-02 -1.131941e-03 0.000000e+00 -5.659703e-04  5.659703e-04
 2.287080e-02 -1.152212e-03 0.000000e+00 -5.761061e-04  5.761061e-04
 2.351026e-02 -1.172790e-03 0.000000e+00 -5.863951e-04  5.863951e-04
 2.416760e-02 -1.193675e-03 0.000000e+00 -5.968374e-04  5.968374e-04
 2.484332e-02 -1.214866e-03 0.000000e+00 -6.074332e-04  6.074332e-04
 2.553793e-02 -1.236364e-03 0.000000e+00 -6.181822e-04  6.181822e-04
 2.625196e-02 -1.258168e-03 0.000000e+00 -6.290839e-04  6.290839e-04
 2.698595e-02 -1.280275e-03 0.000000e+00 -6.401377e-04  6.401377e-04
 2.774047e-02 -1.302685e-03 0.000000e+00 -6.513425e-04  6.513425e-04
 2.851608e-02 -1.325394e-03 0.000000e+00 -6.626970e-04  6.626970e-04
 2.931338e-02 -1.348399e-03 0.000000e+00 -6.741997e-04  6.741997e-04
 3.013297e-02 -1.371697e-03 0.000000e+00 -6.858487e-04  6.858487e-04
 3.097547e-02 -1.395283e-03 0.000000e+00 -6.976415e-04  6.976415e-04
 3.184154e-02 -1.419151e-03 0.000000e+00 -7.095756e-04  7.095756e-04
 3.273181e-02 -1.443295e-03 0.000000e+00 -7.216476e-04  7.216476e-04
 3.364698e-02 -1.467708e-03 0.000000e+00 -7.338541e-04  7.338541e-04
 3.458774e-02 -1.492382e-03 0.000000e+00 -7.461909e-04  7.461909e-04
 3.555480e-02 -1.517307e-03 0.000000e+00 -7.586535e-04  7.586535e-04
 3.654890e-02 -1.542473e-03 0.000000e+00 -7.712367e-04  7.712367e-04
 3.757079e-02 -1.567869e-03 0.000000e+00 -7.839347e-04  7.839347e-04
 3.862125e-02 -1.593482e-03 0.000000e+00 -7.967411e-04  7.967411e-04
 3.970109e-02 -1.619298e-03 0.000000e+00 -8.096491e-04  8.096491e-04
 4.081111e-02 -1.645301e-03 0.000000e+00 -8.226507e-04  8.226507e-04
 4.195218e-02 -1.671475e-03 0.000000e+00 -8.357377e-04  8.357377e-04
 4.312514e-02 -1.697801e-03 0.000000e+00 -8.489007e-04  8.489007e-04
 4.433090e-02 -1.724260e-03 0.000000e+00 -8.621299e-04  8.621299e-04
 4.557038e-02 -1.750829e-03 0.000000e+00 -8.754144e-04  8.754144e-04
 4.684451e-02 -1.777485e-03 0.000000e+00 -8.887426e-04  8.887426e-04
 4.815426e-02 -1.804203e-03 0.000000e+00 -9.021017e-04  9.021017e-04
 4.950064e-02 -1.830957e-03 0.000000e+00 -9.154783e-04  9.154783e-04
 5.088465e-02 -1.857715e-03 0.000000e+00 -9.288577e-04  9.288577e-04
 5.230737e-02 -1.884449e-03 0.000000e+00 -9.422243e-04  9.422243e-04
 5.376986e-02 -1.911123e-03 0.000000e+00 -9.555613e-04  9.555613e-04
 5.527325e-02 -1.937701e-03 0.000000e+00 -9.688506e-04  9.688506e-04
 5.681866e-02 -1.964146e-03 0.000000e+00 -9.820732e-04  9.820732e-04
 5.840729e-02 -1.990417e-03 0.000000e+00 -9.952086e-04  9.952086e-04
 6.004034e-02 -2.016470e-03 0.000000e+00 -1.008235e-03  1.008235e-03
 6.171904e-02 -2.042260e-03 0.000000e+00 -1.021130e-03  1.021130e-03
 6.344468e-02 -2.067739e-03 0.000000e+00 -1.033869e-03  1.033869e-03
 6.521857e-02 -2.092856e-03 0.000000e+00 -1.046428e-03  1.046428e-03
 6.704205e-02 -2.117558e-03 0.000000e+00 -1.058779e-03  1.058779e-03
 6.891652e-02 -2.141791e-03 0.000000e+00 -1.070895e-03  1.070895e-03
 7.084340e-02 -2.165496e-03 0.000000e+00 -1.082748e-03  1.082748e-03
 7.282415e-02 -2.188615e-03 0.000000e+00 -1.094307e-03  1.094307e-03
 7.486029e-02 -2.211083e-03 0.000000e+00 -1.105541e-03  1.105541e-03
 7.695335e-02 -2.232835e-03 0.000000e+00 -1.116418e-03  1.116418e-03
 7.910494e-02 -2.253803e-03 0.000000e+00 -1.126901e-03  1.126901e-03
 8.131668e-02 -2.273914e-03 0.000000e+00 -1.136957e-03  1.136957e-03
 8.359026e-02 -2.293096e-03 0.000000e+00 -1.146548e-03  1.146548e-03
 8.592741e-02 -2.311274e-03 0.000000e+00 -1.155637e-03  1.155637e-03
 8.832991e-02 -2.328370e-03 0.000000e+00 -1.164185e-03  1.164185e-03
 9.079958e-02 -2.344308e-03 0.000000e+00 -1.172154e-03  1.172154e-03
 9.333830e-02 -2.359008e-03 0.000000e+00 -1.179504e-03  1.179504e-03
 9.594800e-02 -2.372391e-03 0.000000e+00 -1.186195e-03  1.186195e-03
 9.863067e-02 -2.384372e-03 0.000000e+00 -1.192186e-03  1.192186e-03
 1.013883e-01 -2.394867e-03 0.000000e+00 -1.197433e-03  1.197433e-03
 1.042231e-01 -2.403790e-03 0.000000e+00 -1.201895e-03  1.201895e-03
 1.071372e-01 -2.411053e-03 0.000000e+00 -1.205527e-03  1.205527e-03
 1.101327e-01 -2.416570e-03 0.000000e+00 -1.208285e-03  1.208285e-03
 1.132119e-01 -2.420255e-03 0.000000e+00 -1.210127e-03  1.210127e-03
 1.163773e-01 -2.422024e-03 0.000000e+00 -1.211012e-03  1.211012e-03
 1.196312e-01 -2.421800e-03 0.000000e+00 -1.210900e-03  1.210900e-03
 1.229760e-01 -2.419510e-03 0.000000e+00 -1.209755e-03  1.209755e-03
 1.264144e-01 -2.415081e-03 0.000000e+00 -1.207541e-03  1.207541e-03
 1.299489e-01 -2.408440e-03 0.000000e+00 -1.204220e-03  1.204220e-03
 1.335822e-01 -2.399512e-03 0.000000e+00 -1.199756e-03  1.199756e-03
 1.373171e-01 -2.388223e-03 0.000000e+00 -1.194111e-03  1.194111e-03
 1.411564e-01 -2.374504e-03 0.000000e+00 -1.187252e-03  1.187252e-03
 1.451031e-01 -2.358298e-03 0.000000e+00 -1.179149e-03  1.179149e-03
 1.491601e-01 -2.339554e-03 0.000000e+00 -1.169777e-03  1.169777e-03
 1.533306e-01 -2.318231e-03 0.000000e+00 -1.159116e-03  1.159116e-03
 1.576176e-01 -2.294303e-03 0.000000e+00 -1.147151e-03  1.147151e-03
 1.620246e-01 -2.267754e-03 0.000000e+00 -1.133877e-03  1.133877e-03
 1.665547e-01 -2.238583e-03 0.000000e+00 -1.119292e-03  1.119292e-03
 1.712115e-01 -2.206786e-03 0.000000e+00 -1.103393e-03  1.103393e-03
 1.759985e-01 -2.172354e-03 0.000000e+00 -1.086177e-03  1.086177e-03
 1.809194e-01 -2.135287e-03 0.000000e+00 -1.067643e-03  1.067643e-03
 1.859778e-01 -2.095613e-03 0.000000e+00 -1.047807e-03  1.047807e-03
 1.911777e-01 -2.053376e-03 0.000000e+00 -1.026688e-03  1.026688e-03
 1.965229e-01 -2.008620e-03 0.000000e+00 -1.004310e-03  1.004310e-03
 2.020176e-01 -1.961408e-03 0.000000e+00 -9.807042e-04  9.807042e-04
 2.076659e-01 -1.911829e-03 0.000000e+00 -9.559147e-04  9.559147e-04
 2.134722e-01 -1.859968e-03 0.000000e+00 -9.299842e-04  9.299842e-04
 2.194408e-01 -1.805896e-03 0.000000e+00 -9.029481e-04  9.029481e-04
 2.255763e-01 -1.749737e-03 0.000000e+00 -8.748683e-04  8.748683e-04
 2.318833e-01 -1.691663e-03 0.000000e+00 -8.458316e-04  8.458316e-04
 2.383667e-01 -1.631803e-03 0.000000e+00 -8.159016e-04  8.159016e-04
 2.450313e-01 -1.570296e-03 0.000000e+00 -7.851479e-04  7.851479e-04
 2.518823e-01 -1.507368e-03 0.000000e+00 -7.536842e-04  7.536842e-04
 2.589248e-01 -1.443259e-03 0.000000e+00 -7.216294e-04  7.216294e-04
 2.661642e-01 -1.378165e-03 0.000000e+00 -6.890823e-04  6.890823e-04
 2.736061e-01 -1.312243e-03 0.000000e+00 -6.561217e-04  6.561217e-04
 2.812560e-01 -1.245688e-03 0.000000e+00 -6.228440e-04  6.228440e-04
 2.891198e-01 -1.178756e-03 0.000000e+00 -5.893779e-04  5.893779e-04
 2.972035e-01 -1.111703e-03 0.000000e+00 -5.558516e-04  5.558516e-04
 3.055132e-01 -1.044730e-03 0.000000e+00 -5.223652e-04  5.223652e-04
 3.140552e-01 -9.782012e-04 0.000000e+00 -4.891006e-04  4.891006e-04
 3.228361e-01 -9.123651e-04 0.000000e+00 -4.561825e-04  4.561825e-04
 3.318624e-01 -8.474370e-04 0.000000e+00 -4.237185e-04  4.237185e-04
 3.411412e-01 -7.837183e-04 0.000000e+00 -3.918591e-04  3.918591e-04
 3.506793e-01 -7.214337e-04 0.000000e+00 -3.607168e-04  3.607168e-04
 3.604842e-01 -6.608432e-04 0.000000e+00 -3.304216e-04  3.304216e-04
 3.705632e-01 -6.021691e-04 0.000000e+00 -3.010846e-04  3.010846e-04
 3.809240e-01 -5.456819e-04 0.000000e+00 -2.728410e-04  2.728410e-04
 3.915745e-01 -4.915552e-04 0.000000e+00 -2.457776e-04  2.457776e-04
 4.025227e-01 -4.399451e-04 0.000000e+00 -2.199726e-04  2.199726e-04
 4.137771e-01 -3.910446e-04 0.000000e+00 -1.955223e-04  1.955223e-04
 4.253462e-01 -3.450598e-04 0.000000e+00 -1.725299e-04  1.725299e-04
 4.372387e-01 -3.021007e-04 0.000000e+00 -1.510504e-04  1.510504e-04
 4.494637e-01 -2.622313e-04 0.000000e+00 -1.311156e-04  1.311156e-04
 4.620305e-01 -2.255201e-04 0.000000e+00 -1.127600e-04  1.127600e-04
 4.749487e-01 -1.919449e-04 0.000000e+00 -9.597243e-05  9.597243e-05
 4.882281e-01 -1.615862e-04 0.000000e+00 -8.079308e-05  8.079308e-05
 5.018787e-01 -1.343759e-04 0.000000e+00 -6.718793e-05  6.718793e-05
 5.159111e-01 -1.102720e-04 0.000000e+00 -5.513601e-05  5.513601e-05
 5.303357e-01 -8.913999e-05 0.000000e+00 -4.456999e-05  4.456999e-05
 5.451637e-01 -7.085053e-05 0.000000e+00 -3.542527e-05  3.542527e-05
 5.604063e-01 -5.527343e-05 0.000000e+00 -2.763672e-05  2.763672e-05
 5.760750e-01 -4.219942e-05 0.000000e+00 -2.109971e-05  2.109971e-05
 5.921818e-01 -3.143966e-05 0.000000e+00 -1.571983e-05  1.571983e-05
 6.087390e-01 -2.274481e-05 0.000000e+00 -1.137241e-05  1.137241e-05
 6.257591e-01 -1.590351e-05 0.000000e+00 -7.951757e-06  7.951757e-06
 6.432551e-01 -1.065557e-05 0.000000e+00 -5.327787e-06  5.327787e-06
 6.612403e-01 -6.772692e-06 0.000000e+00 -3.386346e-06  3.386346e-06
 6.797283e-01 -4.005241e-06 0.000000e+00 -2.002621e-06  2.002621e-06
 6.987332e-01 -2.134131e-06 0.000000e+00 -1.067065e-06  1.067065e-06
 7.182695e-01 -9.471226e-07 0.000000e+00 -4.735613e-07  4.735613e-07
 7.383520e-01 -2.627965e-07 0.000000e+00 -1.313982e-07  1.313982e-07
 7.589961e-01 7.699374e-08 0.000000e+00 3.849687e-08  -3.849687e-08
 7.802173e-01 1.976448e-07 0.000000e+00 9.882241e-08  -9.882241e-08
 8.020319e-01 1.988816e-07 0.000000e+00 9.944082e-08  -9.944082e-08
 8.244563e-01 1.489470e-07 0.000000e+00 7.447352e-08  -7.447352e-08
 8.475078e-01 9.048850e-08 0.000000e+00 4.524425e-08  -4.524425e-08
 8.712038e-01 4.465013e-08 0.000000e+00 2.232506e-08  -2.232506e-08
 8.955623e-01 1.719766e-08 0.000000e+00 8.598829e-09  -8.598829e-09
 9.206019e-01 4.599501e-09 0.000000e+00 2.299751e-09  -2.299751e-09
 9.463415e-01 6.636050e-10 0.000000e+00 3.318025e-10  -3.318025e-10
 9.728009e-01 2.148753e-11 0.000000e+00 1.074376e-11  -1.074376e-11