
 0.001997 2.850099e-03 
 0.003993 7.741083e-03 
 0.005989 1.365300e-02 
 0.007985 2.025630e-02 
 0.009981 2.734646e-02 
 0.011977 3.479525e-02 
 0.013973 4.250854e-02 
 0.015969 5.041580e-02 
 0.017965 5.846143e-02 
 0.019961 6.660059e-02 
 0.021957 7.479623e-02 
 0.023953 8.301731e-02 
 0.025949 9.123741e-02 
 0.027945 9.943392e-02 
 0.029941 1.075873e-01 
 0.031937 1.156807e-01 
 0.033933 1.236993e-01 
 0.035929 1.316305e-01 
 0.037925 1.394629e-01 
 0.039921 1.471868e-01 
 0.041917 1.547937e-01 
 0.043913 1.622761e-01 
 0.045909 1.696275e-01 
 0.047905 1.768424e-01 
 0.049901 1.839158e-01 
 0.051897 1.908436e-01 
 0.053893 1.976224e-01 
 0.055889 2.042492e-01 
 0.057885 2.107215e-01 
 0.059881 2.170375e-01 
 0.061877 2.231956e-01 
 0.063873 2.291947e-01 
 0.065869 2.350339e-01 
 0.067865 2.407128e-01 
 0.069861 2.462310e-01 
 0.071857 2.515887e-01 
 0.073853 2.567859e-01 
 0.075849 2.618232e-01 
 0.077845 2.667012e-01 
 0.079841 2.714207e-01 
 0.081837 2.759827e-01 
 0.083833 2.803884e-01 
 0.085829 2.846391e-01 
 0.087825 2.887362e-01 
 0.089821 2.926814e-01 
 0.091817 2.964762e-01 
 0.093813 3.001223e-01 
 0.095809 3.036215e-01 
 0.097805 3.069756e-01 
 0.099801 3.101863e-01 
 0.101797 3.132556e-01 
 0.103793 3.161853e-01 
 0.105789 3.189777e-01 
 0.107785 3.216346e-01 
 0.109781 3.241582e-01 
 0.111777 3.265506e-01 
 0.113773 3.288140e-01 
 0.115769 3.309504e-01 
 0.117765 3.329621e-01 
 0.119761 3.348511e-01 
 0.121757 3.366196e-01 
 0.123753 3.382698e-01 
 0.125749 3.398040e-01 
 0.127745 3.412243e-01 
 0.129741 3.425329e-01 
 0.131737 3.437321e-01 
 0.133733 3.448240e-01 
 0.135729 3.458108e-01 
 0.137725 3.466946e-01 
 0.139721 3.474776e-01 
 0.141717 3.481617e-01 
 0.143713 3.487491e-01 
 0.145709 3.492416e-01 
 0.147705 3.496412e-01 
 0.149701 3.499499e-01 
 0.151697 3.501696e-01 
 0.153693 3.503023e-01 
 0.155689 3.503503e-01 
 0.157685 3.503155e-01 
 0.159681 3.502000e-01 
 0.161677 3.500059e-01 
 0.163673 3.497350e-01 
 0.165669 3.493891e-01 
 0.167666 3.489699e-01 
 0.169662 3.484791e-01 
 0.171658 3.479183e-01 
 0.173654 3.472893e-01 
 0.175650 3.465937e-01 
 0.177646 3.458335e-01 
 0.179642 3.450104e-01 
 0.181638 3.441261e-01 
 0.183634 3.431825e-01 
 0.185630 3.421811e-01 
 0.187626 3.411235e-01 
 0.189622 3.400113e-01 
 0.191618 3.388459e-01 
 0.193614 3.376290e-01 
 0.195610 3.363620e-01 
 0.197606 3.350465e-01 
 0.199602 3.336840e-01 
 0.201598 3.322761e-01 
 0.203594 3.308241e-01 
 0.205590 3.293293e-01 
 0.207586 3.277933e-01 
 0.209582 3.262171e-01 
 0.211578 3.246020e-01 
 0.213574 3.229493e-01 
 0.215570 3.212602e-01 
 0.217566 3.195360e-01 
 0.219562 3.177778e-01 
 0.221558 3.159868e-01 
 0.223554 3.141645e-01 
 0.225550 3.123119e-01 
 0.227546 3.104305e-01 
 0.229542 3.085213e-01 
 0.231538 3.065856e-01 
 0.233534 3.046246e-01 
 0.235530 3.026391e-01 
 0.237526 3.006301e-01 
 0.239522 2.985987e-01 
 0.241518 2.965456e-01 
 0.243514 2.944718e-01 
 0.245510 2.923783e-01 
 0.247506 2.902661e-01 
 0.249502 2.881362e-01 
 0.251498 2.859897e-01 
 0.253494 2.838273e-01 
 0.255490 2.816501e-01 
 0.257486 2.794587e-01 
 0.259482 2.772540e-01 
 0.261478 2.750368e-01 
 0.263474 2.728078e-01 
 0.265470 2.705680e-01 
 0.267466 2.683182e-01 
 0.269462 2.660592e-01 
 0.271458 2.637919e-01 
 0.273454 2.615171e-01 
 0.275450 2.592353e-01 
 0.277446 2.569472e-01 
 0.279442 2.546533e-01 
 0.281438 2.523543e-01 
 0.283434 2.500506e-01 
 0.285430 2.477431e-01 
 0.287426 2.454323e-01 
 0.289422 2.431190e-01 
 0.291418 2.408038e-01 
 0.293414 2.384875e-01 
 0.295410 2.361705e-01 
 0.297406 2.338534e-01 
 0.299402 2.315367e-01 
 0.301398 2.292208e-01 
 0.303394 2.269062e-01 
 0.305390 2.245933e-01 
 0.307386 2.222828e-01 
 0.309382 2.199751e-01 
 0.311378 2.176708e-01 
 0.313374 2.153703e-01 
 0.315370 2.130740e-01 
 0.317366 2.107825e-01 
 0.319362 2.084960e-01 
 0.321358 2.062151e-01 
 0.323354 2.039401e-01 
 0.325350 2.016714e-01 
 0.327346 1.994094e-01 
 0.329342 1.971545e-01 
 0.331338 1.949071e-01 
 0.333334 1.926676e-01 
 0.335330 1.904362e-01 
 0.337326 1.882134e-01 
 0.339322 1.859995e-01 
 0.341318 1.837948e-01 
 0.343314 1.815996e-01 
 0.345310 1.794143e-01 
 0.347306 1.772392e-01 
 0.349302 1.750747e-01 
 0.351298 1.729211e-01 
 0.353294 1.707787e-01 
 0.355290 1.686478e-01 
 0.357286 1.665286e-01 
 0.359282 1.644214e-01 
 0.361278 1.623263e-01 
 0.363274 1.602437e-01 
 0.365270 1.581736e-01 
 0.367266 1.561161e-01 
 0.369262 1.540716e-01 
 0.371258 1.520401e-01 
 0.373254 1.500218e-01 
 0.375250 1.480169e-01 
 0.377246 1.460256e-01 
 0.379242 1.440479e-01 
 0.381238 1.420841e-01 
 0.383234 1.401343e-01 
 0.385230 1.381987e-01 
 0.387226 1.362772e-01 
 0.389222 1.343700e-01 
 0.391218 1.324772e-01 
 0.393214 1.305988e-01 
 0.395210 1.287351e-01 
 0.397206 1.268862e-01 
 0.399202 1.250522e-01 
 0.401198 1.232334e-01 
 0.403194 1.214299e-01 
 0.405190 1.196418e-01 
 0.407186 1.178692e-01 
 0.409182 1.161122e-01 
 0.411178 1.143707e-01 
 0.413174 1.126449e-01 
 0.415170 1.109347e-01 
 0.417166 1.092401e-01 
 0.419162 1.075612e-01 
 0.421158 1.058980e-01 
 0.423154 1.042505e-01 
 0.425150 1.026188e-01 
 0.427146 1.010029e-01 
 0.429142 9.940293e-02 
 0.431138 9.781894e-02 
 0.433134 9.625096e-02 
 0.435130 9.469900e-02 
 0.437126 9.316305e-02 
 0.439122 9.164307e-02 
 0.441118 9.013903e-02 
 0.443114 8.865088e-02 
 0.445110 8.717862e-02 
 0.447106 8.572221e-02 
 0.449102 8.428164e-02 
 0.451098 8.285692e-02 
 0.453094 8.144802e-02 
 0.455090 8.005494e-02 
 0.457086 7.867766e-02 
 0.459082 7.731616e-02 
 0.461078 7.597042e-02 
 0.463074 7.464043e-02 
 0.465070 7.332616e-02 
 0.467066 7.202759e-02 
 0.469062 7.074471e-02 
 0.471058 6.947749e-02 
 0.473054 6.822586e-02 
 0.475050 6.698977e-02 
 0.477046 6.576913e-02 
 0.479042 6.456386e-02 
 0.481038 6.337385e-02 
 0.483034 6.219901e-02 
 0.485030 6.103924e-02 
 0.487026 5.989445e-02 
 0.489022 5.876457e-02 
 0.491018 5.764952e-02 
 0.493014 5.654924e-02 
 0.495010 5.546368e-02 
 0.497006 5.439280e-02 
 0.499002 5.333655e-02 
 0.500999 5.229487e-02 
 0.502995 5.126771e-02 
 0.504991 5.025496e-02 
 0.506987 4.925652e-02 
 0.508983 4.827226e-02 
 0.510979 4.730206e-02 
 0.512975 4.634582e-02 
 0.514971 4.540342e-02 
 0.516967 4.447480e-02 
 0.518963 4.355986e-02 
 0.520959 4.265855e-02 
 0.522955 4.177079e-02 
 0.524951 4.089649e-02 
 0.526947 4.003555e-02 
 0.528943 3.918787e-02 
 0.530939 3.835335e-02 
 0.532935 3.753187e-02 
 0.534931 3.672329e-02 
 0.536927 3.592750e-02 
 0.538923 3.514437e-02 
 0.540919 3.437378e-02 
 0.542915 3.361559e-02 
 0.544911 3.286972e-02 
 0.546907 3.213604e-02 
 0.548903 3.141448e-02 
 0.550899 3.070493e-02 
 0.552895 3.000729e-02 
 0.554891 2.932146e-02 
 0.556887 2.864731e-02 
 0.558883 2.798475e-02 
 0.560879 2.733364e-02 
 0.562875 2.669386e-02 
 0.564871 2.606531e-02 
 0.566867 2.544785e-02 
 0.568863 2.484139e-02 
 0.570859 2.424580e-02 
 0.572855 2.366096e-02 
 0.574851 2.308677e-02 
 0.576847 2.252311e-02 
 0.578843 2.196987e-02 
 0.580839 2.142692e-02 
 0.582835 2.089415e-02 
 0.584831 2.037145e-02 
 0.586827 1.985870e-02 
 0.588823 1.935579e-02 
 0.590819 1.886260e-02 
 0.592815 1.837903e-02 
 0.594811 1.790494e-02 
 0.596807 1.744021e-02 
 0.598803 1.698474e-02 
 0.600799 1.653838e-02 
 0.602795 1.610103e-02 
 0.604791 1.567255e-02 
 0.606787 1.525283e-02 
 0.608783 1.484175e-02 
 0.610779 1.443919e-02 
 0.612775 1.404502e-02 
 0.614771 1.365914e-02 
 0.616767 1.328142e-02 
 0.618763 1.291177e-02 
 0.620759 1.255006e-02 
 0.622755 1.219620e-02 
 0.624751 1.185008e-02 
 0.626747 1.151159e-02 
 0.628743 1.118065e-02 
 0.630739 1.085714e-02 
 0.632735 1.054096e-02 
 0.634731 1.023200e-02 
 0.636727 9.930133e-03 
 0.638723 9.635249e-03 
 0.640719 9.347223e-03 
 0.642715 9.065933e-03 
 0.644711 8.791259e-03 
 0.646707 8.523083e-03 
 0.648703 8.261293e-03 
 0.650699 8.005778e-03 
 0.652695 7.756433e-03 
 0.654691 7.513160e-03 
 0.656687 7.275864e-03 
 0.658683 7.044452e-03 
 0.660679 6.818834e-03 
 0.662675 6.598914e-03 
 0.664671 6.384596e-03 
 0.666667 6.175777e-03 
 0.668663 5.972353e-03 
 0.670659 5.774220e-03 
 0.672655 5.581276e-03 
 0.674651 5.393423e-03 
 0.676647 5.210568e-03 
 0.678643 5.032620e-03 
 0.680639 4.859488e-03 
 0.682635 4.691082e-03 
 0.684631 4.527309e-03 
 0.686627 4.368076e-03 
 0.688623 4.213289e-03 
 0.690619 4.062855e-03 
 0.692615 3.916685e-03 
 0.694611 3.774698e-03 
 0.696607 3.636815e-03 
 0.698603 3.502960e-03 
 0.700599 3.373060e-03 
 0.702595 3.247037e-03 
 0.704591 3.124809e-03 
 0.706587 3.006292e-03 
 0.708583 2.891397e-03 
 0.710579 2.780035e-03 
 0.712575 2.672117e-03 
 0.714571 2.567559e-03 
 0.716567 2.466279e-03 
 0.718563 2.368198e-03 
 0.720559 2.273242e-03 
 0.722555 2.181340e-03 
 0.724551 2.092425e-03 
 0.726547 2.006431e-03 
 0.728543 1.923295e-03 
 0.730539 1.842955e-03 
 0.732535 1.765345e-03 
 0.734531 1.690396e-03 
 0.736527 1.618037e-03 
 0.738523 1.548197e-03 
 0.740519 1.480802e-03 
 0.742515 1.415783e-03 
 0.744511 1.353076e-03 
 0.746507 1.292618e-03 
 0.748503 1.234351e-03 
 0.750499 1.178221e-03 
 0.752495 1.124172e-03 
 0.754491 1.072145e-03 
 0.756487 1.022085e-03 
 0.758483 9.739315e-04 
 0.760479 9.276282e-04 
 0.762475 8.831186e-04 
 0.764471 8.403491e-04 
 0.766467 7.992687e-04 
 0.768463 7.598285e-04 
 0.770459 7.219804e-04 
 0.772455 6.856773e-04 
 0.774451 6.508716e-04 
 0.776447 6.175155e-04 
 0.778443 5.855614e-04 
 0.780439 5.549625e-04 
 0.782435 5.256732e-04 
 0.784431 4.976500e-04 
 0.786427 4.708511e-04 
 0.788423 4.452364e-04 
 0.790419 4.207671e-04 
 0.792415 3.974051e-04 
 0.794411 3.751123e-04 
 0.796407 3.538515e-04 
 0.798403 3.335852e-04 
 0.800399 3.142770e-04 
 0.802395 2.958909e-04 
 0.804391 2.783921e-04 
 0.806387 2.617466e-04 
 0.808383 2.459215e-04 
 0.810379 2.308851e-04 
 0.812375 2.166067e-04 
 0.814371 2.030566e-04 
 0.816367 1.902064e-04 
 0.818363 1.780285e-04 
 0.820359 1.664961e-04 
 0.822355 1.555831e-04 
 0.824351 1.452635e-04 
 0.826347 1.355121e-04 
 0.828343 1.263039e-04 
 0.830339 1.176147e-04 
 0.832335 1.094212e-04 
 0.834332 1.017008e-04 
 0.836328 9.443214e-05 
 0.838324 8.759477e-05 
 0.840320 8.116895e-05 
 0.842316 7.513564e-05 
 0.844312 6.947638e-05 
 0.846308 6.417319e-05 
 0.848304 5.920865e-05 
 0.850300 5.456580e-05 
 0.852296 5.022823e-05 
 0.854292 4.618001e-05 
 0.856288 4.240576e-05 
 0.858284 3.889060e-05 
 0.860280 3.562023e-05 
 0.862276 3.258089e-05 
 0.864272 2.975946e-05 
 0.866268 2.714338e-05 
 0.868264 2.472065e-05 
 0.870260 2.247985e-05 
 0.872256 2.041005e-05 
 0.874252 1.850080e-05 
 0.876248 1.674214e-05 
 0.878244 1.512456e-05 
 0.880240 1.363896e-05 
 0.882236 1.227667e-05 
 0.884232 1.102943e-05 
 0.886228 9.889358e-06 
 0.888224 8.848951e-06 
 0.890220 7.901108e-06 
 0.892216 7.039121e-06 
 0.894212 6.256678e-06 
 0.896208 5.547856e-06 
 0.898204 4.907092e-06 
 0.900200 4.329153e-06 
 0.902196 3.809110e-06 
 0.904192 3.342300e-06 
 0.906188 2.924313e-06 
 0.908184 2.550988e-06 
 0.910180 2.218412e-06 
 0.912176 1.922925e-06 
 0.914172 1.661114e-06 
 0.916168 1.429811e-06 
 0.918164 1.226086e-06 
 0.920160 1.047225e-06 
 0.922156 8.907296e-07 
 0.924152 7.542965e-07 
 0.926148 6.358101e-07 
 0.928144 5.333302e-07 
 0.930140 4.450805e-07 
 0.932136 3.694363e-07 
 0.934132 3.049123e-07 
 0.936128 2.501530e-07 
 0.938124 2.039271e-07 
 0.940120 1.651214e-07 
 0.942116 1.327352e-07 
 0.944112 1.058748e-07 
 0.946108 8.374629e-08 
 0.948104 6.564861e-08 
 0.950100 5.096517e-08 
 0.952096 3.915561e-08 
 0.954092 2.974719e-08 
 0.956088 2.232788e-08 
 0.958084 1.654159e-08 
 0.960080 1.208315e-08 
 0.962076 8.693149e-09 
 0.964072 6.152654e-09 
 0.966068 4.278597e-09 
 0.968064 2.920116e-09 
 0.970060 1.954704e-09 
 0.972056 1.284124e-09 
 0.974052 8.301856e-10 
 0.976048 5.313999e-10 
 0.978044 3.407436e-10 
 0.980040 2.232951e-10 
 0.982036 1.536720e-10 
 0.984032 1.133750e-10 
 0.986028 8.899283e-11 
 0.988024 7.156087e-11 
 0.990020 5.591037e-11 
 0.992016 4.005470e-11 
 0.994012 2.450836e-11 
 0.996008 1.136316e-11 
 0.998004 2.876308e-12 