
 0.001997 8.274222e-06 
 0.003993 2.231701e-05 
 0.005989 3.934449e-05 
 0.007985 5.843215e-05 
 0.009981 7.900373e-05 
 0.011977 1.006929e-04 
 0.013973 1.232291e-04 
 0.015969 1.464080e-04 
 0.017965 1.700674e-04 
 0.019961 1.940757e-04 
 0.021957 2.183238e-04 
 0.023953 2.427197e-04 
 0.025949 2.671847e-04 
 0.027945 2.916513e-04 
 0.029941 3.160603e-04 
 0.031937 3.403602e-04 
 0.033933 3.645056e-04 
 0.035929 3.884563e-04 
 0.037925 4.121766e-04 
 0.039921 4.356347e-04 
 0.041917 4.588023e-04 
 0.043913 4.816542e-04 
 0.045909 5.041679e-04 
 0.047905 5.263232e-04 
 0.049901 5.481022e-04 
 0.051897 5.694890e-04 
 0.053893 5.904692e-04 
 0.055889 6.110303e-04 
 0.057885 6.311613e-04 
 0.059881 6.508524e-04 
 0.061877 6.700952e-04 
 0.063873 6.888826e-04 
 0.065869 7.072085e-04 
 0.067865 7.250677e-04 
 0.069861 7.424562e-04 
 0.071857 7.593707e-04 
 0.073853 7.758086e-04 
 0.075849 7.917683e-04 
 0.077845 8.072486e-04 
 0.079841 8.222490e-04 
 0.081837 8.367698e-04 
 0.083833 8.508115e-04 
 0.085829 8.643755e-04 
 0.087825 8.774634e-04 
 0.089821 8.900773e-04 
 0.091817 9.022197e-04 
 0.093813 9.138936e-04 
 0.095809 9.251021e-04 
 0.097805 9.358490e-04 
 0.099801 9.461379e-04 
 0.101797 9.559730e-04 
 0.103793 9.653588e-04 
 0.105789 9.742999e-04 
 0.107785 9.828011e-04 
 0.109781 9.908675e-04 
 0.111777 9.985043e-04 
 0.113773 1.005717e-03 
 0.115769 1.012511e-03 
 0.117765 1.018892e-03 
 0.119761 1.024866e-03 
 0.121757 1.030440e-03 
 0.123753 1.035618e-03 
 0.125749 1.040407e-03 
 0.127745 1.044813e-03 
 0.129741 1.048844e-03 
 0.131737 1.052504e-03 
 0.133733 1.055801e-03 
 0.135729 1.058742e-03 
 0.137725 1.061331e-03 
 0.139721 1.063577e-03 
 0.141717 1.065485e-03 
 0.143713 1.067063e-03 
 0.145709 1.068316e-03 
 0.147705 1.069250e-03 
 0.149701 1.069874e-03 
 0.151697 1.070192e-03 
 0.153693 1.070212e-03 
 0.155689 1.069939e-03 
 0.157685 1.069381e-03 
 0.159681 1.068543e-03 
 0.161677 1.067433e-03 
 0.163673 1.066055e-03 
 0.165669 1.064418e-03 
 0.167666 1.062527e-03 
 0.169662 1.060388e-03 
 0.171658 1.058009e-03 
 0.173654 1.055395e-03 
 0.175650 1.052553e-03 
 0.177646 1.049489e-03 
 0.179642 1.046208e-03 
 0.181638 1.042718e-03 
 0.183634 1.039024e-03 
 0.185630 1.035132e-03 
 0.187626 1.031047e-03 
 0.189622 1.026776e-03 
 0.191618 1.022325e-03 
 0.193614 1.017697e-03 
 0.195610 1.012900e-03 
 0.197606 1.007938e-03 
 0.199602 1.002817e-03 
 0.201598 9.975413e-04 
 0.203594 9.921172e-04 
 0.205590 9.865495e-04 
 0.207586 9.808432e-04 
 0.209582 9.750035e-04 
 0.211578 9.690353e-04 
 0.213574 9.629436e-04 
 0.215570 9.567333e-04 
 0.217566 9.504091e-04 
 0.219562 9.439757e-04 
 0.221558 9.374378e-04 
 0.223554 9.307999e-04 
 0.225550 9.240663e-04 
 0.227546 9.172414e-04 
 0.229542 9.103293e-04 
 0.231538 9.033344e-04 
 0.233534 8.962605e-04 
 0.235530 8.891116e-04 
 0.237526 8.818917e-04 
 0.239522 8.746046e-04 
 0.241518 8.672541e-04 
 0.243514 8.598438e-04 
 0.245510 8.523775e-04 
 0.247506 8.448588e-04 
 0.249502 8.372912e-04 
 0.251498 8.296782e-04 
 0.253494 8.220234e-04 
 0.255490 8.143299e-04 
 0.257486 8.066013e-04 
 0.259482 7.988407e-04 
 0.261478 7.910512e-04 
 0.263474 7.832359e-04 
 0.265470 7.753980e-04 
 0.267466 7.675401e-04 
 0.269462 7.596653e-04 
 0.271458 7.517763e-04 
 0.273454 7.438758e-04 
 0.275450 7.359663e-04 
 0.277446 7.280506e-04 
 0.279442 7.201312e-04 
 0.281438 7.122105e-04 
 0.283434 7.042910e-04 
 0.285430 6.963752e-04 
 0.287426 6.884653e-04 
 0.289422 6.805637e-04 
 0.291418 6.726727e-04 
 0.293414 6.647945e-04 
 0.295410 6.569313e-04 
 0.297406 6.490852e-04 
 0.299402 6.412581e-04 
 0.301398 6.334521e-04 
 0.303394 6.256689e-04 
 0.305390 6.179103e-04 
 0.307386 6.101781e-04 
 0.309382 6.024737e-04 
 0.311378 5.947986e-04 
 0.313374 5.871545e-04 
 0.315370 5.795425e-04 
 0.317366 5.719642e-04 
 0.319362 5.644207e-04 
 0.321358 5.569135e-04 
 0.323354 5.494437e-04 
 0.325350 5.420126e-04 
 0.327346 5.346215e-04 
 0.329342 5.272716e-04 
 0.331338 5.199641e-04 
 0.333334 5.127002e-04 
 0.335330 5.054811e-04 
 0.337326 4.983079e-04 
 0.339322 4.911817e-04 
 0.341318 4.841035e-04 
 0.343314 4.770744e-04 
 0.345310 4.700952e-04 
 0.347306 4.631668e-04 
 0.349302 4.562901e-04 
 0.351298 4.494659e-04 
 0.353294 4.426949e-04 
 0.355290 4.359778e-04 
 0.357286 4.293153e-04 
 0.359282 4.227080e-04 
 0.361278 4.161565e-04 
 0.363274 4.096615e-04 
 0.365270 4.032234e-04 
 0.367266 3.968428e-04 
 0.369262 3.905202e-04 
 0.371258 3.842561e-04 
 0.373254 3.780510e-04 
 0.375250 3.719051e-04 
 0.377246 3.658191e-04 
 0.379242 3.597931e-04 
 0.381238 3.538276e-04 
 0.383234 3.479229e-04 
 0.385230 3.420791e-04 
 0.387226 3.362965e-04 
 0.389222 3.305754e-04 
 0.391218 3.249158e-04 
 0.393214 3.193179e-04 
 0.395210 3.137819e-04 
 0.397206 3.083077e-04 
 0.399202 3.028954e-04 
 0.401198 2.975451e-04 
 0.403194 2.922568e-04 
 0.405190 2.870304e-04 
 0.407186 2.818659e-04 
 0.409182 2.767633e-04 
 0.411178 2.717225e-04 
 0.413174 2.667434e-04 
 0.415170 2.618260e-04 
 0.417166 2.569700e-04 
 0.419162 2.521753e-04 
 0.421158 2.474419e-04 
 0.423154 2.427695e-04 
 0.425150 2.381579e-04 
 0.427146 2.336069e-04 
 0.429142 2.291163e-04 
 0.431138 2.246859e-04 
 0.433134 2.203154e-04 
 0.435130 2.160046e-04 
 0.437126 2.117531e-04 
 0.439122 2.075608e-04 
 0.441118 2.034272e-04 
 0.443114 1.993522e-04 
 0.445110 1.953354e-04 
 0.447106 1.913765e-04 
 0.449102 1.874752e-04 
 0.451098 1.836311e-04 
 0.453094 1.798440e-04 
 0.455090 1.761134e-04 
 0.457086 1.724391e-04 
 0.459082 1.688207e-04 
 0.461078 1.652578e-04 
 0.463074 1.617500e-04 
 0.465070 1.582971e-04 
 0.467066 1.548986e-04 
 0.469062 1.515541e-04 
 0.471058 1.482632e-04 
 0.473054 1.450256e-04 
 0.475050 1.418408e-04 
 0.477046 1.387084e-04 
 0.479042 1.356279e-04 
 0.481038 1.325990e-04 
 0.483034 1.296211e-04 
 0.485030 1.266938e-04 
 0.487026 1.238167e-04 
 0.489022 1.209891e-04 
 0.491018 1.182107e-04 
 0.493014 1.154808e-04 
 0.495010 1.127990e-04 
 0.497006 1.101647e-04 
 0.499002 1.075774e-04 
 0.500999 1.050366e-04 
 0.502995 1.025418e-04 
 0.504991 1.000923e-04 
 0.506987 9.768779e-05 
 0.508983 9.532763e-05 
 0.510979 9.301133e-05 
 0.512975 9.073837e-05 
 0.514971 8.850826e-05 
 0.516967 8.632047e-05 
 0.518963 8.417452e-05 
 0.520959 8.206990e-05 
 0.522955 8.000612e-05 
 0.524951 7.798268e-05 
 0.526947 7.599911e-05 
 0.528943 7.405491e-05 
 0.530939 7.214961e-05 
 0.532935 7.028272e-05 
 0.534931 6.845377e-05 
 0.536927 6.666227e-05 
 0.538923 6.490773e-05 
 0.540919 6.318967e-05 
 0.542915 6.150759e-05 
 0.544911 5.986100e-05 
 0.546907 5.824937e-05 
 0.548903 5.667220e-05 
 0.550899 5.512898e-05 
 0.552895 5.361919e-05 
 0.554891 5.214230e-05 
 0.556887 5.069781e-05 
 0.558883 4.928519e-05 
 0.560879 4.790395e-05 
 0.562875 4.655358e-05 
 0.564871 4.523359e-05 
 0.566867 4.394350e-05 
 0.568863 4.268284e-05 
 0.570859 4.145113e-05 
 0.572855 4.024792e-05 
 0.574851 3.907275e-05 
 0.576847 3.792518e-05 
 0.578843 3.680474e-05 
 0.580839 3.571099e-05 
 0.582835 3.464349e-05 
 0.584831 3.360178e-05 
 0.586827 3.258542e-05 
 0.588823 3.159395e-05 
 0.590819 3.062693e-05 
 0.592815 2.968390e-05 
 0.594811 2.876441e-05 
 0.596807 2.786802e-05 
 0.598803 2.699429e-05 
 0.600799 2.614279e-05 
 0.602795 2.531308e-05 
 0.604791 2.450474e-05 
 0.606787 2.371735e-05 
 0.608783 2.295052e-05 
 0.610779 2.220383e-05 
 0.612775 2.147689e-05 
 0.614771 2.076931e-05 
 0.616767 2.008072e-05 
 0.618763 1.941072e-05 
 0.620759 1.875896e-05 
 0.622755 1.812506e-05 
 0.624751 1.750866e-05 
 0.626747 1.690941e-05 
 0.628743 1.632694e-05 
 0.630739 1.576092e-05 
 0.632735 1.521099e-05 
 0.634731 1.467681e-05 
 0.636727 1.415805e-05 
 0.638723 1.365437e-05 
 0.640719 1.316545e-05 
 0.642715 1.269095e-05 
 0.644711 1.223056e-05 
 0.646707 1.178396e-05 
 0.648703 1.135082e-05 
 0.650699 1.093085e-05 
 0.652695 1.052372e-05 
 0.654691 1.012914e-05 
 0.656687 9.746801e-06 
 0.658683 9.376418e-06 
 0.660679 9.017697e-06 
 0.662675 8.670353e-06 
 0.664671 8.334108e-06 
 0.666667 8.008687e-06 
 0.668663 7.693822e-06 
 0.670659 7.389250e-06 
 0.672655 7.094712e-06 
 0.674651 6.809954e-06 
 0.676647 6.534725e-06 
 0.678643 6.268780e-06 
 0.680639 6.011874e-06 
 0.682635 5.763770e-06 
 0.684631 5.524229e-06 
 0.686627 5.293019e-06 
 0.688623 5.069907e-06 
 0.690619 4.854666e-06 
 0.692615 4.647073e-06 
 0.694611 4.446907e-06 
 0.696607 4.253951e-06 
 0.698603 4.067996e-06 
 0.700599 3.888833e-06 
 0.702595 3.716262e-06 
 0.704591 3.550088e-06 
 0.706587 3.390121e-06 
 0.708583 3.236177e-06 
 0.710579 3.088076e-06 
 0.712575 2.945646e-06 
 0.714571 2.808716e-06 
 0.716567 2.677122e-06 
 0.718563 2.550701e-06 
 0.720559 2.429298e-06 
 0.722555 2.312757e-06 
 0.724551 2.200927e-06 
 0.726547 2.093660e-06 
 0.728543 1.990809e-06 
 0.730539 1.892231e-06 
 0.732535 1.797787e-06 
 0.734531 1.707337e-06 
 0.736527 1.620748e-06 
 0.738523 1.537887e-06 
 0.740519 1.458625e-06 
 0.742515 1.382835e-06 
 0.744511 1.310394e-06 
 0.746507 1.241180e-06 
 0.748503 1.175076e-06 
 0.750499 1.111967e-06 
 0.752495 1.051740e-06 
 0.754491 9.942856e-07 
 0.756487 9.394988e-07 
 0.758483 8.872760e-07 
 0.760479 8.375176e-07 
 0.762475 7.901271e-07 
 0.764471 7.450115e-07 
 0.766467 7.020812e-07 
 0.768463 6.612499e-07 
 0.770459 6.224341e-07 
 0.772455 5.855536e-07 
 0.774451 5.505307e-07 
 0.776447 5.172903e-07 
 0.778443 4.857599e-07 
 0.780439 4.558689e-07 
 0.782435 4.275490e-07 
 0.784431 4.007336e-07 
 0.786427 3.753578e-07 
 0.788423 3.513584e-07 
 0.790419 3.286740e-07 
 0.792415 3.072452e-07 
 0.794411 2.870140e-07 
 0.796407 2.679246e-07 
 0.798403 2.499229e-07 
 0.800399 2.329570e-07 
 0.802395 2.169767e-07 
 0.804391 2.019340e-07 
 0.806387 1.877830e-07 
 0.808383 1.744797e-07 
 0.810379 1.619819e-07 
 0.812375 1.502495e-07 
 0.814371 1.392438e-07 
 0.816367 1.289279e-07 
 0.818363 1.192665e-07 
 0.820359 1.102256e-07 
 0.822355 1.017728e-07 
 0.824351 9.387668e-08 
 0.826347 8.650726e-08 
 0.828343 7.963566e-08 
 0.830339 7.323418e-08 
 0.832335 6.727623e-08 
 0.834332 6.173637e-08 
 0.836328 5.659024e-08 
 0.838324 5.181455e-08 
 0.840320 4.738704e-08 
 0.842316 4.328652e-08 
 0.844312 3.949278e-08 
 0.846308 3.598661e-08 
 0.848304 3.274974e-08 
 0.850300 2.976483e-08 
 0.852296 2.701542e-08 
 0.854292 2.448593e-08 
 0.856288 2.216160e-08 
 0.858284 2.002844e-08 
 0.860280 1.807326e-08 
 0.862276 1.628359e-08 
 0.864272 1.464765e-08 
 0.866268 1.315432e-08 
 0.868264 1.179316e-08 
 0.870260 1.055431e-08 
 0.872256 9.428519e-09 
 0.874252 8.407108e-09 
 0.876248 7.481935e-09 
 0.878244 6.645373e-09 
 0.880240 5.890287e-09 
 0.882236 5.210001e-09 
 0.884232 4.598273e-09 
 0.886228 4.049269e-09 
 0.888224 3.557551e-09 
 0.890220 3.118056e-09 
 0.892216 2.726079e-09 
 0.894212 2.377262e-09 
 0.896208 2.067567e-09 
 0.898204 1.793267e-09 
 0.900200 1.550923e-09 
 0.902196 1.337369e-09 
 0.904192 1.149689e-09 
 0.906188 9.852021e-10 
 0.908184 8.414544e-10 
 0.910180 7.162030e-10 
 0.912176 6.074057e-10 
 0.914172 5.132083e-10 
 0.916168 4.319325e-10 
 0.918164 3.620630e-10 
 0.920160 3.022339e-10 
 0.922156 2.512148e-10 
 0.924152 2.078961e-10 
 0.926148 1.712787e-10 
 0.928144 1.404670e-10 
 0.930140 1.146631e-10 
 0.932136 9.315932e-11 
 0.934132 7.533229e-11 
 0.936128 6.063563e-11 
 0.938124 4.859303e-11 
 0.940120 3.879080e-11 
 0.942116 3.086984e-11 
 0.944112 2.451745e-11 
 0.946108 1.946152e-11 
 0.948104 1.546754e-11 
 0.950100 1.233556e-11 
 0.952096 9.897156e-12 
 0.954092 8.012242e-12 
 0.956088 6.565880e-12 
 0.958084 5.464875e-12 
 0.960080 4.634174e-12 
 0.962076 4.012837e-12 
 0.964072 3.549913e-12 
 0.966068 3.201927e-12 
 0.968064 2.932438e-12 
 0.970060 2.711570e-12 
 0.972056 2.515626e-12 
 0.974052 2.326669e-12 
 0.976048 2.132124e-12 
 0.978044 1.924384e-12 
 0.980040 1.700434e-12 
 0.982036 1.461534e-12 
 0.984032 1.212885e-12 
 0.986028 9.629576e-13 
 0.988024 7.223536e-13 
 0.990020 5.025944e-13 
 0.992016 3.147947e-13 
 0.994012 1.681810e-13 
 0.996008 6.842894e-14 
 0.998004 1.518366e-14 