
 1.000000e-06 9.922709e-05 1.299096e+02 6.495483e+01 6.495473e+01
 1.027960e-06 1.014075e-04 1.283270e+02 6.416355e+01 6.416345e+01
 1.056701e-06 1.036353e-04 1.267624e+02 6.338124e+01 6.338114e+01
 1.086246e-06 1.059115e-04 1.252155e+02 6.260782e+01 6.260771e+01
 1.116617e-06 1.082370e-04 1.236863e+02 6.184318e+01 6.184307e+01
 1.147837e-06 1.106131e-04 1.221744e+02 6.108724e+01 6.108712e+01
 1.179930e-06 1.130407e-04 1.206797e+02 6.033989e+01 6.033978e+01
 1.212920e-06 1.155209e-04 1.192020e+02 5.960106e+01 5.960095e+01
 1.246833e-06 1.180549e-04 1.177412e+02 5.887065e+01 5.887053e+01
 1.281694e-06 1.206439e-04 1.162970e+02 5.814857e+01 5.814845e+01
 1.317530e-06 1.232890e-04 1.148693e+02 5.743473e+01 5.743461e+01
 1.354368e-06 1.259913e-04 1.134580e+02 5.672905e+01 5.672892e+01
 1.392235e-06 1.287522e-04 1.120627e+02 5.603143e+01 5.603130e+01
 1.431161e-06 1.315729e-04 1.106835e+02 5.534180e+01 5.534166e+01
 1.471176e-06 1.344546e-04 1.093200e+02 5.466006e+01 5.465993e+01
 1.512310e-06 1.373987e-04 1.079721e+02 5.398614e+01 5.398600e+01
 1.554593e-06 1.404065e-04 1.066397e+02 5.331994e+01 5.331980e+01
 1.598059e-06 1.434793e-04 1.053226e+02 5.266139e+01 5.266125e+01
 1.642740e-06 1.466186e-04 1.040207e+02 5.201041e+01 5.201027e+01
 1.688670e-06 1.498257e-04 1.027337e+02 5.136691e+01 5.136676e+01
 1.735885e-06 1.531021e-04 1.014615e+02 5.073082e+01 5.073067e+01
 1.784420e-06 1.564492e-04 1.002039e+02 5.010205e+01 5.010190e+01
 1.834311e-06 1.598687e-04 9.896090e+01 4.948053e+01 4.948037e+01
 1.885598e-06 1.633619e-04 9.773219e+01 4.886618e+01 4.886601e+01
 1.938319e-06 1.669306e-04 9.651766e+01 4.825891e+01 4.825875e+01
 1.992513e-06 1.705762e-04 9.531717e+01 4.765867e+01 4.765850e+01
 2.048223e-06 1.743004e-04 9.413055e+01 4.706536e+01 4.706519e+01
 2.105491e-06 1.781050e-04 9.295767e+01 4.647892e+01 4.647874e+01
 2.164359e-06 1.819915e-04 9.179837e+01 4.589927e+01 4.589909e+01
 2.224874e-06 1.859618e-04 9.065250e+01 4.532634e+01 4.532616e+01
 2.287080e-06 1.900176e-04 8.951993e+01 4.476006e+01 4.475987e+01
 2.351026e-06 1.941607e-04 8.840051e+01 4.420035e+01 4.420016e+01
 2.416760e-06 1.983931e-04 8.729409e+01 4.364714e+01 4.364695e+01
 2.484332e-06 2.027164e-04 8.620054e+01 4.310037e+01 4.310017e+01
 2.553793e-06 2.071328e-04 8.511972e+01 4.255996e+01 4.255975e+01
 2.625196e-06 2.116442e-04 8.405148e+01 4.202585e+01 4.202563e+01
 2.698595e-06 2.162526e-04 8.299570e+01 4.149796e+01 4.149774e+01
 2.774047e-06 2.209600e-04 8.195224e+01 4.097623e+01 4.097601e+01
 2.851608e-06 2.257685e-04 8.092096e+01 4.046059e+01 4.046037e+01
 2.931338e-06 2.306803e-04 7.990173e+01 3.995098e+01 3.995075e+01
 3.013297e-06 2.356976e-04 7.889442e+01 3.944733e+01 3.944709e+01
 3.097547e-06 2.408225e-04 7.789891e+01 3.894958e+01 3.894933e+01
 3.184154e-06 2.460574e-04 7.691506e+01 3.845765e+01 3.845741e+01
 3.273181e-06 2.514046e-04 7.594274e+01 3.797150e+01 3.797125e+01
 3.364698e-06 2.568665e-04 7.498184e+01 3.749105e+01 3.749079e+01
 3.458774e-06 2.624454e-04 7.403222e+01 3.701624e+01 3.701598e+01
 3.555480e-06 2.681439e-04 7.309377e+01 3.654702e+01 3.654675e+01
 3.654890e-06 2.739644e-04 7.216635e+01 3.608331e+01 3.608304e+01
 3.757079e-06 2.799096e-04 7.124986e+01 3.562507e+01 3.562479e+01
 3.862125e-06 2.859820e-04 7.034417e+01 3.517223e+01 3.517194e+01
 3.970109e-06 2.921844e-04 6.944916e+01 3.472472e+01 3.472443e+01
 4.081111e-06 2.985195e-04 6.856471e+01 3.428251e+01 3.428221e+01
 4.195218e-06 3.049900e-04 6.769072e+01 3.384551e+01 3.384521e+01
 4.312514e-06 3.115989e-04 6.682706e+01 3.341369e+01 3.341337e+01
 4.433090e-06 3.183489e-04 6.597362e+01 3.298697e+01 3.298665e+01
 4.557038e-06 3.252432e-04 6.513030e+01 3.256531e+01 3.256499e+01
 4.684451e-06 3.322847e-04 6.429697e+01 3.214865e+01 3.214832e+01
 4.815426e-06 3.394765e-04 6.347353e+01 3.173693e+01 3.173659e+01
 4.950064e-06 3.468218e-04 6.265986e+01 3.133011e+01 3.132976e+01
 5.088465e-06 3.543238e-04 6.185587e+01 3.092811e+01 3.092776e+01
 5.230737e-06 3.619858e-04 6.106145e+01 3.053091e+01 3.053054e+01
 5.376986e-06 3.698111e-04 6.027648e+01 3.013843e+01 3.013806e+01
 5.527325e-06 3.778031e-04 5.950087e+01 2.975062e+01 2.975025e+01
 5.681866e-06 3.859654e-04 5.873451e+01 2.936745e+01 2.936706e+01
 5.840729e-06 3.943015e-04 5.797730e+01 2.898885e+01 2.898845e+01
 6.004034e-06 4.028151e-04 5.722914e+01 2.861477e+01 2.861437e+01
 6.171904e-06 4.115098e-04 5.648992e+01 2.824517e+01 2.824475e+01
 6.344468e-06 4.203894e-04 5.575955e+01 2.787999e+01 2.787957e+01
 6.521857e-06 4.294579e-04 5.503793e+01 2.751918e+01 2.751875e+01
 6.704205e-06 4.387192e-04 5.432497e+01 2.716270e+01 2.716226e+01
 6.891652e-06 4.481772e-04 5.362056e+01 2.681050e+01 2.681006e+01
 7.084340e-06 4.578361e-04 5.292461e+01 2.646253e+01 2.646208e+01
 7.282415e-06 4.677001e-04 5.223703e+01 2.611875e+01 2.611828e+01
 7.486029e-06 4.777735e-04 5.155772e+01 2.577910e+01 2.577862e+01
 7.695335e-06 4.880605e-04 5.088659e+01 2.544354e+01 2.544305e+01
 7.910494e-06 4.985658e-04 5.022356e+01 2.511203e+01 2.511153e+01
 8.131668e-06 5.092938e-04 4.956852e+01 2.478451e+01 2.478401e+01
 8.359026e-06 5.202491e-04 4.892139e+01 2.446096e+01 2.446044e+01
 8.592741e-06 5.314366e-04 4.828209e+01 2.414131e+01 2.414078e+01
 8.832991e-06 5.428609e-04 4.765052e+01 2.382553e+01 2.382499e+01
 9.079958e-06 5.545271e-04 4.702659e+01 2.351357e+01 2.351302e+01
 9.333830e-06 5.664401e-04 4.641023e+01 2.320540e+01 2.320483e+01
 9.594800e-06 5.786052e-04 4.580134e+01 2.290096e+01 2.290038e+01
 9.863067e-06 5.910274e-04 4.519985e+01 2.260022e+01 2.259963e+01
 1.013883e-05 6.037122e-04 4.460567e+01 2.230314e+01 2.230253e+01
 1.042231e-05 6.166650e-04 4.401871e+01 2.200966e+01 2.200905e+01
 1.071372e-05 6.298914e-04 4.343890e+01 2.171976e+01 2.171913e+01
 1.101327e-05 6.433970e-04 4.286615e+01 2.143340e+01 2.143275e+01
 1.132119e-05 6.571876e-04 4.230039e+01 2.115052e+01 2.114987e+01
 1.163773e-05 6.712691e-04 4.174154e+01 2.087110e+01 2.087043e+01
 1.196312e-05 6.856476e-04 4.118951e+01 2.059510e+01 2.059441e+01
 1.229760e-05 7.003291e-04 4.064424e+01 2.032247e+01 2.032177e+01
 1.264144e-05 7.153200e-04 4.010564e+01 2.005318e+01 2.005246e+01
 1.299489e-05 7.306265e-04 3.957364e+01 1.978719e+01 1.978645e+01
 1.335822e-05 7.462553e-04 3.904816e+01 1.952446e+01 1.952371e+01
 1.373171e-05 7.622130e-04 3.852914e+01 1.926495e+01 1.926419e+01
 1.411564e-05 7.785064e-04 3.801649e+01 1.900863e+01 1.900786e+01
 1.451031e-05 7.951424e-04 3.751015e+01 1.875547e+01 1.875468e+01
 1.491601e-05 8.121280e-04 3.701004e+01 1.850542e+01 1.850461e+01
 1.533306e-05 8.294705e-04 3.651609e+01 1.825846e+01 1.825763e+01
 1.576176e-05 8.471772e-04 3.602823e+01 1.801454e+01 1.801369e+01
 1.620246e-05 8.652556e-04 3.554639e+01 1.777363e+01 1.777276e+01
 1.665547e-05 8.837134e-04 3.507051e+01 1.753570e+01 1.753481e+01
 1.712115e-05 9.025583e-04 3.460052e+01 1.730071e+01 1.729981e+01
 1.759985e-05 9.217982e-04 3.413634e+01 1.706863e+01 1.706771e+01
 1.809194e-05 9.414414e-04 3.367791e+01 1.683943e+01 1.683848e+01
 1.859778e-05 9.614961e-04 3.322517e+01 1.661306e+01 1.661210e+01
 1.911777e-05 9.819707e-04 3.277805e+01 1.638951e+01 1.638853e+01
 1.965229e-05 1.002874e-03 3.233648e+01 1.616874e+01 1.616774e+01
 2.020176e-05 1.024214e-03 3.190041e+01 1.595072e+01 1.594969e+01
 2.076659e-05 1.046001e-03 3.146976e+01 1.573540e+01 1.573436e+01
 2.134722e-05 1.068243e-03 3.104448e+01 1.552278e+01 1.552171e+01
 2.194408e-05 1.090950e-03 3.062451e+01 1.531280e+01 1.531171e+01
 2.255763e-05 1.114131e-03 3.020978e+01 1.510545e+01 1.510433e+01
 2.318833e-05 1.137796e-03 2.980023e+01 1.490069e+01 1.489955e+01
 2.383667e-05 1.161955e-03 2.939581e+01 1.469849e+01 1.469732e+01
 2.450313e-05 1.186617e-03 2.899645e+01 1.449882e+01 1.449763e+01
 2.518823e-05 1.211794e-03 2.860209e+01 1.430165e+01 1.430044e+01
 2.589248e-05 1.237496e-03 2.821269e+01 1.410696e+01 1.410572e+01
 2.661642e-05 1.263732e-03 2.782817e+01 1.391472e+01 1.391345e+01
 2.736061e-05 1.290516e-03 2.744849e+01 1.372489e+01 1.372360e+01
 2.812560e-05 1.317856e-03 2.707358e+01 1.353745e+01 1.353613e+01
 2.891198e-05 1.345765e-03 2.670340e+01 1.335237e+01 1.335102e+01
 2.972035e-05 1.374254e-03 2.633788e+01 1.316963e+01 1.316825e+01
 3.055132e-05 1.403336e-03 2.597697e+01 1.298919e+01 1.298778e+01
 3.140552e-05 1.433021e-03 2.562063e+01 1.281103e+01 1.280960e+01
 3.228361e-05 1.463323e-03 2.526879e+01 1.263512e+01 1.263366e+01
 3.318624e-05 1.494254e-03 2.492140e+01 1.246145e+01 1.245995e+01
 3.411412e-05 1.525826e-03 2.457841e+01 1.228997e+01 1.228844e+01
 3.506793e-05 1.558053e-03 2.423978e+01 1.212067e+01 1.211911e+01
 3.604842e-05 1.590948e-03 2.390544e+01 1.195352e+01 1.195192e+01
 3.705632e-05 1.624524e-03 2.357535e+01 1.178849e+01 1.178686e+01
 3.809240e-05 1.658795e-03 2.324946e+01 1.162556e+01 1.162390e+01
 3.915745e-05 1.693776e-03 2.292772e+01 1.146471e+01 1.146301e+01
 4.025227e-05 1.729480e-03 2.261008e+01 1.130591e+01 1.130418e+01
 4.137771e-05 1.765922e-03 2.229649e+01 1.114913e+01 1.114736e+01
 4.253462e-05 1.803117e-03 2.198691e+01 1.099436e+01 1.099255e+01
 4.372387e-05 1.841081e-03 2.168129e+01 1.084156e+01 1.083972e+01
 4.494637e-05 1.879828e-03 2.137957e+01 1.069073e+01 1.068885e+01
 4.620305e-05 1.919375e-03 2.108172e+01 1.054182e+01 1.053990e+01
 4.749487e-05 1.959737e-03 2.078769e+01 1.039483e+01 1.039287e+01
 4.882281e-05 2.000932e-03 2.049744e+01 1.024972e+01 1.024772e+01
 5.018787e-05 2.042975e-03 2.021091e+01 1.010648e+01 1.010444e+01
 5.159111e-05 2.085884e-03 1.992807e+01 9.965079e+00 9.962994e+00
 5.303357e-05 2.129676e-03 1.964887e+01 9.825502e+00 9.823372e+00
 5.451637e-05 2.174369e-03 1.937327e+01 9.687724e+00 9.685550e+00
 5.604063e-05 2.219981e-03 1.910123e+01 9.551725e+00 9.549505e+00
 5.760750e-05 2.266530e-03 1.883270e+01 9.417483e+00 9.415216e+00
 5.921818e-05 2.314036e-03 1.856764e+01 9.284977e+00 9.282663e+00
 6.087390e-05 2.362517e-03 1.830601e+01 9.154187e+00 9.151825e+00
 6.257591e-05 2.411993e-03 1.804777e+01 9.025093e+00 9.022681e+00
 6.432551e-05 2.462483e-03 1.779288e+01 8.897673e+00 8.895210e+00
 6.612403e-05 2.514009e-03 1.754130e+01 8.771908e+00 8.769394e+00
 6.797283e-05 2.566590e-03 1.729299e+01 8.647779e+00 8.645213e+00
 6.987332e-05 2.620248e-03 1.704791e+01 8.525266e+00 8.522646e+00
 7.182695e-05 2.675004e-03 1.680602e+01 8.404349e+00 8.401674e+00
 7.383520e-05 2.730880e-03 1.656729e+01 8.285009e+00 8.282278e+00
 7.589961e-05 2.787898e-03 1.633167e+01 8.167228e+00 8.164440e+00
 7.802173e-05 2.846082e-03 1.609913e+01 8.050987e+00 8.048141e+00
 8.020319e-05 2.905454e-03 1.586963e+01 7.936267e+00 7.933361e+00
 8.244563e-05 2.966038e-03 1.564313e+01 7.823050e+00 7.820084e+00
 8.475078e-05 3.027858e-03 1.541961e+01 7.711317e+00 7.708290e+00
 8.712038e-05 3.090938e-03 1.519901e+01 7.601052e+00 7.597961e+00
 8.955623e-05 3.155304e-03 1.498132e+01 7.492237e+00 7.489081e+00
 9.206019e-05 3.220981e-03 1.476648e+01 7.384853e+00 7.381632e+00
 9.463415e-05 3.287995e-03 1.455448e+01 7.278884e+00 7.275596e+00
 9.728009e-05 3.356372e-03 1.434527e+01 7.174312e+00 7.170956e+00
 1.000000e-04 3.426140e-03 1.413882e+01 7.071121e+00 7.067695e+00
 1.027960e-04 3.497325e-03 1.393509e+01 6.969294e+00 6.965796e+00
 1.056701e-04 3.569956e-03 1.373406e+01 6.868814e+00 6.865244e+00
 1.086246e-04 3.644062e-03 1.353569e+01 6.769665e+00 6.766021e+00
 1.116617e-04 3.719671e-03 1.333994e+01 6.671831e+00 6.668112e+00
 1.147837e-04 3.796814e-03 1.314680e+01 6.575296e+00 6.571500e+00
 1.179930e-04 3.875520e-03 1.295621e+01 6.480045e+00 6.476169e+00
 1.212920e-04 3.955819e-03 1.276816e+01 6.386060e+00 6.382104e+00
 1.246833e-04 4.037745e-03 1.258262e+01 6.293328e+00 6.289290e+00
 1.281694e-04 4.121327e-03 1.239954e+01 6.201832e+00 6.197711e+00
 1.317530e-04 4.206600e-03 1.221891e+01 6.111559e+00 6.107352e+00
 1.354368e-04 4.293596e-03 1.204069e+01 6.022492e+00 6.018198e+00
 1.392235e-04 4.382348e-03 1.186485e+01 5.934617e+00 5.930234e+00
 1.431161e-04 4.472892e-03 1.169137e+01 5.847919e+00 5.843446e+00
 1.471176e-04 4.565263e-03 1.152020e+01 5.762385e+00 5.757819e+00
 1.512310e-04 4.659495e-03 1.135134e+01 5.677999e+00 5.673339e+00
 1.554593e-04 4.755626e-03 1.118474e+01 5.594747e+00 5.589992e+00
 1.598059e-04 4.853693e-03 1.102038e+01 5.512617e+00 5.507763e+00
 1.642740e-04 4.953733e-03 1.085823e+01 5.431593e+00 5.426640e+00
 1.688670e-04 5.055785e-03 1.069827e+01 5.351663e+00 5.346607e+00
 1.735885e-04 5.159888e-03 1.054047e+01 5.272813e+00 5.267653e+00
 1.784420e-04 5.266083e-03 1.038479e+01 5.195029e+00 5.189762e+00
 1.834311e-04 5.374409e-03 1.023122e+01 5.118298e+00 5.112924e+00
 1.885598e-04 5.484908e-03 1.007973e+01 5.042608e+00 5.037123e+00
 1.938319e-04 5.597623e-03 9.930292e+00 4.967945e+00 4.962347e+00
 1.992513e-04 5.712596e-03 9.782881e+00 4.894297e+00 4.888584e+00
 2.048223e-04 5.829872e-03 9.637472e+00 4.821651e+00 4.815821e+00
 2.105491e-04 5.949495e-03 9.494040e+00 4.749995e+00 4.744045e+00
 2.164359e-04 6.071510e-03 9.352561e+00 4.679316e+00 4.673245e+00
 2.224874e-04 6.195964e-03 9.213010e+00 4.609603e+00 4.603407e+00
 2.287080e-04 6.322904e-03 9.075363e+00 4.540843e+00 4.534520e+00
 2.351026e-04 6.452378e-03 8.939597e+00 4.473025e+00 4.466572e+00
 2.416760e-04 6.584435e-03 8.805687e+00 4.406136e+00 4.399551e+00
 2.484332e-04 6.719125e-03 8.673612e+00 4.340165e+00 4.333446e+00
 2.553793e-04 6.856498e-03 8.543346e+00 4.275101e+00 4.268245e+00
 2.625196e-04 6.996607e-03 8.414869e+00 4.210933e+00 4.203936e+00
 2.698595e-04 7.139503e-03 8.288158e+00 4.147649e+00 4.140509e+00
 2.774047e-04 7.285241e-03 8.163190e+00 4.085238e+00 4.077952e+00
 2.851608e-04 7.433876e-03 8.039944e+00 4.023689e+00 4.016255e+00
 2.931338e-04 7.585462e-03 7.918397e+00 3.962991e+00 3.955406e+00
 3.013297e-04 7.740056e-03 7.798529e+00 3.903134e+00 3.895394e+00
 3.097547e-04 7.897717e-03 7.680318e+00 3.844108e+00 3.836210e+00
 3.184154e-04 8.058503e-03 7.563743e+00 3.785901e+00 3.777842e+00
 3.273181e-04 8.222473e-03 7.448784e+00 3.728503e+00 3.720281e+00
 3.364698e-04 8.389689e-03 7.335420e+00 3.671905e+00 3.663515e+00
 3.458774e-04 8.560212e-03 7.223632e+00 3.616096e+00 3.607536e+00
 3.555480e-04 8.734107e-03 7.113398e+00 3.561066e+00 3.552332e+00
 3.654890e-04 8.911436e-03 7.004700e+00 3.506806e+00 3.497894e+00
 3.757079e-04 9.092266e-03 6.897517e+00 3.453305e+00 3.444212e+00
 3.862125e-04 9.276664e-03 6.791831e+00 3.400554e+00 3.391277e+00
 3.970109e-04 9.464697e-03 6.687623e+00 3.348544e+00 3.339079e+00
 4.081111e-04 9.656434e-03 6.584873e+00 3.297265e+00 3.287608e+00
 4.195218e-04 9.851945e-03 6.483563e+00 3.246708e+00 3.236856e+00
 4.312514e-04 1.005130e-02 6.383676e+00 3.196863e+00 3.186812e+00
 4.433090e-04 1.025458e-02 6.285191e+00 3.147723e+00 3.137468e+00
 4.557038e-04 1.046185e-02 6.188092e+00 3.099277e+00 3.088815e+00
 4.684451e-04 1.067319e-02 6.092362e+00 3.051517e+00 3.040844e+00
 4.815426e-04 1.088868e-02 5.997981e+00 3.004435e+00 2.993546e+00
 4.950064e-04 1.110839e-02 5.904934e+00 2.958021e+00 2.946913e+00
 5.088465e-04 1.133241e-02 5.813202e+00 2.912267e+00 2.900935e+00
 5.230737e-04 1.156081e-02 5.722769e+00 2.867165e+00 2.855604e+00
 5.376986e-04 1.179368e-02 5.633619e+00 2.822706e+00 2.810913e+00
 5.527325e-04 1.203110e-02 5.545735e+00 2.778883e+00 2.766852e+00
 5.681866e-04 1.227316e-02 5.459100e+00 2.735686e+00 2.723413e+00
 5.840729e-04 1.251995e-02 5.373698e+00 2.693109e+00 2.680589e+00
 6.004034e-04 1.277155e-02 5.289514e+00 2.651143e+00 2.638371e+00
 6.171904e-04 1.302806e-02 5.206531e+00 2.609779e+00 2.596751e+00
 6.344468e-04 1.328956e-02 5.124734e+00 2.569012e+00 2.555722e+00
 6.521857e-04 1.355615e-02 5.044109e+00 2.528832e+00 2.515276e+00
 6.704205e-04 1.382793e-02 4.964639e+00 2.489233e+00 2.475405e+00
 6.891652e-04 1.410500e-02 4.886309e+00 2.450207e+00 2.436102e+00
 7.084340e-04 1.438744e-02 4.809105e+00 2.411746e+00 2.397359e+00
 7.282415e-04 1.467537e-02 4.733013e+00 2.373844e+00 2.359169e+00
 7.486029e-04 1.496888e-02 4.658017e+00 2.336493e+00 2.321524e+00
 7.695335e-04 1.526808e-02 4.584104e+00 2.299686e+00 2.284418e+00
 7.910494e-04 1.557308e-02 4.511259e+00 2.263416e+00 2.247843e+00
 8.131668e-04 1.588397e-02 4.439468e+00 2.227676e+00 2.211792e+00
 8.359026e-04 1.620088e-02 4.368718e+00 2.192459e+00 2.176258e+00
 8.592741e-04 1.652392e-02 4.298995e+00 2.157759e+00 2.141235e+00
 8.832991e-04 1.685319e-02 4.230285e+00 2.123569e+00 2.106716e+00
 9.079958e-04 1.718882e-02 4.162576e+00 2.089882e+00 2.072694e+00
 9.333830e-04 1.753092e-02 4.095854e+00 2.056692e+00 2.039162e+00
 9.594800e-04 1.787961e-02 4.030106e+00 2.023993e+00 2.006113e+00
 9.863067e-04 1.823502e-02 3.965320e+00 1.991778e+00 1.973543e+00
 1.013883e-03 1.859726e-02 3.901483e+00 1.960040e+00 1.941443e+00
 1.042231e-03 1.896647e-02 3.838582e+00 1.928774e+00 1.909808e+00
 1.071372e-03 1.934277e-02 3.776605e+00 1.897974e+00 1.878631e+00
 1.101327e-03 1.972629e-02 3.715540e+00 1.867633e+00 1.847907e+00
 1.132119e-03 2.011718e-02 3.655375e+00 1.837746e+00 1.817629e+00
 1.163773e-03 2.051555e-02 3.596098e+00 1.808307e+00 1.787791e+00
 1.196312e-03 2.092156e-02 3.537698e+00 1.779310e+00 1.758388e+00
 1.229760e-03 2.133533e-02 3.480162e+00 1.750749e+00 1.729413e+00
 1.264144e-03 2.175702e-02 3.423480e+00 1.722618e+00 1.700861e+00
 1.299489e-03 2.218677e-02 3.367639e+00 1.694913e+00 1.672726e+00
 1.335822e-03 2.262473e-02 3.312630e+00 1.667627e+00 1.645003e+00
 1.373171e-03 2.307104e-02 3.258440e+00 1.640756e+00 1.617685e+00
 1.411564e-03 2.352587e-02 3.205060e+00 1.614293e+00 1.590767e+00
 1.451031e-03 2.398936e-02 3.152478e+00 1.588234e+00 1.564244e+00
 1.491601e-03 2.446167e-02 3.100684e+00 1.562573e+00 1.538111e+00
 1.533306e-03 2.494298e-02 3.049667e+00 1.537305e+00 1.512362e+00
 1.576176e-03 2.543343e-02 2.999417e+00 1.512425e+00 1.486992e+00
 1.620246e-03 2.593320e-02 2.949924e+00 1.487929e+00 1.461995e+00
 1.665547e-03 2.644246e-02 2.901178e+00 1.463810e+00 1.437368e+00
 1.712115e-03 2.696138e-02 2.853169e+00 1.440065e+00 1.413104e+00
 1.759985e-03 2.749013e-02 2.805887e+00 1.416688e+00 1.389198e+00
 1.809194e-03 2.802890e-02 2.759322e+00 1.393676e+00 1.365647e+00
 1.859778e-03 2.857787e-02 2.713465e+00 1.371022e+00 1.342444e+00
 1.911777e-03 2.913722e-02 2.668307e+00 1.348722e+00 1.319585e+00
 1.965229e-03 2.970714e-02 2.623838e+00 1.326773e+00 1.297065e+00
 2.020176e-03 3.028782e-02 2.580049e+00 1.305168e+00 1.274881e+00
 2.076659e-03 3.087946e-02 2.536931e+00 1.283905e+00 1.253026e+00
 2.134722e-03 3.148226e-02 2.494475e+00 1.262979e+00 1.231496e+00
 2.194408e-03 3.209641e-02 2.452673e+00 1.242384e+00 1.210288e+00
 2.255763e-03 3.272213e-02 2.411514e+00 1.222118e+00 1.189396e+00
 2.318833e-03 3.335962e-02 2.370992e+00 1.202176e+00 1.168816e+00
 2.383667e-03 3.400910e-02 2.331098e+00 1.182553e+00 1.148544e+00
 2.450313e-03 3.467078e-02 2.291822e+00 1.163247e+00 1.128576e+00
 2.518823e-03 3.534488e-02 2.253158e+00 1.144251e+00 1.108907e+00
 2.589248e-03 3.603162e-02 2.215097e+00 1.125564e+00 1.089532e+00
 2.661642e-03 3.673124e-02 2.177630e+00 1.107181e+00 1.070449e+00
 2.736061e-03 3.744397e-02 2.140750e+00 1.089097e+00 1.051653e+00
 2.812560e-03 3.817003e-02 2.104449e+00 1.071310e+00 1.033140e+00
 2.891198e-03 3.890967e-02 2.068720e+00 1.053815e+00 1.014905e+00
 2.972035e-03 3.966314e-02 2.033555e+00 1.036609e+00 9.969460e-01
 3.055132e-03 4.043068e-02 1.998946e+00 1.019688e+00 9.792578e-01
 3.140552e-03 4.121254e-02 1.964886e+00 1.003049e+00 9.618369e-01
 3.228361e-03 4.200898e-02 1.931368e+00 9.866887e-01 9.446797e-01
 3.318624e-03 4.282027e-02 1.898385e+00 9.706026e-01 9.277823e-01
 3.411412e-03 4.364666e-02 1.865929e+00 9.547879e-01 9.111412e-01
 3.506793e-03 4.448842e-02 1.833994e+00 9.392411e-01 8.947527e-01
 3.604842e-03 4.534584e-02 1.802572e+00 9.239591e-01 8.786132e-01
 3.705632e-03 4.621919e-02 1.771658e+00 9.089385e-01 8.627193e-01
 3.809240e-03 4.710875e-02 1.741244e+00 8.941761e-01 8.470674e-01
 3.915745e-03 4.801481e-02 1.711323e+00 8.796690e-01 8.316541e-01
 4.025227e-03 4.893767e-02 1.681890e+00 8.654138e-01 8.164761e-01
 4.137771e-03 4.987762e-02 1.652938e+00 8.514076e-01 8.015300e-01
 4.253462e-03 5.083497e-02 1.624460e+00 8.376475e-01 7.868125e-01
 4.372387e-03 5.181002e-02 1.596451e+00 8.241304e-01 7.723204e-01
 4.494637e-03 5.280310e-02 1.568904e+00 8.108535e-01 7.580504e-01
 4.620305e-03 5.381451e-02 1.541813e+00 7.978140e-01 7.439995e-01
 4.749487e-03 5.484459e-02 1.515173e+00 7.850090e-01 7.301644e-01
 4.882281e-03 5.589365e-02 1.488978e+00 7.724358e-01 7.165422e-01
 5.018787e-03 5.696204e-02 1.463221e+00 7.600918e-01 7.031297e-01
 5.159111e-03 5.805010e-02 1.437898e+00 7.479741e-01 6.899240e-01
 5.303357e-03 5.915817e-02 1.413003e+00 7.360804e-01 6.769222e-01
 5.451637e-03 6.028660e-02 1.388529e+00 7.244079e-01 6.641213e-01
 5.604063e-03 6.143575e-02 1.364473e+00 7.129542e-01 6.515184e-01
 5.760750e-03 6.260598e-02 1.340828e+00 7.017168e-01 6.391108e-01
 5.921818e-03 6.379766e-02 1.317589e+00 6.906933e-01 6.268956e-01
 6.087390e-03 6.501116e-02 1.294751e+00 6.798813e-01 6.148701e-01
 6.257591e-03 6.624686e-02 1.272310e+00 6.692785e-01 6.030316e-01
 6.432551e-03 6.750515e-02 1.250260e+00 6.588826e-01 5.913774e-01
 6.612403e-03 6.878642e-02 1.228596e+00 6.486913e-01 5.799049e-01
 6.797283e-03 7.009106e-02 1.207314e+00 6.387025e-01 5.686114e-01
 6.987332e-03 7.141948e-02 1.186408e+00 6.289139e-01 5.574944e-01
 7.182695e-03 7.277208e-02 1.165875e+00 6.193236e-01 5.465515e-01
 7.383520e-03 7.414929e-02 1.145709e+00 6.099293e-01 5.357800e-01
 7.589961e-03 7.555151e-02 1.125907e+00 6.007291e-01 5.251776e-01
 7.802173e-03 7.697918e-02 1.106463e+00 5.917209e-01 5.147418e-01
 8.020319e-03 7.843272e-02 1.087373e+00 5.829029e-01 5.044702e-01
 8.244563e-03 7.991258e-02 1.068634e+00 5.742731e-01 4.943606e-01
 8.475078e-03 8.141919e-02 1.050240e+00 5.658297e-01 4.844105e-01
 8.712038e-03 8.295300e-02 1.032188e+00 5.575707e-01 4.746177e-01
 8.955623e-03 8.451447e-02 1.014475e+00 5.494945e-01 4.649800e-01
 9.206019e-03 8.610406e-02 9.970945e-01 5.415993e-01 4.554952e-01
 9.463415e-03 8.772222e-02 9.800444e-01 5.338833e-01 4.461611e-01
 9.728009e-03 8.936943e-02 9.633204e-01 5.263449e-01 4.369755e-01
 1.000000e-02 9.104617e-02 9.469187e-01 5.189824e-01 4.279363e-01
 1.027960e-02 9.275290e-02 9.308358e-01 5.117943e-01 4.190414e-01
 1.056701e-02 9.449011e-02 9.150679e-01 5.047790e-01 4.102889e-01
 1.086246e-02 9.625829e-02 8.996115e-01 4.979349e-01 4.016766e-01
 1.116617e-02 9.805793e-02 8.844632e-01 4.912606e-01 3.932027e-01
 1.147837e-02 9.988951e-02 8.696196e-01 4.847545e-01 3.848650e-01
 1.179930e-02 1.017536e-01 8.550772e-01 4.784154e-01 3.766618e-01
 1.212920e-02 1.036505e-01 8.408328e-01 4.722416e-01 3.685911e-01
 1.246833e-02 1.055810e-01 8.268831e-01 4.662320e-01 3.606511e-01
 1.281694e-02 1.075453e-01 8.132251e-01 4.603852e-01 3.528399e-01
 1.317530e-02 1.095442e-01 7.998555e-01 4.546998e-01 3.451557e-01
 1.354368e-02 1.115780e-01 7.867714e-01 4.491747e-01 3.375967e-01
 1.392235e-02 1.136472e-01 7.739697e-01 4.438085e-01 3.301612e-01
 1.431161e-02 1.157525e-01 7.614475e-01 4.386000e-01 3.228475e-01
 1.471176e-02 1.178942e-01 7.492020e-01 4.335481e-01 3.156539e-01
 1.512310e-02 1.200728e-01 7.372302e-01 4.286515e-01 3.085787e-01
 1.554593e-02 1.222890e-01 7.255294e-01 4.239092e-01 3.016202e-01
 1.598059e-02 1.245430e-01 7.140970e-01 4.193200e-01 2.947770e-01
 1.642740e-02 1.268356e-01 7.029301e-01 4.148828e-01 2.880473e-01
 1.688670e-02 1.291670e-01 6.920262e-01 4.105966e-01 2.814296e-01
 1.735885e-02 1.315378e-01 6.813826e-01 4.064602e-01 2.749224e-01
 1.784420e-02 1.339485e-01 6.709969e-01 4.024727e-01 2.685242e-01
 1.834311e-02 1.363995e-01 6.608664e-01 3.986330e-01 2.622335e-01
 1.885598e-02 1.388912e-01 6.509888e-01 3.949400e-01 2.560488e-01
 1.938319e-02 1.414241e-01 6.413615e-01 3.913928e-01 2.499687e-01
 1.992513e-02 1.439985e-01 6.319823e-01 3.879904e-01 2.439919e-01
 2.048223e-02 1.466148e-01 6.228485e-01 3.847317e-01 2.381169e-01
 2.105491e-02 1.492735e-01 6.139581e-01 3.816158e-01 2.323423e-01
 2.164359e-02 1.519748e-01 6.053085e-01 3.786416e-01 2.266669e-01
 2.224874e-02 1.547190e-01 5.968975e-01 3.758083e-01 2.210892e-01
 2.287080e-02 1.575066e-01 5.887228e-01 3.731147e-01 2.156081e-01
 2.351026e-02 1.603376e-01 5.807821e-01 3.705598e-01 2.102223e-01
 2.416760e-02 1.632123e-01 5.730731e-01 3.681427e-01 2.049304e-01
 2.484332e-02 1.661309e-01 5.655936e-01 3.658623e-01 1.997314e-01
 2.553793e-02 1.690935e-01 5.583413e-01 3.637174e-01 1.946239e-01
 2.625196e-02 1.721003e-01 5.513140e-01 3.617071e-01 1.896069e-01
 2.698595e-02 1.751511e-01 5.445092e-01 3.598302e-01 1.846790e-01
 2.774047e-02 1.782462e-01 5.379248e-01 3.580855e-01 1.798393e-01
 2.851608e-02 1.813853e-01 5.315585e-01 3.564719e-01 1.750866e-01
 2.931338e-02 1.845683e-01 5.254078e-01 3.549881e-01 1.704198e-01
 3.013297e-02 1.877950e-01 5.194705e-01 3.536327e-01 1.658378e-01
 3.097547e-02 1.910651e-01 5.137441e-01 3.524046e-01 1.613395e-01
 3.184154e-02 1.943782e-01 5.082261e-01 3.513022e-01 1.569239e-01
 3.273181e-02 1.977340e-01 5.029141e-01 3.503240e-01 1.525901e-01
 3.364698e-02 2.011317e-01 4.978055e-01 3.494686e-01 1.483369e-01
 3.458774e-02 2.045708e-01 4.928976e-01 3.487342e-01 1.441634e-01
 3.555480e-02 2.080505e-01 4.881878e-01 3.481191e-01 1.400686e-01
 3.654890e-02 2.115699e-01 4.836732e-01 3.476216e-01 1.360517e-01
 3.757079e-02 2.151280e-01 4.793510e-01 3.472395e-01 1.321115e-01
 3.862125e-02 2.187235e-01 4.752182e-01 3.469709e-01 1.282473e-01
 3.970109e-02 2.223554e-01 4.712717e-01 3.468135e-01 1.244582e-01
 4.081111e-02 2.260220e-01 4.675083e-01 3.467651e-01 1.207432e-01
 4.195218e-02 2.297217e-01 4.639245e-01 3.468231e-01 1.171014e-01
 4.312514e-02 2.334528e-01 4.605170e-01 3.469849e-01 1.135321e-01
 4.433090e-02 2.372133e-01 4.572821e-01 3.472477e-01 1.100344e-01
 4.557038e-02 2.410011e-01 4.542159e-01 3.476085e-01 1.066074e-01
 4.684451e-02 2.448136e-01 4.513144e-01 3.480640e-01 1.032504e-01
 4.815426e-02 2.486484e-01 4.485736e-01 3.486110e-01 9.996257e-02
 4.950064e-02 2.525027e-01 4.459888e-01 3.492457e-01 9.674310e-02
 5.088465e-02 2.563732e-01 4.435557e-01 3.499645e-01 9.359123e-02
 5.230737e-02 2.602568e-01 4.412693e-01 3.507630e-01 9.050622e-02
 5.376986e-02 2.641499e-01 4.391245e-01 3.516372e-01 8.748732e-02
 5.527325e-02 2.680485e-01 4.371161e-01 3.525823e-01 8.453379e-02
 5.681866e-02 2.719486e-01 4.352384e-01 3.535935e-01 8.164491e-02
 5.840729e-02 2.758457e-01 4.334857e-01 3.546657e-01 7.881998e-02
 6.004034e-02 2.797351e-01 4.318517e-01 3.557934e-01 7.605829e-02
 6.171904e-02 2.836119e-01 4.303302e-01 3.569710e-01 7.335915e-02
 6.344468e-02 2.874705e-01 4.289143e-01 3.581924e-01 7.072189e-02
 6.521857e-02 2.913056e-01 4.275972e-01 3.594514e-01 6.814582e-02
 6.704205e-02 2.951110e-01 4.263716e-01 3.607413e-01 6.563030e-02
 6.891652e-02 2.988807e-01 4.252301e-01 3.620554e-01 6.317466e-02
 7.084340e-02 3.026082e-01 4.241647e-01 3.633864e-01 6.077826e-02
 7.282415e-02 3.062865e-01 4.231674e-01 3.647269e-01 5.844045e-02
 7.486029e-02 3.099085e-01 4.222297e-01 3.660691e-01 5.616060e-02
 7.695335e-02 3.134669e-01 4.213430e-01 3.674049e-01 5.393809e-02
 7.910494e-02 3.169537e-01 4.204983e-01 3.687260e-01 5.177228e-02
 8.131668e-02 3.203610e-01 4.196861e-01 3.700235e-01 4.966257e-02
 8.359026e-02 3.236802e-01 4.188969e-01 3.712885e-01 4.760833e-02
 8.592741e-02 3.269027e-01 4.181207e-01 3.725117e-01 4.560896e-02
 8.832991e-02 3.300195e-01 4.173472e-01 3.736834e-01 4.366385e-02
 9.079958e-02 3.330212e-01 4.165660e-01 3.747936e-01 4.177238e-02
 9.333830e-02 3.358982e-01 4.157662e-01 3.758322e-01 3.993397e-02
 9.594800e-02 3.386406e-01 4.149366e-01 3.767886e-01 3.814799e-02
 9.863067e-02 3.412383e-01 4.140660e-01 3.776521e-01 3.641386e-02
 1.013883e-01 3.436807e-01 4.131426e-01 3.784117e-01 3.473096e-02
 1.042231e-01 3.459573e-01 4.121547e-01 3.790560e-01 3.309869e-02
 1.071372e-01 3.480572e-01 4.110901e-01 3.795737e-01 3.151645e-02
 1.101327e-01 3.499694e-01 4.099367e-01 3.799530e-01 2.998361e-02
 1.132119e-01 3.516828e-01 4.086819e-01 3.801823e-01 2.849958e-02
 1.163773e-01 3.531860e-01 4.073134e-01 3.802497e-01 2.706373e-02
 1.196312e-01 3.544677e-01 4.058185e-01 3.801431e-01 2.567543e-02
 1.229760e-01 3.555165e-01 4.041847e-01 3.798506e-01 2.433407e-02
 1.264144e-01 3.563213e-01 4.023992e-01 3.793602e-01 2.303900e-02
 1.299489e-01 3.568705e-01 4.004497e-01 3.786601e-01 2.178958e-02
 1.335822e-01 3.571533e-01 3.983236e-01 3.777385e-01 2.058517e-02
 1.373171e-01 3.571586e-01 3.960088e-01 3.765837e-01 1.942510e-02
 1.411564e-01 3.568757e-01 3.934932e-01 3.751844e-01 1.830872e-02
 1.451031e-01 3.562943e-01 3.907650e-01 3.735297e-01 1.723533e-02
 1.491601e-01 3.554044e-01 3.878130e-01 3.716087e-01 1.620425e-02
 1.533306e-01 3.541965e-01 3.846261e-01 3.694113e-01 1.521479e-02
 1.576176e-01 3.526615e-01 3.811939e-01 3.669277e-01 1.426623e-02
 1.620246e-01 3.507910e-01 3.775067e-01 3.641488e-01 1.335785e-02
 1.665547e-01 3.485772e-01 3.735550e-01 3.610661e-01 1.248890e-02
 1.712115e-01 3.460131e-01 3.693303e-01 3.576717e-01 1.165865e-02
 1.759985e-01 3.430923e-01 3.648249e-01 3.539586e-01 1.086632e-02
 1.809194e-01 3.398094e-01 3.600316e-01 3.499205e-01 1.011113e-02
 1.859778e-01 3.361599e-01 3.549445e-01 3.455522e-01 9.392299e-03
 1.911777e-01 3.321404e-01 3.495584e-01 3.408494e-01 8.709011e-03
 1.965229e-01 3.277486e-01 3.438694e-01 3.358090e-01 8.060444e-03
 2.020176e-01 3.229834e-01 3.378750e-01 3.304292e-01 7.445757e-03
 2.076659e-01 3.178454e-01 3.315736e-01 3.247095e-01 6.864099e-03
 2.134722e-01 3.123362e-01 3.249654e-01 3.186508e-01 6.314599e-03
 2.194408e-01 3.064594e-01 3.180521e-01 3.122557e-01 5.796373e-03
 2.255763e-01 3.002198e-01 3.108368e-01 3.055283e-01 5.308524e-03
 2.318833e-01 2.936242e-01 3.033245e-01 2.984744e-01 4.850138e-03
 2.383667e-01 2.866812e-01 2.955217e-01 2.911015e-01 4.420289e-03
 2.450313e-01 2.794010e-01 2.874371e-01 2.834191e-01 4.018038e-03
 2.518823e-01 2.717962e-01 2.790811e-01 2.754386e-01 3.642434e-03
 2.589248e-01 2.638811e-01 2.704661e-01 2.671736e-01 3.292514e-03
 2.661642e-01 2.556720e-01 2.616066e-01 2.586393e-01 2.967308e-03
 2.736061e-01 2.471876e-01 2.525192e-01 2.498534e-01 2.665833e-03
 2.812560e-01 2.384481e-01 2.432223e-01 2.408352e-01 2.387102e-03
 2.891198e-01 2.294760e-01 2.337363e-01 2.316061e-01 2.130121e-03
 2.972035e-01 2.202956e-01 2.240834e-01 2.221895e-01 1.893893e-03
 3.055132e-01 2.109331e-01 2.142879e-01 2.126105e-01 1.677418e-03
 3.140552e-01 2.014166e-01 2.043760e-01 2.028963e-01 1.479697e-03
 3.228361e-01 1.917762e-01 1.943757e-01 1.930759e-01 1.299732e-03
 3.318624e-01 1.820434e-01 1.843165e-01 1.831800e-01 1.136532e-03
 3.411412e-01 1.722515e-01 1.742297e-01 1.732406e-01 9.891086e-04
 3.506793e-01 1.624349e-01 1.641479e-01 1.632914e-01 8.564873e-04
 3.604842e-01 1.526295e-01 1.541049e-01 1.533672e-01 7.377035e-04
 3.705632e-01 1.428721e-01 1.441357e-01 1.435039e-01 6.318079e-04
 3.809240e-01 1.332001e-01 1.342758e-01 1.337379e-01 5.378691e-04
 3.915745e-01 1.236514e-01 1.245613e-01 1.241064e-01 4.549760e-04
 4.025227e-01 1.142640e-01 1.150285e-01 1.146462e-01 3.822409e-04
 4.137771e-01 1.050757e-01 1.057133e-01 1.053945e-01 3.188024e-04
 4.253462e-01 9.612379e-02 9.665145e-02 9.638762e-02 2.638280e-04
 4.372387e-01 8.744480e-02 8.787784e-02 8.766132e-02 2.165166e-04
 4.494637e-01 7.907409e-02 7.942629e-02 7.925019e-02 1.761017e-04
 4.620305e-01 7.104541e-02 7.132912e-02 7.118727e-02 1.418532e-04
 4.749487e-01 6.339044e-02 6.361660e-02 6.350352e-02 1.130799e-04
 4.882281e-01 5.613814e-02 5.631640e-02 5.622727e-02 8.913120e-05
 5.018787e-01 4.931416e-02 4.945296e-02 4.938356e-02 6.939930e-05
 5.159111e-01 4.294031e-02 4.304695e-02 4.299363e-02 5.332001e-05
 5.303357e-01 3.703401e-02 3.711476e-02 3.707439e-02 4.037396e-05
 5.451637e-01 3.160780e-02 3.166797e-02 3.163789e-02 3.008710e-05
 5.604063e-01 2.666884e-02 2.671290e-02 2.669087e-02 2.203080e-05
 5.760750e-01 2.221872e-02 2.225036e-02 2.223454e-02 1.582149e-05
 5.921818e-01 1.825348e-02 1.827572e-02 1.826460e-02 1.111984e-05
 6.087390e-01 1.476380e-02 1.477905e-02 1.477143e-02 7.629407e-06
 6.257591e-01 1.173487e-02 1.174506e-02 1.173997e-02 5.094863e-06
 6.432551e-01 9.146395e-03 9.152994e-03 9.149695e-03 3.299772e-06
 6.612403e-01 6.972583e-03 6.976711e-03 6.974647e-03 2.063896e-06
 6.797283e-01 5.182602e-03 5.185082e-03 5.183842e-03 1.240156e-06
 6.987332e-01 3.741399e-03 3.742822e-03 3.742111e-03 7.112754e-07
 7.182695e-01 2.610914e-03 2.611686e-03 2.611300e-03 3.862104e-07
 7.383520e-01 1.750893e-03 1.751286e-03 1.751089e-03 1.964541e-07
 7.589961e-01 1.119911e-03 1.120096e-03 1.120003e-03 9.232129e-08
 7.802173e-01 6.765863e-04 6.766650e-04 6.766256e-04 3.932852e-08
 8.020319e-01 3.809610e-04 3.809905e-04 3.809758e-04 1.478363e-08
 8.244563e-01 1.962660e-04 1.962755e-04 1.962708e-04 4.710007e-09
 8.475078e-01 9.006810e-05 9.007049e-05 9.006930e-05 1.191822e-09
 8.712038e-01 3.533726e-05 3.533768e-05 3.533747e-05 2.130538e-10
 8.955623e-01 1.107428e-05 1.107432e-05 1.107430e-05 2.113973e-11
 9.206019e-01 2.425537e-06 2.425538e-06 2.425538e-06 6.650349e-13
 9.463415e-01 2.747731e-07 2.747731e-07 2.747731e-07 -2.117582e-22
 9.728009e-01 8.110768e-09 8.110768e-09 8.110768e-09 0.000000e+00