
 1.000000e-06 1.985167e-04 1.299097e+02 6.495493e+01 6.495473e+01
 1.027960e-06 2.028789e-04 1.283271e+02 6.416365e+01 6.416345e+01
 1.056701e-06 2.073358e-04 1.267625e+02 6.338135e+01 6.338114e+01
 1.086246e-06 2.118895e-04 1.252156e+02 6.260792e+01 6.260771e+01
 1.116617e-06 2.165421e-04 1.236864e+02 6.184329e+01 6.184307e+01
 1.147837e-06 2.212956e-04 1.221745e+02 6.108735e+01 6.108712e+01
 1.179930e-06 2.261522e-04 1.206798e+02 6.034001e+01 6.033978e+01
 1.212920e-06 2.311142e-04 1.192021e+02 5.960118e+01 5.960095e+01
 1.246833e-06 2.361838e-04 1.177413e+02 5.887077e+01 5.887053e+01
 1.281694e-06 2.413633e-04 1.162971e+02 5.814869e+01 5.814845e+01
 1.317530e-06 2.466550e-04 1.148695e+02 5.743485e+01 5.743461e+01
 1.354368e-06 2.520614e-04 1.134581e+02 5.672917e+01 5.672892e+01
 1.392235e-06 2.575849e-04 1.120629e+02 5.603156e+01 5.603130e+01
 1.431161e-06 2.632279e-04 1.106836e+02 5.534193e+01 5.534166e+01
 1.471176e-06 2.689931e-04 1.093201e+02 5.466019e+01 5.465993e+01
 1.512310e-06 2.748830e-04 1.079723e+02 5.398627e+01 5.398600e+01
 1.554593e-06 2.809004e-04 1.066399e+02 5.332008e+01 5.331980e+01
 1.598059e-06 2.870479e-04 1.053228e+02 5.266154e+01 5.266125e+01
 1.642740e-06 2.933283e-04 1.040208e+02 5.201056e+01 5.201027e+01
 1.688670e-06 2.997444e-04 1.027338e+02 5.136706e+01 5.136676e+01
 1.735885e-06 3.062992e-04 1.014616e+02 5.073097e+01 5.073067e+01
 1.784420e-06 3.129955e-04 1.002041e+02 5.010221e+01 5.010190e+01
 1.834311e-06 3.198364e-04 9.896106e+01 4.948069e+01 4.948037e+01
 1.885598e-06 3.268250e-04 9.773235e+01 4.886634e+01 4.886601e+01
 1.938319e-06 3.339644e-04 9.651783e+01 4.825908e+01 4.825875e+01
 1.992513e-06 3.412578e-04 9.531734e+01 4.765884e+01 4.765850e+01
 2.048223e-06 3.487085e-04 9.413073e+01 4.706554e+01 4.706519e+01
 2.105491e-06 3.563199e-04 9.295785e+01 4.647910e+01 4.647874e+01
 2.164359e-06 3.640953e-04 9.179855e+01 4.589946e+01 4.589909e+01
 2.224874e-06 3.720382e-04 9.065269e+01 4.532653e+01 4.532616e+01
 2.287080e-06 3.801522e-04 8.952012e+01 4.476025e+01 4.475987e+01
 2.351026e-06 3.884409e-04 8.840070e+01 4.420054e+01 4.420016e+01
 2.416760e-06 3.969080e-04 8.729429e+01 4.364734e+01 4.364695e+01
 2.484332e-06 4.055574e-04 8.620074e+01 4.310057e+01 4.310017e+01
 2.553793e-06 4.143928e-04 8.511992e+01 4.256017e+01 4.255975e+01
 2.625196e-06 4.234182e-04 8.405169e+01 4.202606e+01 4.202563e+01
 2.698595e-06 4.326376e-04 8.299592e+01 4.149817e+01 4.149774e+01
 2.774047e-06 4.420552e-04 8.195246e+01 4.097645e+01 4.097601e+01
 2.851608e-06 4.516750e-04 8.092118e+01 4.046082e+01 4.046037e+01
 2.931338e-06 4.615015e-04 7.990196e+01 3.995121e+01 3.995075e+01
 3.013297e-06 4.715390e-04 7.889466e+01 3.944757e+01 3.944709e+01
 3.097547e-06 4.817919e-04 7.789915e+01 3.894982e+01 3.894933e+01
 3.184154e-06 4.922648e-04 7.691530e+01 3.845790e+01 3.845741e+01
 3.273181e-06 5.029623e-04 7.594299e+01 3.797175e+01 3.797125e+01
 3.364698e-06 5.138892e-04 7.498210e+01 3.749131e+01 3.749079e+01
 3.458774e-06 5.250503e-04 7.403248e+01 3.701650e+01 3.701598e+01
 3.555480e-06 5.364506e-04 7.309403e+01 3.654729e+01 3.654675e+01
 3.654890e-06 5.480951e-04 7.216663e+01 3.608359e+01 3.608304e+01
 3.757079e-06 5.599889e-04 7.125014e+01 3.562535e+01 3.562479e+01
 3.862125e-06 5.721373e-04 7.034445e+01 3.517251e+01 3.517194e+01
 3.970109e-06 5.845456e-04 6.944945e+01 3.472502e+01 3.472443e+01
 4.081111e-06 5.972194e-04 6.856501e+01 3.428280e+01 3.428221e+01
 4.195218e-06 6.101642e-04 6.769102e+01 3.384582e+01 3.384521e+01
 4.312514e-06 6.233858e-04 6.682737e+01 3.341400e+01 3.341337e+01
 4.433090e-06 6.368898e-04 6.597394e+01 3.298729e+01 3.298665e+01
 4.557038e-06 6.506823e-04 6.513062e+01 3.256564e+01 3.256499e+01
 4.684451e-06 6.647694e-04 6.429730e+01 3.214898e+01 3.214832e+01
 4.815426e-06 6.791572e-04 6.347387e+01 3.173727e+01 3.173659e+01
 4.950064e-06 6.938520e-04 6.266021e+01 3.133045e+01 3.132976e+01
 5.088465e-06 7.088603e-04 6.185623e+01 3.092847e+01 3.092776e+01
 5.230737e-06 7.241886e-04 6.106181e+01 3.053127e+01 3.053054e+01
 5.376986e-06 7.398437e-04 6.027685e+01 3.013880e+01 3.013806e+01
 5.527325e-06 7.558323e-04 5.950125e+01 2.975100e+01 2.975025e+01
 5.681866e-06 7.721616e-04 5.873490e+01 2.936784e+01 2.936706e+01
 5.840729e-06 7.888386e-04 5.797770e+01 2.898924e+01 2.898845e+01
 6.004034e-06 8.058706e-04 5.722954e+01 2.861517e+01 2.861437e+01
 6.171904e-06 8.232649e-04 5.649033e+01 2.824558e+01 2.824475e+01
 6.344468e-06 8.410293e-04 5.575997e+01 2.788041e+01 2.787957e+01
 6.521857e-06 8.591715e-04 5.503836e+01 2.751961e+01 2.751875e+01
 6.704205e-06 8.776992e-04 5.432541e+01 2.716314e+01 2.716226e+01
 6.891652e-06 8.966206e-04 5.362101e+01 2.681095e+01 2.681006e+01
 7.084340e-06 9.159440e-04 5.292507e+01 2.646299e+01 2.646208e+01
 7.282415e-06 9.356776e-04 5.223750e+01 2.611922e+01 2.611828e+01
 7.486029e-06 9.558300e-04 5.155820e+01 2.577958e+01 2.577862e+01
 7.695335e-06 9.764100e-04 5.088708e+01 2.544403e+01 2.544305e+01
 7.910494e-06 9.974264e-04 5.022406e+01 2.511253e+01 2.511153e+01
 8.131668e-06 1.018888e-03 4.956903e+01 2.478502e+01 2.478401e+01
 8.359026e-06 1.040805e-03 4.892191e+01 2.446148e+01 2.446044e+01
 8.592741e-06 1.063186e-03 4.828262e+01 2.414184e+01 2.414078e+01
 8.832991e-06 1.086042e-03 4.765106e+01 2.382607e+01 2.382499e+01
 9.079958e-06 1.109380e-03 4.702715e+01 2.351413e+01 2.351302e+01
 9.333830e-06 1.133213e-03 4.641080e+01 2.320596e+01 2.320483e+01
 9.594800e-06 1.157550e-03 4.580192e+01 2.290154e+01 2.290038e+01
 9.863067e-06 1.182402e-03 4.520044e+01 2.260081e+01 2.259963e+01
 1.013883e-05 1.207778e-03 4.460627e+01 2.230374e+01 2.230253e+01
 1.042231e-05 1.233691e-03 4.401933e+01 2.201028e+01 2.200905e+01
 1.071372e-05 1.260151e-03 4.343953e+01 2.172039e+01 2.171913e+01
 1.101327e-05 1.287170e-03 4.286680e+01 2.143404e+01 2.143275e+01
 1.132119e-05 1.314759e-03 4.230105e+01 2.115118e+01 2.114987e+01
 1.163773e-05 1.342930e-03 4.174221e+01 2.087178e+01 2.087043e+01
 1.196312e-05 1.371695e-03 4.119020e+01 2.059579e+01 2.059441e+01
 1.229760e-05 1.401066e-03 4.064494e+01 2.032317e+01 2.032177e+01
 1.264144e-05 1.431056e-03 4.010636e+01 2.005389e+01 2.005246e+01
 1.299489e-05 1.461678e-03 3.957437e+01 1.978792e+01 1.978645e+01
 1.335822e-05 1.492944e-03 3.904891e+01 1.952520e+01 1.952371e+01
 1.373171e-05 1.524868e-03 3.852990e+01 1.926571e+01 1.926419e+01
 1.411564e-05 1.557464e-03 3.801727e+01 1.900941e+01 1.900786e+01
 1.451031e-05 1.590745e-03 3.751094e+01 1.875627e+01 1.875468e+01
 1.491601e-05 1.624726e-03 3.701085e+01 1.850624e+01 1.850461e+01
 1.533306e-05 1.659420e-03 3.651692e+01 1.825929e+01 1.825763e+01
 1.576176e-05 1.694843e-03 3.602908e+01 1.801539e+01 1.801369e+01
 1.620246e-05 1.731010e-03 3.554726e+01 1.777450e+01 1.777276e+01
 1.665547e-05 1.767935e-03 3.507140e+01 1.753658e+01 1.753481e+01
 1.712115e-05 1.805636e-03 3.460142e+01 1.730161e+01 1.729981e+01
 1.759985e-05 1.844126e-03 3.413726e+01 1.706955e+01 1.706771e+01
 1.809194e-05 1.883423e-03 3.367885e+01 1.684037e+01 1.683848e+01
 1.859778e-05 1.923543e-03 3.322613e+01 1.661403e+01 1.661210e+01
 1.911777e-05 1.964504e-03 3.277903e+01 1.639050e+01 1.638853e+01
 1.965229e-05 2.006321e-03 3.233748e+01 1.616974e+01 1.616774e+01
 2.020176e-05 2.049014e-03 3.190143e+01 1.595174e+01 1.594969e+01
 2.076659e-05 2.092599e-03 3.147081e+01 1.573645e+01 1.573436e+01
 2.134722e-05 2.137095e-03 3.104555e+01 1.552384e+01 1.552171e+01
 2.194408e-05 2.182521e-03 3.062560e+01 1.531389e+01 1.531171e+01
 2.255763e-05 2.228896e-03 3.021089e+01 1.510656e+01 1.510433e+01
 2.318833e-05 2.276239e-03 2.980137e+01 1.490182e+01 1.489955e+01
 2.383667e-05 2.324569e-03 2.939697e+01 1.469965e+01 1.469732e+01
 2.450313e-05 2.373908e-03 2.899764e+01 1.450000e+01 1.449763e+01
 2.518823e-05 2.424275e-03 2.860331e+01 1.430287e+01 1.430044e+01
 2.589248e-05 2.475692e-03 2.821392e+01 1.410820e+01 1.410572e+01
 2.661642e-05 2.528179e-03 2.782943e+01 1.391598e+01 1.391345e+01
 2.736061e-05 2.581760e-03 2.744978e+01 1.372618e+01 1.372360e+01
 2.812560e-05 2.636455e-03 2.707490e+01 1.353877e+01 1.353613e+01
 2.891198e-05 2.692288e-03 2.670474e+01 1.335372e+01 1.335102e+01
 2.972035e-05 2.749282e-03 2.633925e+01 1.317100e+01 1.316825e+01
 3.055132e-05 2.807460e-03 2.597838e+01 1.299059e+01 1.298778e+01
 3.140552e-05 2.866847e-03 2.562206e+01 1.281246e+01 1.280960e+01
 3.228361e-05 2.927467e-03 2.527025e+01 1.263659e+01 1.263366e+01
 3.318624e-05 2.989345e-03 2.492289e+01 1.246294e+01 1.245995e+01
 3.411412e-05 3.052506e-03 2.457994e+01 1.229150e+01 1.228844e+01
 3.506793e-05 3.116977e-03 2.424134e+01 1.212223e+01 1.211911e+01
 3.604842e-05 3.182784e-03 2.390703e+01 1.195511e+01 1.195192e+01
 3.705632e-05 3.249954e-03 2.357698e+01 1.179011e+01 1.178686e+01
 3.809240e-05 3.318514e-03 2.325112e+01 1.162722e+01 1.162390e+01
 3.915745e-05 3.388494e-03 2.292942e+01 1.146640e+01 1.146301e+01
 4.025227e-05 3.459921e-03 2.261181e+01 1.130764e+01 1.130418e+01
 4.137771e-05 3.532824e-03 2.229826e+01 1.115090e+01 1.114736e+01
 4.253462e-05 3.607234e-03 2.198872e+01 1.099616e+01 1.099255e+01
 4.372387e-05 3.683181e-03 2.168313e+01 1.084341e+01 1.083972e+01
 4.494637e-05 3.760696e-03 2.138145e+01 1.069261e+01 1.068885e+01
 4.620305e-05 3.839810e-03 2.108364e+01 1.054374e+01 1.053990e+01
 4.749487e-05 3.920556e-03 2.078966e+01 1.039679e+01 1.039287e+01
 4.882281e-05 4.002966e-03 2.049944e+01 1.025172e+01 1.024772e+01
 5.018787e-05 4.087074e-03 2.021296e+01 1.010852e+01 1.010444e+01
 5.159111e-05 4.172914e-03 1.993016e+01 9.967167e+00 9.962994e+00
 5.303357e-05 4.260521e-03 1.965101e+01 9.827633e+00 9.823372e+00
 5.451637e-05 4.349930e-03 1.937545e+01 9.689900e+00 9.685550e+00
 5.604063e-05 4.441178e-03 1.910345e+01 9.553946e+00 9.549505e+00
 5.760750e-05 4.534301e-03 1.883497e+01 9.419751e+00 9.415216e+00
 5.921818e-05 4.629336e-03 1.856996e+01 9.287293e+00 9.282663e+00
 6.087390e-05 4.726323e-03 1.830838e+01 9.156551e+00 9.151825e+00
 6.257591e-05 4.825300e-03 1.805019e+01 9.027506e+00 9.022681e+00
 6.432551e-05 4.926307e-03 1.779535e+01 8.900137e+00 8.895210e+00
 6.612403e-05 5.029384e-03 1.754382e+01 8.774424e+00 8.769394e+00
 6.797283e-05 5.134573e-03 1.729556e+01 8.650347e+00 8.645213e+00
 6.987332e-05 5.241916e-03 1.705053e+01 8.527887e+00 8.522646e+00
 7.182695e-05 5.351456e-03 1.680870e+01 8.407025e+00 8.401674e+00
 7.383520e-05 5.463237e-03 1.657002e+01 8.287742e+00 8.282278e+00
 7.589961e-05 5.577303e-03 1.633446e+01 8.170018e+00 8.164440e+00
 7.802173e-05 5.693700e-03 1.610198e+01 8.053834e+00 8.048141e+00
 8.020319e-05 5.812474e-03 1.587253e+01 7.939174e+00 7.933361e+00
 8.244563e-05 5.933672e-03 1.564610e+01 7.826017e+00 7.820084e+00
 8.475078e-05 6.057343e-03 1.542264e+01 7.714347e+00 7.708290e+00
 8.712038e-05 6.183535e-03 1.520211e+01 7.604145e+00 7.597961e+00
 8.955623e-05 6.312300e-03 1.498448e+01 7.495394e+00 7.489081e+00
 9.206019e-05 6.443686e-03 1.476971e+01 7.388076e+00 7.381632e+00
 9.463415e-05 6.577747e-03 1.455777e+01 7.282173e+00 7.275596e+00
 9.728009e-05 6.714536e-03 1.434863e+01 7.177670e+00 7.170956e+00
 1.000000e-04 6.854106e-03 1.414224e+01 7.074549e+00 7.067695e+00
 1.027960e-04 6.996513e-03 1.393859e+01 6.972793e+00 6.965796e+00
 1.056701e-04 7.141812e-03 1.373763e+01 6.872386e+00 6.865244e+00
 1.086246e-04 7.290060e-03 1.353933e+01 6.773311e+00 6.766021e+00
 1.116617e-04 7.441316e-03 1.334366e+01 6.675553e+00 6.668112e+00
 1.147837e-04 7.595639e-03 1.315059e+01 6.579095e+00 6.571500e+00
 1.179930e-04 7.753090e-03 1.296009e+01 6.483922e+00 6.476169e+00
 1.212920e-04 7.913729e-03 1.277212e+01 6.390018e+00 6.382104e+00
 1.246833e-04 8.077620e-03 1.258666e+01 6.297368e+00 6.289290e+00
 1.281694e-04 8.244827e-03 1.240367e+01 6.205956e+00 6.197711e+00
 1.317530e-04 8.415414e-03 1.222312e+01 6.115768e+00 6.107352e+00
 1.354368e-04 8.589448e-03 1.204499e+01 6.026788e+00 6.018198e+00
 1.392235e-04 8.766996e-03 1.186924e+01 5.939001e+00 5.930234e+00
 1.431161e-04 8.948129e-03 1.169584e+01 5.852394e+00 5.843446e+00
 1.471176e-04 9.132914e-03 1.152477e+01 5.766952e+00 5.757819e+00
 1.512310e-04 9.321425e-03 1.135600e+01 5.682661e+00 5.673339e+00
 1.554593e-04 9.513734e-03 1.118950e+01 5.599506e+00 5.589992e+00
 1.598059e-04 9.709915e-03 1.102524e+01 5.517473e+00 5.507763e+00
 1.642740e-04 9.910044e-03 1.086319e+01 5.436550e+00 5.426640e+00
 1.688670e-04 1.011420e-02 1.070333e+01 5.356721e+00 5.346607e+00
 1.735885e-04 1.032245e-02 1.054563e+01 5.277975e+00 5.267653e+00
 1.784420e-04 1.053489e-02 1.039006e+01 5.200297e+00 5.189762e+00
 1.834311e-04 1.075160e-02 1.023660e+01 5.123675e+00 5.112924e+00
 1.885598e-04 1.097265e-02 1.008522e+01 5.048095e+00 5.037123e+00
 1.938319e-04 1.119813e-02 9.935893e+00 4.973545e+00 4.962347e+00
 1.992513e-04 1.142814e-02 9.788597e+00 4.900012e+00 4.888584e+00
 2.048223e-04 1.166274e-02 9.643305e+00 4.827484e+00 4.815821e+00
 2.105491e-04 1.190205e-02 9.499993e+00 4.755947e+00 4.744045e+00
 2.164359e-04 1.214613e-02 9.358636e+00 4.685391e+00 4.673245e+00
 2.224874e-04 1.239510e-02 9.219209e+00 4.615802e+00 4.603407e+00
 2.287080e-04 1.264904e-02 9.081689e+00 4.547169e+00 4.534520e+00
 2.351026e-04 1.290805e-02 8.946052e+00 4.479480e+00 4.466572e+00
 2.416760e-04 1.317223e-02 8.812275e+00 4.412724e+00 4.399551e+00
 2.484332e-04 1.344167e-02 8.680334e+00 4.346888e+00 4.333446e+00
 2.553793e-04 1.371648e-02 8.550206e+00 4.281961e+00 4.268245e+00
 2.625196e-04 1.399676e-02 8.421870e+00 4.217933e+00 4.203936e+00
 2.698595e-04 1.428262e-02 8.295301e+00 4.154792e+00 4.140509e+00
 2.774047e-04 1.457417e-02 8.170479e+00 4.092527e+00 4.077952e+00
 2.851608e-04 1.487151e-02 8.047381e+00 4.031126e+00 4.016255e+00
 2.931338e-04 1.517475e-02 7.925986e+00 3.970580e+00 3.955406e+00
 3.013297e-04 1.548401e-02 7.806273e+00 3.910878e+00 3.895394e+00
 3.097547e-04 1.579941e-02 7.688219e+00 3.852009e+00 3.836210e+00
 3.184154e-04 1.612105e-02 7.571806e+00 3.793963e+00 3.777842e+00
 3.273181e-04 1.644907e-02 7.457011e+00 3.736730e+00 3.720281e+00
 3.364698e-04 1.678358e-02 7.343814e+00 3.680299e+00 3.663515e+00
 3.458774e-04 1.712470e-02 7.232196e+00 3.624660e+00 3.607536e+00
 3.555480e-04 1.747257e-02 7.122136e+00 3.569804e+00 3.552332e+00
 3.654890e-04 1.782731e-02 7.013615e+00 3.515721e+00 3.497894e+00
 3.757079e-04 1.818906e-02 6.906614e+00 3.462401e+00 3.444212e+00
 3.862125e-04 1.855794e-02 6.801112e+00 3.409835e+00 3.391277e+00
 3.970109e-04 1.893409e-02 6.697092e+00 3.358013e+00 3.339079e+00
 4.081111e-04 1.931765e-02 6.594534e+00 3.306926e+00 3.287608e+00
 4.195218e-04 1.970876e-02 6.493420e+00 3.256564e+00 3.236856e+00
 4.312514e-04 2.010757e-02 6.393732e+00 3.206920e+00 3.186812e+00
 4.433090e-04 2.051421e-02 6.295451e+00 3.157983e+00 3.137468e+00
 4.557038e-04 2.092885e-02 6.198559e+00 3.109744e+00 3.088815e+00
 4.684451e-04 2.135163e-02 6.103040e+00 3.062196e+00 3.040844e+00
 4.815426e-04 2.178270e-02 6.008875e+00 3.015329e+00 2.993546e+00
 4.950064e-04 2.222222e-02 5.916047e+00 2.969135e+00 2.946913e+00
 5.088465e-04 2.267035e-02 5.824540e+00 2.923605e+00 2.900935e+00
 5.230737e-04 2.312726e-02 5.734336e+00 2.878732e+00 2.855604e+00
 5.376986e-04 2.359310e-02 5.645419e+00 2.834506e+00 2.810913e+00
 5.527325e-04 2.406806e-02 5.557772e+00 2.790920e+00 2.766852e+00
 5.681866e-04 2.455229e-02 5.471379e+00 2.747965e+00 2.723413e+00
 5.840729e-04 2.504597e-02 5.386224e+00 2.705635e+00 2.680589e+00
 6.004034e-04 2.554928e-02 5.302291e+00 2.663920e+00 2.638371e+00
 6.171904e-04 2.606241e-02 5.219565e+00 2.622814e+00 2.596751e+00
 6.344468e-04 2.658553e-02 5.138030e+00 2.582308e+00 2.555722e+00
 6.521857e-04 2.711884e-02 5.057671e+00 2.542395e+00 2.515276e+00
 6.704205e-04 2.766252e-02 4.978473e+00 2.503068e+00 2.475405e+00
 6.891652e-04 2.821676e-02 4.900421e+00 2.464319e+00 2.436102e+00
 7.084340e-04 2.878178e-02 4.823500e+00 2.426141e+00 2.397359e+00
 7.282415e-04 2.935776e-02 4.747695e+00 2.388527e+00 2.359169e+00
 7.486029e-04 2.994491e-02 4.672993e+00 2.351469e+00 2.321524e+00
 7.695335e-04 3.054344e-02 4.599379e+00 2.314961e+00 2.284418e+00
 7.910494e-04 3.115356e-02 4.526839e+00 2.278996e+00 2.247843e+00
 8.131668e-04 3.177550e-02 4.455359e+00 2.243567e+00 2.211792e+00
 8.359026e-04 3.240946e-02 4.384926e+00 2.208668e+00 2.176258e+00
 8.592741e-04 3.305567e-02 4.315526e+00 2.174291e+00 2.141235e+00
 8.832991e-04 3.371436e-02 4.247146e+00 2.140430e+00 2.106716e+00
 9.079958e-04 3.438576e-02 4.179773e+00 2.107079e+00 2.072694e+00
 9.333830e-04 3.507010e-02 4.113393e+00 2.074232e+00 2.039162e+00
 9.594800e-04 3.576764e-02 4.047994e+00 2.041881e+00 2.006113e+00
 9.863067e-04 3.647860e-02 3.983564e+00 2.010021e+00 1.973543e+00
 1.013883e-03 3.720324e-02 3.920089e+00 1.978646e+00 1.941443e+00
 1.042231e-03 3.794182e-02 3.857557e+00 1.947750e+00 1.909808e+00
 1.071372e-03 3.869458e-02 3.795957e+00 1.917326e+00 1.878631e+00
 1.101327e-03 3.946179e-02 3.735276e+00 1.887369e+00 1.847907e+00
 1.132119e-03 4.024372e-02 3.675502e+00 1.857873e+00 1.817629e+00
 1.163773e-03 4.104064e-02 3.616624e+00 1.828832e+00 1.787791e+00
 1.196312e-03 4.185282e-02 3.558629e+00 1.800241e+00 1.758388e+00
 1.229760e-03 4.268055e-02 3.501507e+00 1.772094e+00 1.729413e+00
 1.264144e-03 4.352411e-02 3.445247e+00 1.744385e+00 1.700861e+00
 1.299489e-03 4.438379e-02 3.389836e+00 1.717110e+00 1.672726e+00
 1.335822e-03 4.525989e-02 3.335265e+00 1.690262e+00 1.645003e+00
 1.373171e-03 4.615271e-02 3.281522e+00 1.663837e+00 1.617685e+00
 1.411564e-03 4.706255e-02 3.228597e+00 1.637830e+00 1.590767e+00
 1.451031e-03 4.798972e-02 3.176478e+00 1.612234e+00 1.564244e+00
 1.491601e-03 4.893456e-02 3.125157e+00 1.587046e+00 1.538111e+00
 1.533306e-03 4.989736e-02 3.074621e+00 1.562259e+00 1.512362e+00
 1.576176e-03 5.087847e-02 3.024862e+00 1.537870e+00 1.486992e+00
 1.620246e-03 5.187822e-02 2.975869e+00 1.513874e+00 1.461995e+00
 1.665547e-03 5.289695e-02 2.927633e+00 1.490265e+00 1.437368e+00
 1.712115e-03 5.393501e-02 2.880142e+00 1.467039e+00 1.413104e+00
 1.759985e-03 5.499273e-02 2.833389e+00 1.444191e+00 1.389198e+00
 1.809194e-03 5.607050e-02 2.787364e+00 1.421717e+00 1.365647e+00
 1.859778e-03 5.716866e-02 2.742056e+00 1.399612e+00 1.342444e+00
 1.911777e-03 5.828759e-02 2.697457e+00 1.377873e+00 1.319585e+00
 1.965229e-03 5.942767e-02 2.653559e+00 1.356493e+00 1.297065e+00
 2.020176e-03 6.058927e-02 2.610351e+00 1.335470e+00 1.274881e+00
 2.076659e-03 6.177280e-02 2.567824e+00 1.314799e+00 1.253026e+00
 2.134722e-03 6.297864e-02 2.525972e+00 1.294475e+00 1.231496e+00
 2.194408e-03 6.420721e-02 2.484783e+00 1.274495e+00 1.210288e+00
 2.255763e-03 6.545890e-02 2.444251e+00 1.254855e+00 1.189396e+00
 2.318833e-03 6.673415e-02 2.404367e+00 1.235551e+00 1.168816e+00
 2.383667e-03 6.803337e-02 2.365122e+00 1.216578e+00 1.148544e+00
 2.450313e-03 6.935700e-02 2.326509e+00 1.197933e+00 1.128576e+00
 2.518823e-03 7.070548e-02 2.288519e+00 1.179612e+00 1.108907e+00
 2.589248e-03 7.207925e-02 2.251144e+00 1.161612e+00 1.089532e+00
 2.661642e-03 7.347877e-02 2.214377e+00 1.143928e+00 1.070449e+00
 2.736061e-03 7.490451e-02 2.178211e+00 1.126558e+00 1.051653e+00
 2.812560e-03 7.635693e-02 2.142636e+00 1.109497e+00 1.033140e+00
 2.891198e-03 7.783652e-02 2.107647e+00 1.092742e+00 1.014905e+00
 2.972035e-03 7.934376e-02 2.073236e+00 1.076290e+00 9.969460e-01
 3.055132e-03 8.087915e-02 2.039395e+00 1.060137e+00 9.792578e-01
 3.140552e-03 8.244320e-02 2.006117e+00 1.044280e+00 9.618369e-01
 3.228361e-03 8.403641e-02 1.973396e+00 1.028716e+00 9.446797e-01
 3.318624e-03 8.565930e-02 1.941224e+00 1.013442e+00 9.277823e-01
 3.411412e-03 8.731242e-02 1.909595e+00 9.984536e-01 9.111412e-01
 3.506793e-03 8.899629e-02 1.878502e+00 9.837490e-01 8.947527e-01
 3.604842e-03 9.071148e-02 1.847938e+00 9.693247e-01 8.786132e-01
 3.705632e-03 9.245852e-02 1.817897e+00 9.551778e-01 8.627193e-01
 3.809240e-03 9.423801e-02 1.788373e+00 9.413054e-01 8.470674e-01
 3.915745e-03 9.605050e-02 1.759359e+00 9.277046e-01 8.316541e-01
 4.025227e-03 9.789659e-02 1.730849e+00 9.143727e-01 8.164761e-01
 4.137771e-03 9.977687e-02 1.702837e+00 9.013069e-01 8.015300e-01
 4.253462e-03 1.016920e-01 1.675317e+00 8.885045e-01 7.868125e-01
 4.372387e-03 1.036425e-01 1.648283e+00 8.759629e-01 7.723204e-01
 4.494637e-03 1.056290e-01 1.621730e+00 8.636795e-01 7.580504e-01
 4.620305e-03 1.076522e-01 1.595651e+00 8.516517e-01 7.439995e-01
 4.749487e-03 1.097128e-01 1.570042e+00 8.398772e-01 7.301644e-01
 4.882281e-03 1.118114e-01 1.544896e+00 8.283535e-01 7.165422e-01
 5.018787e-03 1.139486e-01 1.520208e+00 8.170783e-01 7.031297e-01
 5.159111e-03 1.161251e-01 1.495973e+00 8.060491e-01 6.899240e-01
 5.303357e-03 1.183417e-01 1.472186e+00 7.952639e-01 6.769222e-01
 5.451637e-03 1.205990e-01 1.448842e+00 7.847203e-01 6.641213e-01
 5.604063e-03 1.228978e-01 1.425935e+00 7.744162e-01 6.515184e-01
 5.760750e-03 1.252387e-01 1.403460e+00 7.643495e-01 6.391108e-01
 5.921818e-03 1.276225e-01 1.381414e+00 7.545181e-01 6.268956e-01
 6.087390e-03 1.300500e-01 1.359790e+00 7.449201e-01 6.148701e-01
 6.257591e-03 1.325219e-01 1.338585e+00 7.355535e-01 6.030316e-01
 6.432551e-03 1.350389e-01 1.317794e+00 7.264163e-01 5.913774e-01
 6.612403e-03 1.376020e-01 1.297412e+00 7.175068e-01 5.799049e-01
 6.797283e-03 1.402117e-01 1.277435e+00 7.088231e-01 5.686114e-01
 6.987332e-03 1.428691e-01 1.257858e+00 7.003635e-01 5.574944e-01
 7.182695e-03 1.455748e-01 1.238678e+00 6.921263e-01 5.465515e-01
 7.383520e-03 1.483297e-01 1.219890e+00 6.841097e-01 5.357800e-01
 7.589961e-03 1.511347e-01 1.201490e+00 6.763122e-01 5.251776e-01
 7.802173e-03 1.539905e-01 1.183474e+00 6.687323e-01 5.147418e-01
 8.020319e-03 1.568982e-01 1.165839e+00 6.613684e-01 5.044702e-01
 8.244563e-03 1.598584e-01 1.148579e+00 6.542189e-01 4.943606e-01
 8.475078e-03 1.628721e-01 1.131693e+00 6.472826e-01 4.844105e-01
 8.712038e-03 1.659403e-01 1.115176e+00 6.405580e-01 4.746177e-01
 8.955623e-03 1.690638e-01 1.099024e+00 6.340438e-01 4.649800e-01
 9.206019e-03 1.722435e-01 1.083234e+00 6.277387e-01 4.554952e-01
 9.463415e-03 1.754803e-01 1.067802e+00 6.216414e-01 4.461611e-01
 9.728009e-03 1.787753e-01 1.052726e+00 6.157507e-01 4.369755e-01
 1.000000e-02 1.821293e-01 1.038002e+00 6.100655e-01 4.279363e-01
 1.027960e-02 1.855432e-01 1.023626e+00 6.045847e-01 4.190414e-01
 1.056701e-02 1.890182e-01 1.009596e+00 5.993071e-01 4.102889e-01
 1.086246e-02 1.925550e-01 9.959083e-01 5.942317e-01 4.016766e-01
 1.116617e-02 1.961548e-01 9.825601e-01 5.893575e-01 3.932027e-01
 1.147837e-02 1.998184e-01 9.695485e-01 5.846835e-01 3.848650e-01
 1.179930e-02 2.035470e-01 9.568706e-01 5.802088e-01 3.766618e-01
 1.212920e-02 2.073414e-01 9.445236e-01 5.759325e-01 3.685911e-01
 1.246833e-02 2.112027e-01 9.325049e-01 5.718538e-01 3.606511e-01
 1.281694e-02 2.151319e-01 9.208116e-01 5.679717e-01 3.528399e-01
 1.317530e-02 2.191299e-01 9.094413e-01 5.642856e-01 3.451557e-01
 1.354368e-02 2.231979e-01 8.983913e-01 5.607946e-01 3.375967e-01
 1.392235e-02 2.273368e-01 8.876592e-01 5.574980e-01 3.301612e-01
 1.431161e-02 2.315476e-01 8.772426e-01 5.543951e-01 3.228475e-01
 1.471176e-02 2.358312e-01 8.671390e-01 5.514851e-01 3.156539e-01
 1.512310e-02 2.401888e-01 8.573462e-01 5.487675e-01 3.085787e-01
 1.554593e-02 2.446213e-01 8.478618e-01 5.462415e-01 3.016202e-01
 1.598059e-02 2.491297e-01 8.386836e-01 5.439066e-01 2.947770e-01
 1.642740e-02 2.537148e-01 8.298094e-01 5.417621e-01 2.880473e-01
 1.688670e-02 2.583778e-01 8.212370e-01 5.398074e-01 2.814296e-01
 1.735885e-02 2.631195e-01 8.129643e-01 5.380419e-01 2.749224e-01
 1.784420e-02 2.679409e-01 8.049892e-01 5.364651e-01 2.685242e-01
 1.834311e-02 2.728428e-01 7.973097e-01 5.350762e-01 2.622335e-01
 1.885598e-02 2.778261e-01 7.899237e-01 5.338749e-01 2.560488e-01
 1.938319e-02 2.828916e-01 7.828291e-01 5.328604e-01 2.499687e-01
 1.992513e-02 2.880402e-01 7.760240e-01 5.320321e-01 2.439919e-01
 2.048223e-02 2.932726e-01 7.695064e-01 5.313895e-01 2.381169e-01
 2.105491e-02 2.985896e-01 7.632742e-01 5.309319e-01 2.323423e-01
 2.164359e-02 3.039918e-01 7.573255e-01 5.306586e-01 2.266669e-01
 2.224874e-02 3.094798e-01 7.516582e-01 5.305690e-01 2.210892e-01
 2.287080e-02 3.150542e-01 7.462704e-01 5.306623e-01 2.156081e-01
 2.351026e-02 3.207155e-01 7.411600e-01 5.309378e-01 2.102223e-01
 2.416760e-02 3.264642e-01 7.363250e-01 5.313946e-01 2.049304e-01
 2.484332e-02 3.323005e-01 7.317633e-01 5.320319e-01 1.997314e-01
 2.553793e-02 3.382248e-01 7.274727e-01 5.328488e-01 1.946239e-01
 2.625196e-02 3.442373e-01 7.234510e-01 5.338441e-01 1.896069e-01
 2.698595e-02 3.503379e-01 7.196960e-01 5.350170e-01 1.846790e-01
 2.774047e-02 3.565268e-01 7.162054e-01 5.363661e-01 1.798393e-01
 2.851608e-02 3.628036e-01 7.129768e-01 5.378902e-01 1.750866e-01
 2.931338e-02 3.691682e-01 7.100077e-01 5.395880e-01 1.704198e-01
 3.013297e-02 3.756200e-01 7.072956e-01 5.414578e-01 1.658378e-01
 3.097547e-02 3.821586e-01 7.048376e-01 5.434981e-01 1.613395e-01
 3.184154e-02 3.887831e-01 7.026310e-01 5.457071e-01 1.569239e-01
 3.273181e-02 3.954927e-01 7.006729e-01 5.480828e-01 1.525901e-01
 3.364698e-02 4.022862e-01 6.989600e-01 5.506231e-01 1.483369e-01
 3.458774e-02 4.091624e-01 6.974891e-01 5.533257e-01 1.441634e-01
 3.555480e-02 4.161195e-01 6.962568e-01 5.561882e-01 1.400686e-01
 3.654890e-02 4.231560e-01 6.952593e-01 5.592077e-01 1.360517e-01
 3.757079e-02 4.302698e-01 6.944928e-01 5.623813e-01 1.321115e-01
 3.862125e-02 4.374584e-01 6.939531e-01 5.657058e-01 1.282473e-01
 3.970109e-02 4.447195e-01 6.936358e-01 5.691776e-01 1.244582e-01
 4.081111e-02 4.520500e-01 6.935363e-01 5.727931e-01 1.207432e-01
 4.195218e-02 4.594467e-01 6.936496e-01 5.765481e-01 1.171014e-01
 4.312514e-02 4.669061e-01 6.939703e-01 5.804382e-01 1.135321e-01
 4.433090e-02 4.744243e-01 6.944930e-01 5.844586e-01 1.100344e-01
 4.557038e-02 4.819968e-01 6.952116e-01 5.886042e-01 1.066074e-01
 4.684451e-02 4.896189e-01 6.961197e-01 5.928693e-01 1.032504e-01
 4.815426e-02 4.972855e-01 6.972106e-01 5.972481e-01 9.996257e-02
 4.950064e-02 5.049909e-01 6.984771e-01 6.017340e-01 9.674310e-02
 5.088465e-02 5.127290e-01 6.999115e-01 6.063203e-01 9.359123e-02
 5.230737e-02 5.204932e-01 7.015056e-01 6.109994e-01 9.050622e-02
 5.376986e-02 5.282763e-01 7.032509e-01 6.157636e-01 8.748732e-02
 5.527325e-02 5.360706e-01 7.051382e-01 6.206044e-01 8.453379e-02
 5.681866e-02 5.438679e-01 7.071578e-01 6.255129e-01 8.164491e-02
 5.840729e-02 5.516594e-01 7.092994e-01 6.304794e-01 7.881998e-02
 6.004034e-02 5.594356e-01 7.115522e-01 6.354939e-01 7.605829e-02
 6.171904e-02 5.671865e-01 7.139048e-01 6.405457e-01 7.335915e-02
 6.344468e-02 5.749015e-01 7.163453e-01 6.456234e-01 7.072189e-02
 6.521857e-02 5.825694e-01 7.188610e-01 6.507152e-01 6.814582e-02
 6.704205e-02 5.901783e-01 7.214389e-01 6.558086e-01 6.563030e-02
 6.891652e-02 5.977160e-01 7.240653e-01 6.608906e-01 6.317466e-02
 7.084340e-02 6.051693e-01 7.267258e-01 6.659475e-01 6.077826e-02
 7.282415e-02 6.125246e-01 7.294055e-01 6.709650e-01 5.844045e-02
 7.486029e-02 6.197677e-01 7.320889e-01 6.759283e-01 5.616060e-02
 7.695335e-02 6.268836e-01 7.347597e-01 6.808217e-01 5.393809e-02
 7.910494e-02 6.338568e-01 7.374013e-01 6.856290e-01 5.177228e-02
 8.131668e-02 6.406710e-01 7.399962e-01 6.903336e-01 4.966257e-02
 8.359026e-02 6.473096e-01 7.425263e-01 6.949179e-01 4.760833e-02
 8.592741e-02 6.537550e-01 7.449729e-01 6.993639e-01 4.560896e-02
 8.832991e-02 6.599891e-01 7.473168e-01 7.036530e-01 4.366385e-02
 9.079958e-02 6.659933e-01 7.495381e-01 7.077657e-01 4.177238e-02
 9.333830e-02 6.717483e-01 7.516162e-01 7.116822e-01 3.993397e-02
 9.594800e-02 6.772342e-01 7.535302e-01 7.153822e-01 3.814799e-02
 9.863067e-02 6.824308e-01 7.552585e-01 7.188446e-01 3.641386e-02
 1.013883e-01 6.873170e-01 7.567789e-01 7.220480e-01 3.473096e-02
 1.042231e-01 6.918716e-01 7.580690e-01 7.249703e-01 3.309869e-02
 1.071372e-01 6.960728e-01 7.591057e-01 7.275893e-01 3.151645e-02
 1.101327e-01 6.998986e-01 7.598658e-01 7.298822e-01 2.998361e-02
 1.132119e-01 7.033264e-01 7.603256e-01 7.318260e-01 2.849958e-02
 1.163773e-01 7.063337e-01 7.604612e-01 7.333975e-01 2.706373e-02
 1.196312e-01 7.088978e-01 7.602486e-01 7.345732e-01 2.567543e-02
 1.229760e-01 7.109958e-01 7.596639e-01 7.353298e-01 2.433407e-02
 1.264144e-01 7.126049e-01 7.586829e-01 7.356439e-01 2.303900e-02
 1.299489e-01 7.137027e-01 7.572819e-01 7.354923e-01 2.178958e-02
 1.335822e-01 7.142668e-01 7.554372e-01 7.348520e-01 2.058517e-02
 1.373171e-01 7.142753e-01 7.531255e-01 7.337004e-01 1.942510e-02
 1.411564e-01 7.137066e-01 7.503241e-01 7.320153e-01 1.830872e-02
 1.451031e-01 7.125401e-01 7.470107e-01 7.297754e-01 1.723533e-02
 1.491601e-01 7.107555e-01 7.431640e-01 7.269598e-01 1.620425e-02
 1.533306e-01 7.083339e-01 7.387635e-01 7.235487e-01 1.521479e-02
 1.576176e-01 7.052572e-01 7.337897e-01 7.195234e-01 1.426623e-02
 1.620246e-01 7.015085e-01 7.282242e-01 7.148663e-01 1.335785e-02
 1.665547e-01 6.970723e-01 7.220501e-01 7.095612e-01 1.248890e-02
 1.712115e-01 6.919344e-01 7.152517e-01 7.035931e-01 1.165865e-02
 1.759985e-01 6.860825e-01 7.078152e-01 6.969489e-01 1.086632e-02
 1.809194e-01 6.795059e-01 6.997282e-01 6.896170e-01 1.011113e-02
 1.859778e-01 6.721958e-01 6.909804e-01 6.815881e-01 9.392299e-03
 1.911777e-01 6.641456e-01 6.815636e-01 6.728546e-01 8.709011e-03
 1.965229e-01 6.553512e-01 6.714720e-01 6.634116e-01 8.060444e-03
 2.020176e-01 6.458109e-01 6.607024e-01 6.532567e-01 7.445757e-03
 2.076659e-01 6.355260e-01 6.492542e-01 6.423901e-01 6.864099e-03
 2.134722e-01 6.245006e-01 6.371298e-01 6.308152e-01 6.314599e-03
 2.194408e-01 6.127417e-01 6.243345e-01 6.185381e-01 5.796373e-03
 2.255763e-01 6.002598e-01 6.108768e-01 6.055683e-01 5.308524e-03
 2.318833e-01 5.870683e-01 5.967686e-01 5.919185e-01 4.850138e-03
 2.383667e-01 5.731845e-01 5.820251e-01 5.776048e-01 4.420289e-03
 2.450313e-01 5.586290e-01 5.666651e-01 5.626470e-01 4.018038e-03
 2.518823e-01 5.434263e-01 5.507112e-01 5.470687e-01 3.642434e-03
 2.589248e-01 5.276048e-01 5.341899e-01 5.308973e-01 3.292514e-03
 2.661642e-01 5.111970e-01 5.171317e-01 5.141644e-01 2.967308e-03
 2.736061e-01 4.942394e-01 4.995711e-01 4.969052e-01 2.665833e-03
 2.812560e-01 4.767723e-01 4.815465e-01 4.791594e-01 2.387102e-03
 2.891198e-01 4.588399e-01 4.631002e-01 4.609701e-01 2.130121e-03
 2.972035e-01 4.404907e-01 4.442785e-01 4.423846e-01 1.893893e-03
 3.055132e-01 4.217768e-01 4.251316e-01 4.234542e-01 1.677418e-03
 3.140552e-01 4.027542e-01 4.057136e-01 4.042339e-01 1.479697e-03
 3.228361e-01 3.834827e-01 3.860822e-01 3.847825e-01 1.299732e-03
 3.318624e-01 3.640255e-01 3.662986e-01 3.651620e-01 1.136532e-03
 3.411412e-01 3.444488e-01 3.464270e-01 3.454379e-01 9.891086e-04
 3.506793e-01 3.248215e-01 3.265345e-01 3.256780e-01 8.564873e-04
 3.604842e-01 3.052154e-01 3.066908e-01 3.059531e-01 7.377035e-04
 3.705632e-01 2.857040e-01 2.869676e-01 2.863358e-01 6.318079e-04
 3.809240e-01 2.663627e-01 2.674385e-01 2.669006e-01 5.378691e-04
 3.915745e-01 2.472677e-01 2.481776e-01 2.477226e-01 4.549760e-04
 4.025227e-01 2.284954e-01 2.292598e-01 2.288776e-01 3.822409e-04
 4.137771e-01 2.101221e-01 2.107597e-01 2.104409e-01 3.188024e-04
 4.253462e-01 1.922230e-01 1.927507e-01 1.924869e-01 2.638280e-04
 4.372387e-01 1.748716e-01 1.753047e-01 1.750882e-01 2.165166e-04
 4.494637e-01 1.581385e-01 1.584907e-01 1.583146e-01 1.761017e-04
 4.620305e-01 1.420905e-01 1.423742e-01 1.422323e-01 1.418532e-04
 4.749487e-01 1.267900e-01 1.270162e-01 1.269031e-01 1.130799e-04
 4.882281e-01 1.122940e-01 1.124723e-01 1.123832e-01 8.913120e-05
 5.018787e-01 9.865281e-02 9.879161e-02 9.872221e-02 6.939930e-05
 5.159111e-01 8.590921e-02 8.601585e-02 8.596253e-02 5.332001e-05
 5.303357e-01 7.409768e-02 7.417843e-02 7.413805e-02 4.037396e-05
 5.451637e-01 6.324340e-02 6.330357e-02 6.327349e-02 3.008710e-05
 5.604063e-01 5.336150e-02 5.340556e-02 5.338353e-02 2.203080e-05
 5.760750e-01 4.445638e-02 4.448803e-02 4.447221e-02 1.582149e-05
 5.921818e-01 3.652131e-02 3.654355e-02 3.653243e-02 1.111984e-05
 6.087390e-01 2.953810e-02 2.955336e-02 2.954573e-02 7.629407e-06
 6.257591e-01 2.347707e-02 2.348726e-02 2.348217e-02 5.094863e-06
 6.432551e-01 1.829728e-02 1.830388e-02 1.830058e-02 3.299772e-06
 6.612403e-01 1.394719e-02 1.395132e-02 1.394926e-02 2.063896e-06
 6.797283e-01 1.036552e-02 1.036800e-02 1.036676e-02 1.240156e-06
 6.987332e-01 7.482477e-03 7.483899e-03 7.483188e-03 7.112754e-07
 7.182695e-01 5.221714e-03 5.222486e-03 5.222100e-03 3.862104e-07
 7.383520e-01 3.502119e-03 3.502512e-03 3.502315e-03 1.964541e-07
 7.589961e-01 2.240357e-03 2.240542e-03 2.240450e-03 9.232129e-08
 7.802173e-01 1.353635e-03 1.353714e-03 1.353675e-03 3.932852e-08
 8.020319e-01 7.622467e-04 7.622763e-04 7.622615e-04 1.478363e-08
 8.244563e-01 3.927609e-04 3.927703e-04 3.927656e-04 4.710007e-09
 8.475078e-01 1.802907e-04 1.802931e-04 1.802919e-04 1.191822e-09
 8.712038e-01 7.075355e-05 7.075398e-05 7.075376e-05 2.130538e-10
 8.955623e-01 2.217160e-05 2.217164e-05 2.217162e-05 2.113973e-11
 9.206019e-01 4.852655e-06 4.852656e-06 4.852656e-06 6.650349e-13
 9.463415e-01 5.492602e-07 5.492602e-07 5.492602e-07 -8.470329e-22
 9.728009e-01 1.636101e-08 1.636101e-08 1.636101e-08 0.000000e+00