
 1.000000e-06 6.187242e-07 0.000000e+00 3.093621e-07  -3.093621e-07
 1.027960e-06 6.323308e-07 0.000000e+00 3.161654e-07  -3.161654e-07
 1.056701e-06 6.462332e-07 0.000000e+00 3.231166e-07  -3.231166e-07
 1.086246e-06 6.604378e-07 0.000000e+00 3.302189e-07  -3.302189e-07
 1.116617e-06 6.749510e-07 0.000000e+00 3.374755e-07  -3.374755e-07
 1.147837e-06 6.897796e-07 0.000000e+00 3.448898e-07  -3.448898e-07
 1.179930e-06 7.049301e-07 0.000000e+00 3.524650e-07  -3.524650e-07
 1.212920e-06 7.204096e-07 0.000000e+00 3.602048e-07  -3.602048e-07
 1.246833e-06 7.362250e-07 0.000000e+00 3.681125e-07  -3.681125e-07
 1.281694e-06 7.523836e-07 0.000000e+00 3.761918e-07  -3.761918e-07
 1.317530e-06 7.688927e-07 0.000000e+00 3.844463e-07  -3.844463e-07
 1.354368e-06 7.857598e-07 0.000000e+00 3.928799e-07  -3.928799e-07
 1.392235e-06 8.029926e-07 0.000000e+00 4.014963e-07  -4.014963e-07
 1.431161e-06 8.205988e-07 0.000000e+00 4.102994e-07  -4.102994e-07
 1.471176e-06 8.385866e-07 0.000000e+00 4.192933e-07  -4.192933e-07
 1.512310e-06 8.569639e-07 0.000000e+00 4.284819e-07  -4.284819e-07
 1.554593e-06 8.757391e-07 0.000000e+00 4.378696e-07  -4.378696e-07
 1.598059e-06 8.949208e-07 0.000000e+00 4.474604e-07  -4.474604e-07
 1.642740e-06 9.145176e-07 0.000000e+00 4.572588e-07  -4.572588e-07
 1.688670e-06 9.345384e-07 0.000000e+00 4.672692e-07  -4.672692e-07
 1.735885e-06 9.549922e-07 0.000000e+00 4.774961e-07  -4.774961e-07
 1.784420e-06 9.758882e-07 0.000000e+00 4.879441e-07  -4.879441e-07
 1.834311e-06 9.972358e-07 0.000000e+00 4.986179e-07  -4.986179e-07
 1.885598e-06 1.019045e-06 0.000000e+00 5.095224e-07  -5.095224e-07
 1.938319e-06 1.041325e-06 0.000000e+00 5.206624e-07  -5.206624e-07
 1.992513e-06 1.064086e-06 0.000000e+00 5.320430e-07  -5.320430e-07
 2.048223e-06 1.087339e-06 0.000000e+00 5.436693e-07  -5.436693e-07
 2.105491e-06 1.111093e-06 0.000000e+00 5.555465e-07  -5.555465e-07
 2.164359e-06 1.135360e-06 0.000000e+00 5.676799e-07  -5.676799e-07
 2.224874e-06 1.160150e-06 0.000000e+00 5.800751e-07  -5.800751e-07
 2.287080e-06 1.185475e-06 0.000000e+00 5.927375e-07  -5.927375e-07
 2.351026e-06 1.211346e-06 0.000000e+00 6.056728e-07  -6.056728e-07
 2.416760e-06 1.237774e-06 0.000000e+00 6.188869e-07  -6.188869e-07
 2.484332e-06 1.264771e-06 0.000000e+00 6.323857e-07  -6.323857e-07
 2.553793e-06 1.292350e-06 0.000000e+00 6.461751e-07  -6.461751e-07
 2.625196e-06 1.320523e-06 0.000000e+00 6.602613e-07  -6.602613e-07
 2.698595e-06 1.349302e-06 0.000000e+00 6.746508e-07  -6.746508e-07
 2.774047e-06 1.378700e-06 0.000000e+00 6.893498e-07  -6.893498e-07
 2.851608e-06 1.408730e-06 0.000000e+00 7.043649e-07  -7.043649e-07
 2.931338e-06 1.439406e-06 0.000000e+00 7.197029e-07  -7.197029e-07
 3.013297e-06 1.470741e-06 0.000000e+00 7.353705e-07  -7.353705e-07
 3.097547e-06 1.502750e-06 0.000000e+00 7.513748e-07  -7.513748e-07
 3.184154e-06 1.535446e-06 0.000000e+00 7.677228e-07  -7.677228e-07
 3.273181e-06 1.568844e-06 0.000000e+00 7.844219e-07  -7.844219e-07
 3.364698e-06 1.602959e-06 0.000000e+00 8.014794e-07  -8.014794e-07
 3.458774e-06 1.637806e-06 0.000000e+00 8.189029e-07  -8.189029e-07
 3.555480e-06 1.673400e-06 0.000000e+00 8.367002e-07  -8.367002e-07
 3.654890e-06 1.709758e-06 0.000000e+00 8.548792e-07  -8.548792e-07
 3.757079e-06 1.746896e-06 0.000000e+00 8.734478e-07  -8.734478e-07
 3.862125e-06 1.784829e-06 0.000000e+00 8.924144e-07  -8.924144e-07
 3.970109e-06 1.823575e-06 0.000000e+00 9.117873e-07  -9.117873e-07
 4.081111e-06 1.863150e-06 0.000000e+00 9.315751e-07  -9.315751e-07
 4.195218e-06 1.903573e-06 0.000000e+00 9.517865e-07  -9.517865e-07
 4.312514e-06 1.944861e-06 0.000000e+00 9.724304e-07  -9.724304e-07
 4.433090e-06 1.987032e-06 0.000000e+00 9.935160e-07  -9.935160e-07
 4.557038e-06 2.030105e-06 0.000000e+00 1.015053e-06  -1.015053e-06
 4.684451e-06 2.074099e-06 0.000000e+00 1.037050e-06  -1.037050e-06
 4.815426e-06 2.119033e-06 0.000000e+00 1.059517e-06  -1.059517e-06
 4.950064e-06 2.164928e-06 0.000000e+00 1.082464e-06  -1.082464e-06
 5.088465e-06 2.211802e-06 0.000000e+00 1.105901e-06  -1.105901e-06
 5.230737e-06 2.259677e-06 0.000000e+00 1.129839e-06  -1.129839e-06
 5.376986e-06 2.308574e-06 0.000000e+00 1.154287e-06  -1.154287e-06
 5.527325e-06 2.358514e-06 0.000000e+00 1.179257e-06  -1.179257e-06
 5.681866e-06 2.409519e-06 0.000000e+00 1.204760e-06  -1.204760e-06
 5.840729e-06 2.461612e-06 0.000000e+00 1.230806e-06  -1.230806e-06
 6.004034e-06 2.514815e-06 0.000000e+00 1.257407e-06  -1.257407e-06
 6.171904e-06 2.569151e-06 0.000000e+00 1.284575e-06  -1.284575e-06
 6.344468e-06 2.624644e-06 0.000000e+00 1.312322e-06  -1.312322e-06
 6.521857e-06 2.681319e-06 0.000000e+00 1.340660e-06  -1.340660e-06
 6.704205e-06 2.739200e-06 0.000000e+00 1.369600e-06  -1.369600e-06
 6.891652e-06 2.798312e-06 0.000000e+00 1.399156e-06  -1.399156e-06
 7.084340e-06 2.858682e-06 0.000000e+00 1.429341e-06  -1.429341e-06
 7.282415e-06 2.920335e-06 0.000000e+00 1.460167e-06  -1.460167e-06
 7.486029e-06 2.983298e-06 0.000000e+00 1.491649e-06  -1.491649e-06
 7.695335e-06 3.047598e-06 0.000000e+00 1.523799e-06  -1.523799e-06
 7.910494e-06 3.113264e-06 0.000000e+00 1.556632e-06  -1.556632e-06
 8.131668e-06 3.180324e-06 0.000000e+00 1.590162e-06  -1.590162e-06
 8.359026e-06 3.248807e-06 0.000000e+00 1.624403e-06  -1.624403e-06
 8.592741e-06 3.318742e-06 0.000000e+00 1.659371e-06  -1.659371e-06
 8.832991e-06 3.390161e-06 0.000000e+00 1.695080e-06  -1.695080e-06
 9.079958e-06 3.463093e-06 0.000000e+00 1.731546e-06  -1.731546e-06
 9.333830e-06 3.537570e-06 0.000000e+00 1.768785e-06  -1.768785e-06
 9.594800e-06 3.613625e-06 0.000000e+00 1.806812e-06  -1.806812e-06
 9.863067e-06 3.691290e-06 0.000000e+00 1.845645e-06  -1.845645e-06
 1.013883e-05 3.770598e-06 0.000000e+00 1.885299e-06  -1.885299e-06
 1.042231e-05 3.851585e-06 0.000000e+00 1.925792e-06  -1.925792e-06
 1.071372e-05 3.934284e-06 0.000000e+00 1.967142e-06  -1.967142e-06
 1.101327e-05 4.018731e-06 0.000000e+00 2.009366e-06  -2.009366e-06
 1.132119e-05 4.104963e-06 0.000000e+00 2.052481e-06  -2.052481e-06
 1.163773e-05 4.193016e-06 0.000000e+00 2.096508e-06  -2.096508e-06
 1.196312e-05 4.282928e-06 0.000000e+00 2.141464e-06  -2.141464e-06
 1.229760e-05 4.374738e-06 0.000000e+00 2.187369e-06  -2.187369e-06
 1.264144e-05 4.468485e-06 0.000000e+00 2.234242e-06  -2.234242e-06
 1.299489e-05 4.564208e-06 0.000000e+00 2.282104e-06  -2.282104e-06
 1.335822e-05 4.661950e-06 0.000000e+00 2.330975e-06  -2.330975e-06
 1.373171e-05 4.761752e-06 0.000000e+00 2.380876e-06  -2.380876e-06
 1.411564e-05 4.863655e-06 0.000000e+00 2.431828e-06  -2.431828e-06
 1.451031e-05 4.967705e-06 0.000000e+00 2.483852e-06  -2.483852e-06
 1.491601e-05 5.073944e-06 0.000000e+00 2.536972e-06  -2.536972e-06
 1.533306e-05 5.182418e-06 0.000000e+00 2.591209e-06  -2.591209e-06
 1.576176e-05 5.293174e-06 0.000000e+00 2.646587e-06  -2.646587e-06
 1.620246e-05 5.406258e-06 0.000000e+00 2.703129e-06  -2.703129e-06
 1.665547e-05 5.521718e-06 0.000000e+00 2.760859e-06  -2.760859e-06
 1.712115e-05 5.639603e-06 0.000000e+00 2.819801e-06  -2.819801e-06
 1.759985e-05 5.759963e-06 0.000000e+00 2.879981e-06  -2.879981e-06
 1.809194e-05 5.882849e-06 0.000000e+00 2.941424e-06  -2.941424e-06
 1.859778e-05 6.008313e-06 0.000000e+00 3.004156e-06  -3.004156e-06
 1.911777e-05 6.136407e-06 0.000000e+00 3.068204e-06  -3.068204e-06
 1.965229e-05 6.267187e-06 0.000000e+00 3.133593e-06  -3.133593e-06
 2.020176e-05 6.400706e-06 0.000000e+00 3.200353e-06  -3.200353e-06
 2.076659e-05 6.537022e-06 0.000000e+00 3.268511e-06  -3.268511e-06
 2.134722e-05 6.676191e-06 0.000000e+00 3.338096e-06  -3.338096e-06
 2.194408e-05 6.818273e-06 0.000000e+00 3.409136e-06  -3.409136e-06
 2.255763e-05 6.963325e-06 0.000000e+00 3.481663e-06  -3.481663e-06
 2.318833e-05 7.111411e-06 0.000000e+00 3.555705e-06  -3.555705e-06
 2.383667e-05 7.262591e-06 0.000000e+00 3.631295e-06  -3.631295e-06
 2.450313e-05 7.416928e-06 0.000000e+00 3.708464e-06  -3.708464e-06
 2.518823e-05 7.574489e-06 0.000000e+00 3.787244e-06  -3.787244e-06
 2.589248e-05 7.735337e-06 0.000000e+00 3.867668e-06  -3.867668e-06
 2.661642e-05 7.899541e-06 0.000000e+00 3.949770e-06  -3.949770e-06
 2.736061e-05 8.067168e-06 0.000000e+00 4.033584e-06  -4.033584e-06
 2.812560e-05 8.238289e-06 0.000000e+00 4.119145e-06  -4.119145e-06
 2.891198e-05 8.412975e-06 0.000000e+00 4.206488e-06  -4.206488e-06
 2.972035e-05 8.591299e-06 0.000000e+00 4.295650e-06  -4.295650e-06
 3.055132e-05 8.773334e-06 0.000000e+00 4.386667e-06  -4.386667e-06
 3.140552e-05 8.959156e-06 0.000000e+00 4.479578e-06  -4.479578e-06
 3.228361e-05 9.148843e-06 0.000000e+00 4.574421e-06  -4.574421e-06
 3.318624e-05 9.342472e-06 0.000000e+00 4.671236e-06  -4.671236e-06
 3.411412e-05 9.540124e-06 0.000000e+00 4.770062e-06  -4.770062e-06
 3.506793e-05 9.741880e-06 0.000000e+00 4.870940e-06  -4.870940e-06
 3.604842e-05 9.947824e-06 0.000000e+00 4.973912e-06  -4.973912e-06
 3.705632e-05 1.015804e-05 0.000000e+00 5.079020e-06  -5.079020e-06
 3.809240e-05 1.037262e-05 0.000000e+00 5.186308e-06  -5.186308e-06
 3.915745e-05 1.059164e-05 0.000000e+00 5.295820e-06  -5.295820e-06
 4.025227e-05 1.081520e-05 0.000000e+00 5.407601e-06  -5.407601e-06
 4.137771e-05 1.104339e-05 0.000000e+00 5.521696e-06  -5.521696e-06
 4.253462e-05 1.127631e-05 0.000000e+00 5.638153e-06  -5.638153e-06
 4.372387e-05 1.151404e-05 0.000000e+00 5.757019e-06  -5.757019e-06
 4.494637e-05 1.175669e-05 0.000000e+00 5.878343e-06  -5.878343e-06
 4.620305e-05 1.200435e-05 0.000000e+00 6.002174e-06  -6.002174e-06
 4.749487e-05 1.225713e-05 0.000000e+00 6.128564e-06  -6.128564e-06
 4.882281e-05 1.251513e-05 0.000000e+00 6.257563e-06  -6.257563e-06
 5.018787e-05 1.277845e-05 0.000000e+00 6.389224e-06  -6.389224e-06
 5.159111e-05 1.304720e-05 0.000000e+00 6.523602e-06  -6.523602e-06
 5.303357e-05 1.332150e-05 0.000000e+00 6.660750e-06  -6.660750e-06
 5.451637e-05 1.360145e-05 0.000000e+00 6.800724e-06  -6.800724e-06
 5.604063e-05 1.388716e-05 0.000000e+00 6.943581e-06  -6.943581e-06
 5.760750e-05 1.417876e-05 0.000000e+00 7.089379e-06  -7.089379e-06
 5.921818e-05 1.447635e-05 0.000000e+00 7.238177e-06  -7.238177e-06
 6.087390e-05 1.478007e-05 0.000000e+00 7.390036e-06  -7.390036e-06
 6.257591e-05 1.509003e-05 0.000000e+00 7.545016e-06  -7.545016e-06
 6.432551e-05 1.540636e-05 0.000000e+00 7.703180e-06  -7.703180e-06
 6.612403e-05 1.572918e-05 0.000000e+00 7.864591e-06  -7.864591e-06
 6.797283e-05 1.605863e-05 0.000000e+00 8.029316e-06  -8.029316e-06
 6.987332e-05 1.639484e-05 0.000000e+00 8.197420e-06  -8.197420e-06
 7.182695e-05 1.673794e-05 0.000000e+00 8.368970e-06  -8.368970e-06
 7.383520e-05 1.708807e-05 0.000000e+00 8.544036e-06  -8.544036e-06
 7.589961e-05 1.744537e-05 0.000000e+00 8.722687e-06  -8.722687e-06
 7.802173e-05 1.780999e-05 0.000000e+00 8.904995e-06  -8.904995e-06
 8.020319e-05 1.818207e-05 0.000000e+00 9.091034e-06  -9.091034e-06
 8.244563e-05 1.856175e-05 0.000000e+00 9.280876e-06  -9.280876e-06
 8.475078e-05 1.894920e-05 0.000000e+00 9.474599e-06  -9.474599e-06
 8.712038e-05 1.934456e-05 0.000000e+00 9.672279e-06  -9.672279e-06
 8.955623e-05 1.974799e-05 0.000000e+00 9.873995e-06  -9.873995e-06
 9.206019e-05 2.015965e-05 0.000000e+00 1.007983e-05  -1.007983e-05
 9.463415e-05 2.057971e-05 0.000000e+00 1.028986e-05  -1.028986e-05
 9.728009e-05 2.100833e-05 0.000000e+00 1.050417e-05  -1.050417e-05
 1.000000e-04 2.144569e-05 0.000000e+00 1.072284e-05  -1.072284e-05
 1.027960e-04 2.189195e-05 0.000000e+00 1.094597e-05  -1.094597e-05
 1.056701e-04 2.234728e-05 0.000000e+00 1.117364e-05  -1.117364e-05
 1.086246e-04 2.281188e-05 0.000000e+00 1.140594e-05  -1.140594e-05
 1.116617e-04 2.328593e-05 0.000000e+00 1.164296e-05  -1.164296e-05
 1.147837e-04 2.376960e-05 0.000000e+00 1.188480e-05  -1.188480e-05
 1.179930e-04 2.426310e-05 0.000000e+00 1.213155e-05  -1.213155e-05
 1.212920e-04 2.476661e-05 0.000000e+00 1.238330e-05  -1.238330e-05
 1.246833e-04 2.528033e-05 0.000000e+00 1.264016e-05  -1.264016e-05
 1.281694e-04 2.580446e-05 0.000000e+00 1.290223e-05  -1.290223e-05
 1.317530e-04 2.633921e-05 0.000000e+00 1.316961e-05  -1.316961e-05
 1.354368e-04 2.688479e-05 0.000000e+00 1.344239e-05  -1.344239e-05
 1.392235e-04 2.744141e-05 0.000000e+00 1.372070e-05  -1.372070e-05
 1.431161e-04 2.800928e-05 0.000000e+00 1.400464e-05  -1.400464e-05
 1.471176e-04 2.858863e-05 0.000000e+00 1.429432e-05  -1.429432e-05
 1.512310e-04 2.917969e-05 0.000000e+00 1.458984e-05  -1.458984e-05
 1.554593e-04 2.978267e-05 0.000000e+00 1.489134e-05  -1.489134e-05
 1.598059e-04 3.039783e-05 0.000000e+00 1.519891e-05  -1.519891e-05
 1.642740e-04 3.102538e-05 0.000000e+00 1.551269e-05  -1.551269e-05
 1.688670e-04 3.166558e-05 0.000000e+00 1.583279e-05  -1.583279e-05
 1.735885e-04 3.231868e-05 0.000000e+00 1.615934e-05  -1.615934e-05
 1.784420e-04 3.298492e-05 0.000000e+00 1.649246e-05  -1.649246e-05
 1.834311e-04 3.366456e-05 0.000000e+00 1.683228e-05  -1.683228e-05
 1.885598e-04 3.435787e-05 0.000000e+00 1.717893e-05  -1.717893e-05
 1.938319e-04 3.506510e-05 0.000000e+00 1.753255e-05  -1.753255e-05
 1.992513e-04 3.578654e-05 0.000000e+00 1.789327e-05  -1.789327e-05
 2.048223e-04 3.652245e-05 0.000000e+00 1.826122e-05  -1.826122e-05
 2.105491e-04 3.727312e-05 0.000000e+00 1.863656e-05  -1.863656e-05
 2.164359e-04 3.803883e-05 0.000000e+00 1.901942e-05  -1.901942e-05
 2.224874e-04 3.881988e-05 0.000000e+00 1.940994e-05  -1.940994e-05
 2.287080e-04 3.961657e-05 0.000000e+00 1.980828e-05  -1.980828e-05
 2.351026e-04 4.042919e-05 0.000000e+00 2.021459e-05  -2.021459e-05
 2.416760e-04 4.125806e-05 0.000000e+00 2.062903e-05  -2.062903e-05
 2.484332e-04 4.210348e-05 0.000000e+00 2.105174e-05  -2.105174e-05
 2.553793e-04 4.296579e-05 0.000000e+00 2.148290e-05  -2.148290e-05
 2.625196e-04 4.384531e-05 0.000000e+00 2.192265e-05  -2.192265e-05
 2.698595e-04 4.474236e-05 0.000000e+00 2.237118e-05  -2.237118e-05
 2.774047e-04 4.565729e-05 0.000000e+00 2.282864e-05  -2.282864e-05
 2.851608e-04 4.659044e-05 0.000000e+00 2.329522e-05  -2.329522e-05
 2.931338e-04 4.754216e-05 0.000000e+00 2.377108e-05  -2.377108e-05
 3.013297e-04 4.851281e-05 0.000000e+00 2.425641e-05  -2.425641e-05
 3.097547e-04 4.950276e-05 0.000000e+00 2.475138e-05  -2.475138e-05
 3.184154e-04 5.051236e-05 0.000000e+00 2.525618e-05  -2.525618e-05
 3.273181e-04 5.154201e-05 0.000000e+00 2.577101e-05  -2.577101e-05
 3.364698e-04 5.259209e-05 0.000000e+00 2.629604e-05  -2.629604e-05
 3.458774e-04 5.366298e-05 0.000000e+00 2.683149e-05  -2.683149e-05
 3.555480e-04 5.475509e-05 0.000000e+00 2.737754e-05  -2.737754e-05
 3.654890e-04 5.586882e-05 0.000000e+00 2.793441e-05  -2.793441e-05
 3.757079e-04 5.700458e-05 0.000000e+00 2.850229e-05  -2.850229e-05
 3.862125e-04 5.816280e-05 0.000000e+00 2.908140e-05  -2.908140e-05
 3.970109e-04 5.934390e-05 0.000000e+00 2.967195e-05  -2.967195e-05
 4.081111e-04 6.054833e-05 0.000000e+00 3.027416e-05  -3.027416e-05
 4.195218e-04 6.177651e-05 0.000000e+00 3.088826e-05  -3.088826e-05
 4.312514e-04 6.302892e-05 0.000000e+00 3.151446e-05  -3.151446e-05
 4.433090e-04 6.430600e-05 0.000000e+00 3.215300e-05  -3.215300e-05
 4.557038e-04 6.560823e-05 0.000000e+00 3.280412e-05  -3.280412e-05
 4.684451e-04 6.693609e-05 0.000000e+00 3.346804e-05  -3.346804e-05
 4.815426e-04 6.829005e-05 0.000000e+00 3.414502e-05  -3.414502e-05
 4.950064e-04 6.967062e-05 0.000000e+00 3.483531e-05  -3.483531e-05
 5.088465e-04 7.107830e-05 0.000000e+00 3.553915e-05  -3.553915e-05
 5.230737e-04 7.251360e-05 0.000000e+00 3.625680e-05  -3.625680e-05
 5.376986e-04 7.397704e-05 0.000000e+00 3.698852e-05  -3.698852e-05
 5.527325e-04 7.546916e-05 0.000000e+00 3.773458e-05  -3.773458e-05
 5.681866e-04 7.699050e-05 0.000000e+00 3.849525e-05  -3.849525e-05
 5.840729e-04 7.854161e-05 0.000000e+00 3.927081e-05  -3.927081e-05
 6.004034e-04 8.012305e-05 0.000000e+00 4.006152e-05  -4.006152e-05
 6.171904e-04 8.173538e-05 0.000000e+00 4.086769e-05  -4.086769e-05
 6.344468e-04 8.337920e-05 0.000000e+00 4.168960e-05  -4.168960e-05
 6.521857e-04 8.505510e-05 0.000000e+00 4.252755e-05  -4.252755e-05
 6.704205e-04 8.676367e-05 0.000000e+00 4.338183e-05  -4.338183e-05
 6.891652e-04 8.850552e-05 0.000000e+00 4.425276e-05  -4.425276e-05
 7.084340e-04 9.028129e-05 0.000000e+00 4.514065e-05  -4.514065e-05
 7.282415e-04 9.209161e-05 0.000000e+00 4.604581e-05  -4.604581e-05
 7.486029e-04 9.393713e-05 0.000000e+00 4.696856e-05  -4.696856e-05
 7.695335e-04 9.581850e-05 0.000000e+00 4.790925e-05  -4.790925e-05
 7.910494e-04 9.773639e-05 0.000000e+00 4.886819e-05  -4.886819e-05
 8.131668e-04 9.969149e-05 0.000000e+00 4.984574e-05  -4.984574e-05
 8.359026e-04 1.016845e-04 0.000000e+00 5.084224e-05  -5.084224e-05
 8.592741e-04 1.037161e-04 0.000000e+00 5.185804e-05  -5.185804e-05
 8.832991e-04 1.057870e-04 0.000000e+00 5.289351e-05  -5.289351e-05
 9.079958e-04 1.078980e-04 0.000000e+00 5.394900e-05  -5.394900e-05
 9.333830e-04 1.100498e-04 0.000000e+00 5.502489e-05  -5.502489e-05
 9.594800e-04 1.122431e-04 0.000000e+00 5.612156e-05  -5.612156e-05
 9.863067e-04 1.144788e-04 0.000000e+00 5.723940e-05  -5.723940e-05
 1.013883e-03 1.167576e-04 0.000000e+00 5.837879e-05  -5.837879e-05
 1.042231e-03 1.190803e-04 0.000000e+00 5.954014e-05  -5.954014e-05
 1.071372e-03 1.214477e-04 0.000000e+00 6.072385e-05  -6.072385e-05
 1.101327e-03 1.238607e-04 0.000000e+00 6.193035e-05  -6.193035e-05
 1.132119e-03 1.263201e-04 0.000000e+00 6.316003e-05  -6.316003e-05
 1.163773e-03 1.288267e-04 0.000000e+00 6.441335e-05  -6.441335e-05
 1.196312e-03 1.313815e-04 0.000000e+00 6.569073e-05  -6.569073e-05
 1.229760e-03 1.339852e-04 0.000000e+00 6.699261e-05  -6.699261e-05
 1.264144e-03 1.366389e-04 0.000000e+00 6.831946e-05  -6.831946e-05
 1.299489e-03 1.393434e-04 0.000000e+00 6.967172e-05  -6.967172e-05
 1.335822e-03 1.420997e-04 0.000000e+00 7.104986e-05  -7.104986e-05
 1.373171e-03 1.449087e-04 0.000000e+00 7.245437e-05  -7.245437e-05
 1.411564e-03 1.477714e-04 0.000000e+00 7.388572e-05  -7.388572e-05
 1.451031e-03 1.506888e-04 0.000000e+00 7.534440e-05  -7.534440e-05
 1.491601e-03 1.536619e-04 0.000000e+00 7.683093e-05  -7.683093e-05
 1.533306e-03 1.566916e-04 0.000000e+00 7.834580e-05  -7.834580e-05
 1.576176e-03 1.597791e-04 0.000000e+00 7.988954e-05  -7.988954e-05
 1.620246e-03 1.629254e-04 0.000000e+00 8.146268e-05  -8.146268e-05
 1.665547e-03 1.661315e-04 0.000000e+00 8.306574e-05  -8.306574e-05
 1.712115e-03 1.693986e-04 0.000000e+00 8.469929e-05  -8.469929e-05
 1.759985e-03 1.727277e-04 0.000000e+00 8.636387e-05  -8.636387e-05
 1.809194e-03 1.761201e-04 0.000000e+00 8.806006e-05  -8.806006e-05
 1.859778e-03 1.795768e-04 0.000000e+00 8.978842e-05  -8.978842e-05
 1.911777e-03 1.830991e-04 0.000000e+00 9.154954e-05  -9.154954e-05
 1.965229e-03 1.866881e-04 0.000000e+00 9.334403e-05  -9.334403e-05
 2.020176e-03 1.903450e-04 0.000000e+00 9.517248e-05  -9.517248e-05
 2.076659e-03 1.940710e-04 0.000000e+00 9.703551e-05  -9.703551e-05
 2.134722e-03 1.978675e-04 0.000000e+00 9.893375e-05  -9.893375e-05
 2.194408e-03 2.017357e-04 0.000000e+00 1.008678e-04  -1.008678e-04
 2.255763e-03 2.056769e-04 0.000000e+00 1.028384e-04  -1.028384e-04
 2.318833e-03 2.096924e-04 0.000000e+00 1.048462e-04  -1.048462e-04
 2.383667e-03 2.137836e-04 0.000000e+00 1.068918e-04  -1.068918e-04
 2.450313e-03 2.179518e-04 0.000000e+00 1.089759e-04  -1.089759e-04
 2.518823e-03 2.221984e-04 0.000000e+00 1.110992e-04  -1.110992e-04
 2.589248e-03 2.265249e-04 0.000000e+00 1.132624e-04  -1.132624e-04
 2.661642e-03 2.309327e-04 0.000000e+00 1.154663e-04  -1.154663e-04
 2.736061e-03 2.354232e-04 0.000000e+00 1.177116e-04  -1.177116e-04
 2.812560e-03 2.399980e-04 0.000000e+00 1.199990e-04  -1.199990e-04
 2.891198e-03 2.446585e-04 0.000000e+00 1.223293e-04  -1.223293e-04
 2.972035e-03 2.494063e-04 0.000000e+00 1.247032e-04  -1.247032e-04
 3.055132e-03 2.542431e-04 0.000000e+00 1.271215e-04  -1.271215e-04
 3.140552e-03 2.591703e-04 0.000000e+00 1.295851e-04  -1.295851e-04
 3.228361e-03 2.641896e-04 0.000000e+00 1.320948e-04  -1.320948e-04
 3.318624e-03 2.693026e-04 0.000000e+00 1.346513e-04  -1.346513e-04
 3.411412e-03 2.745111e-04 0.000000e+00 1.372556e-04  -1.372556e-04
 3.506793e-03 2.798168e-04 0.000000e+00 1.399084e-04  -1.399084e-04
 3.604842e-03 2.852213e-04 0.000000e+00 1.426106e-04  -1.426106e-04
 3.705632e-03 2.907265e-04 0.000000e+00 1.453632e-04  -1.453632e-04
 3.809240e-03 2.963341e-04 0.000000e+00 1.481671e-04  -1.481671e-04
 3.915745e-03 3.020461e-04 0.000000e+00 1.510230e-04  -1.510230e-04
 4.025227e-03 3.078642e-04 0.000000e+00 1.539321e-04  -1.539321e-04
 4.137771e-03 3.137903e-04 0.000000e+00 1.568952e-04  -1.568952e-04
 4.253462e-03 3.198264e-04 0.000000e+00 1.599132e-04  -1.599132e-04
 4.372387e-03 3.259745e-04 0.000000e+00 1.629873e-04  -1.629873e-04
 4.494637e-03 3.322365e-04 0.000000e+00 1.661183e-04  -1.661183e-04
 4.620305e-03 3.386145e-04 0.000000e+00 1.693072e-04  -1.693072e-04
 4.749487e-03 3.451104e-04 0.000000e+00 1.725552e-04  -1.725552e-04
 4.882281e-03 3.517265e-04 0.000000e+00 1.758633e-04  -1.758633e-04
 5.018787e-03 3.584649e-04 0.000000e+00 1.792324e-04  -1.792324e-04
 5.159111e-03 3.653277e-04 0.000000e+00 1.826638e-04  -1.826638e-04
 5.303357e-03 3.723170e-04 0.000000e+00 1.861585e-04  -1.861585e-04
 5.451637e-03 3.794353e-04 0.000000e+00 1.897176e-04  -1.897176e-04
 5.604063e-03 3.866847e-04 0.000000e+00 1.933423e-04  -1.933423e-04
 5.760750e-03 3.940675e-04 0.000000e+00 1.970338e-04  -1.970338e-04
 5.921818e-03 4.015862e-04 0.000000e+00 2.007931e-04  -2.007931e-04
 6.087390e-03 4.092431e-04 0.000000e+00 2.046215e-04  -2.046215e-04
 6.257591e-03 4.170406e-04 0.000000e+00 2.085203e-04  -2.085203e-04
 6.432551e-03 4.249812e-04 0.000000e+00 2.124906e-04  -2.124906e-04
 6.612403e-03 4.330674e-04 0.000000e+00 2.165337e-04  -2.165337e-04
 6.797283e-03 4.413018e-04 0.000000e+00 2.206509e-04  -2.206509e-04
 6.987332e-03 4.496869e-04 0.000000e+00 2.248435e-04  -2.248435e-04
 7.182695e-03 4.582255e-04 0.000000e+00 2.291127e-04  -2.291127e-04
 7.383520e-03 4.669201e-04 0.000000e+00 2.334600e-04  -2.334600e-04
 7.589961e-03 4.757735e-04 0.000000e+00 2.378867e-04  -2.378867e-04
 7.802173e-03 4.847884e-04 0.000000e+00 2.423942e-04  -2.423942e-04
 8.020319e-03 4.939676e-04 0.000000e+00 2.469838e-04  -2.469838e-04
 8.244563e-03 5.033140e-04 0.000000e+00 2.516570e-04  -2.516570e-04
 8.475078e-03 5.128305e-04 0.000000e+00 2.564153e-04  -2.564153e-04
 8.712038e-03 5.225200e-04 0.000000e+00 2.612600e-04  -2.612600e-04
 8.955623e-03 5.323854e-04 0.000000e+00 2.661927e-04  -2.661927e-04
 9.206019e-03 5.424297e-04 0.000000e+00 2.712148e-04  -2.712148e-04
 9.463415e-03 5.526560e-04 0.000000e+00 2.763280e-04  -2.763280e-04
 9.728009e-03 5.630674e-04 0.000000e+00 2.815337e-04  -2.815337e-04
 1.000000e-02 5.736671e-04 0.000000e+00 2.868335e-04  -2.868335e-04
 1.027960e-02 5.844581e-04 0.000000e+00 2.922290e-04  -2.922290e-04
 1.056701e-02 5.954436e-04 0.000000e+00 2.977218e-04  -2.977218e-04
 1.086246e-02 6.066271e-04 0.000000e+00 3.033135e-04  -3.033135e-04
 1.116617e-02 6.180116e-04 0.000000e+00 3.090058e-04  -3.090058e-04
 1.147837e-02 6.296005e-04 0.000000e+00 3.148003e-04  -3.148003e-04
 1.179930e-02 6.413973e-04 0.000000e+00 3.206986e-04  -3.206986e-04
 1.212920e-02 6.534052e-04 0.000000e+00 3.267026e-04  -3.267026e-04
 1.246833e-02 6.656277e-04 0.000000e+00 3.328139e-04  -3.328139e-04
 1.281694e-02 6.780683e-04 0.000000e+00 3.390342e-04  -3.390342e-04
 1.317530e-02 6.907304e-04 0.000000e+00 3.453652e-04  -3.453652e-04
 1.354368e-02 7.036175e-04 0.000000e+00 3.518088e-04  -3.518088e-04
 1.392235e-02 7.167332e-04 0.000000e+00 3.583666e-04  -3.583666e-04
 1.431161e-02 7.300809e-04 0.000000e+00 3.650405e-04  -3.650405e-04
 1.471176e-02 7.436644e-04 0.000000e+00 3.718322e-04  -3.718322e-04
 1.512310e-02 7.574870e-04 0.000000e+00 3.787435e-04  -3.787435e-04
 1.554593e-02 7.715525e-04 0.000000e+00 3.857762e-04  -3.857762e-04
 1.598059e-02 7.858643e-04 0.000000e+00 3.929321e-04  -3.929321e-04
 1.642740e-02 8.004261e-04 0.000000e+00 4.002130e-04  -4.002130e-04
 1.688670e-02 8.152414e-04 0.000000e+00 4.076207e-04  -4.076207e-04
 1.735885e-02 8.303139e-04 0.000000e+00 4.151570e-04  -4.151570e-04
 1.784420e-02 8.456470e-04 0.000000e+00 4.228235e-04  -4.228235e-04
 1.834311e-02 8.612443e-04 0.000000e+00 4.306221e-04  -4.306221e-04
 1.885598e-02 8.771091e-04 0.000000e+00 4.385546e-04  -4.385546e-04
 1.938319e-02 8.932451e-04 0.000000e+00 4.466225e-04  -4.466225e-04
 1.992513e-02 9.096555e-04 0.000000e+00 4.548277e-04  -4.548277e-04
 2.048223e-02 9.263436e-04 0.000000e+00 4.631718e-04  -4.631718e-04
 2.105491e-02 9.433126e-04 0.000000e+00 4.716563e-04  -4.716563e-04
 2.164359e-02 9.605658e-04 0.000000e+00 4.802829e-04  -4.802829e-04
 2.224874e-02 9.781060e-04 0.000000e+00 4.890530e-04  -4.890530e-04
 2.287080e-02 9.959363e-04 0.000000e+00 4.979682e-04  -4.979682e-04
 2.351026e-02 1.014059e-03 0.000000e+00 5.070297e-04  -5.070297e-04
 2.416760e-02 1.032478e-03 0.000000e+00 5.162390e-04  -5.162390e-04
 2.484332e-02 1.051194e-03 0.000000e+00 5.255971e-04  -5.255971e-04
 2.553793e-02 1.070211e-03 0.000000e+00 5.351053e-04  -5.351053e-04
 2.625196e-02 1.089529e-03 0.000000e+00 5.447646e-04  -5.447646e-04
 2.698595e-02 1.109152e-03 0.000000e+00 5.545758e-04  -5.545758e-04
 2.774047e-02 1.129080e-03 0.000000e+00 5.645398e-04  -5.645398e-04
 2.851608e-02 1.149314e-03 0.000000e+00 5.746571e-04  -5.746571e-04
 2.931338e-02 1.169856e-03 0.000000e+00 5.849281e-04  -5.849281e-04
 3.013297e-02 1.190707e-03 0.000000e+00 5.953533e-04  -5.953533e-04
 3.097547e-02 1.211865e-03 0.000000e+00 6.059327e-04  -6.059327e-04
 3.184154e-02 1.233332e-03 0.000000e+00 6.166661e-04  -6.166661e-04
 3.273181e-02 1.255107e-03 0.000000e+00 6.275533e-04  -6.275533e-04
 3.364698e-02 1.277187e-03 0.000000e+00 6.385937e-04  -6.385937e-04
 3.458774e-02 1.299573e-03 0.000000e+00 6.497864e-04  -6.497864e-04
 3.555480e-02 1.322261e-03 0.000000e+00 6.611304e-04  -6.611304e-04
 3.654890e-02 1.345248e-03 0.000000e+00 6.726241e-04  -6.726241e-04
 3.757079e-02 1.368532e-03 0.000000e+00 6.842658e-04  -6.842658e-04
 3.862125e-02 1.392107e-03 0.000000e+00 6.960535e-04  -6.960535e-04
 3.970109e-02 1.415969e-03 0.000000e+00 7.079846e-04  -7.079846e-04
 4.081111e-02 1.440112e-03 0.000000e+00 7.200561e-04  -7.200561e-04
 4.195218e-02 1.464530e-03 0.000000e+00 7.322648e-04  -7.322648e-04
 4.312514e-02 1.489214e-03 0.000000e+00 7.446069e-04  -7.446069e-04
 4.433090e-02 1.514156e-03 0.000000e+00 7.570779e-04  -7.570779e-04
 4.557038e-02 1.539346e-03 0.000000e+00 7.696732e-04  -7.696732e-04
 4.684451e-02 1.564774e-03 0.000000e+00 7.823872e-04  -7.823872e-04
 4.815426e-02 1.590428e-03 0.000000e+00 7.952139e-04  -7.952139e-04
 4.950064e-02 1.616294e-03 0.000000e+00 8.081469e-04  -8.081469e-04
 5.088465e-02 1.642357e-03 0.000000e+00 8.211785e-04  -8.211785e-04
 5.230737e-02 1.668602e-03 0.000000e+00 8.343010e-04  -8.343010e-04
 5.376986e-02 1.695011e-03 0.000000e+00 8.475054e-04  -8.475054e-04
 5.527325e-02 1.721564e-03 0.000000e+00 8.607821e-04  -8.607821e-04
 5.681866e-02 1.748242e-03 0.000000e+00 8.741208e-04  -8.741208e-04
 5.840729e-02 1.775020e-03 0.000000e+00 8.875100e-04  -8.875100e-04
 6.004034e-02 1.801875e-03 0.000000e+00 9.009375e-04  -9.009375e-04
 6.171904e-02 1.828780e-03 0.000000e+00 9.143902e-04  -9.143902e-04
 6.344468e-02 1.855708e-03 0.000000e+00 9.278538e-04  -9.278538e-04
 6.521857e-02 1.882626e-03 0.000000e+00 9.413131e-04  -9.413131e-04
 6.704205e-02 1.909504e-03 0.000000e+00 9.547520e-04  -9.547520e-04
 6.891652e-02 1.936306e-03 0.000000e+00 9.681531e-04  -9.681531e-04
 7.084340e-02 1.962996e-03 0.000000e+00 9.814979e-04  -9.814979e-04
 7.282415e-02 1.989534e-03 0.000000e+00 9.947669e-04  -9.947669e-04
 7.486029e-02 2.015878e-03 0.000000e+00 1.007939e-03  -1.007939e-03
 7.695335e-02 2.041985e-03 0.000000e+00 1.020993e-03  -1.020993e-03
 7.910494e-02 2.067808e-03 0.000000e+00 1.033904e-03  -1.033904e-03
 8.131668e-02 2.093296e-03 0.000000e+00 1.046648e-03  -1.046648e-03
 8.359026e-02 2.118399e-03 0.000000e+00 1.059199e-03  -1.059199e-03
 8.592741e-02 2.143060e-03 0.000000e+00 1.071530e-03  -1.071530e-03
 8.832991e-02 2.167224e-03 0.000000e+00 1.083612e-03  -1.083612e-03
 9.079958e-02 2.190829e-03 0.000000e+00 1.095414e-03  -1.095414e-03
 9.333830e-02 2.213812e-03 0.000000e+00 1.106906e-03  -1.106906e-03
 9.594800e-02 2.236110e-03 0.000000e+00 1.118055e-03  -1.118055e-03
 9.863067e-02 2.257652e-03 0.000000e+00 1.128826e-03  -1.128826e-03
 1.013883e-01 2.278370e-03 0.000000e+00 1.139185e-03  -1.139185e-03
 1.042231e-01 2.298189e-03 0.000000e+00 1.149094e-03  -1.149094e-03
 1.071372e-01 2.317035e-03 0.000000e+00 1.158517e-03  -1.158517e-03
 1.101327e-01 2.334829e-03 0.000000e+00 1.167414e-03  -1.167414e-03
 1.132119e-01 2.351492e-03 0.000000e+00 1.175746e-03  -1.175746e-03
 1.163773e-01 2.366941e-03 0.000000e+00 1.183470e-03  -1.183470e-03
 1.196312e-01 2.381092e-03 0.000000e+00 1.190546e-03  -1.190546e-03
 1.229760e-01 2.393859e-03 0.000000e+00 1.196930e-03  -1.196930e-03
 1.264144e-01 2.405156e-03 0.000000e+00 1.202578e-03  -1.202578e-03
 1.299489e-01 2.414893e-03 0.000000e+00 1.207447e-03  -1.207447e-03
 1.335822e-01 2.422984e-03 0.000000e+00 1.211492e-03  -1.211492e-03
 1.373171e-01 2.429339e-03 0.000000e+00 1.214669e-03  -1.214669e-03
 1.411564e-01 2.433867e-03 0.000000e+00 1.216933e-03  -1.216933e-03
 1.451031e-01 2.436477e-03 0.000000e+00 1.218238e-03  -1.218238e-03
 1.491601e-01 2.437079e-03 0.000000e+00 1.218540e-03  -1.218540e-03
 1.533306e-01 2.435588e-03 0.000000e+00 1.217794e-03  -1.217794e-03
 1.576176e-01 2.431920e-03 0.000000e+00 1.215960e-03  -1.215960e-03
 1.620246e-01 2.425993e-03 0.000000e+00 1.212997e-03  -1.212997e-03
 1.665547e-01 2.417727e-03 0.000000e+00 1.208864e-03  -1.208864e-03
 1.712115e-01 2.407046e-03 0.000000e+00 1.203523e-03  -1.203523e-03
 1.759985e-01 2.393876e-03 0.000000e+00 1.196938e-03  -1.196938e-03
 1.809194e-01 2.378154e-03 0.000000e+00 1.189077e-03  -1.189077e-03
 1.859778e-01 2.359820e-03 0.000000e+00 1.179910e-03  -1.179910e-03
 1.911777e-01 2.338821e-03 0.000000e+00 1.169411e-03  -1.169411e-03
 1.965229e-01 2.315105e-03 0.000000e+00 1.157552e-03  -1.157552e-03
 2.020176e-01 2.288627e-03 0.000000e+00 1.144314e-03  -1.144314e-03
 2.076659e-01 2.259360e-03 0.000000e+00 1.129680e-03  -1.129680e-03
 2.134722e-01 2.227287e-03 0.000000e+00 1.113643e-03  -1.113643e-03
 2.194408e-01 2.192397e-03 0.000000e+00 1.096199e-03  -1.096199e-03
 2.255763e-01 2.154693e-03 0.000000e+00 1.077346e-03  -1.077346e-03
 2.318833e-01 2.114181e-03 0.000000e+00 1.057090e-03  -1.057090e-03
 2.383667e-01 2.070875e-03 0.000000e+00 1.035437e-03  -1.035437e-03
 2.450313e-01 2.024814e-03 0.000000e+00 1.012407e-03  -1.012407e-03
 2.518823e-01 1.976078e-03 0.000000e+00 9.880389e-04  -9.880389e-04
 2.589248e-01 1.924752e-03 0.000000e+00 9.623759e-04  -9.623759e-04
 2.661642e-01 1.870934e-03 0.000000e+00 9.354669e-04  -9.354669e-04
 2.736061e-01 1.814737e-03 0.000000e+00 9.073686e-04  -9.073686e-04
 2.812560e-01 1.756220e-03 0.000000e+00 8.781098e-04  -8.781098e-04
 2.891198e-01 1.695510e-03 0.000000e+00 8.477551e-04  -8.477551e-04
 2.972035e-01 1.632830e-03 0.000000e+00 8.164148e-04  -8.164148e-04
 3.055132e-01 1.568330e-03 0.000000e+00 7.841649e-04  -7.841649e-04
 3.140552e-01 1.502240e-03 0.000000e+00 7.511198e-04  -7.511198e-04
 3.228361e-01 1.434751e-03 0.000000e+00 7.173754e-04  -7.173754e-04
 3.318624e-01 1.366037e-03 0.000000e+00 6.830185e-04  -6.830185e-04
 3.411412e-01 1.296378e-03 0.000000e+00 6.481891e-04  -6.481891e-04
 3.506793e-01 1.226070e-03 0.000000e+00 6.130350e-04  -6.130350e-04
 3.604842e-01 1.155329e-03 0.000000e+00 5.776644e-04  -5.776644e-04
 3.705632e-01 1.084470e-03 0.000000e+00 5.422352e-04  -5.422352e-04
 3.809240e-01 1.013802e-03 0.000000e+00 5.069008e-04  -5.069008e-04
 3.915745e-01 9.435766e-04 0.000000e+00 4.717883e-04  -4.717883e-04
 4.025227e-01 8.741492e-04 0.000000e+00 4.370746e-04  -4.370746e-04
 4.137771e-01 8.057841e-04 0.000000e+00 4.028921e-04  -4.028921e-04
 4.253462e-01 7.387858e-04 0.000000e+00 3.693929e-04  -3.693929e-04
 4.372387e-01 6.735195e-04 0.000000e+00 3.367598e-04  -3.367598e-04
 4.494637e-01 6.102518e-04 0.000000e+00 3.051259e-04  -3.051259e-04
 4.620305e-01 5.493222e-04 0.000000e+00 2.746611e-04  -2.746611e-04
 4.749487e-01 4.910064e-04 0.000000e+00 2.455032e-04  -2.455032e-04
 4.882281e-01 4.355396e-04 0.000000e+00 2.177698e-04  -2.177698e-04
 5.018787e-01 3.831767e-04 0.000000e+00 1.915883e-04  -1.915883e-04
 5.159111e-01 3.341156e-04 0.000000e+00 1.670578e-04  -1.670578e-04
 5.303357e-01 2.884881e-04 0.000000e+00 1.442440e-04  -1.442440e-04
 5.451637e-01 2.464161e-04 0.000000e+00 1.232080e-04  -1.232080e-04
 5.604063e-01 2.080357e-04 0.000000e+00 1.040178e-04  -1.040178e-04
 5.760750e-01 1.734029e-04 0.000000e+00 8.670145e-05  -8.670145e-05
 5.921818e-01 1.424526e-04 0.000000e+00 7.122631e-05  -7.122631e-05
 6.087390e-01 1.151801e-04 0.000000e+00 5.759003e-05  -5.759003e-05
 6.257591e-01 9.151637e-05 0.000000e+00 4.575818e-05  -4.575818e-05
 6.432551e-01 7.128971e-05 0.000000e+00 3.564486e-05  -3.564486e-05
 6.612403e-01 5.430389e-05 0.000000e+00 2.715194e-05  -2.715194e-05
 6.797283e-01 4.031966e-05 0.000000e+00 2.015983e-05  -2.015983e-05
 6.987332e-01 2.905811e-05 0.000000e+00 1.452905e-05  -1.452905e-05
 7.182695e-01 2.022688e-05 0.000000e+00 1.011344e-05  -1.011344e-05
 7.383520e-01 1.352719e-05 0.000000e+00 6.763597e-06  -6.763597e-06
 7.589961e-01 8.631483e-06 0.000000e+00 4.315741e-06  -4.315741e-06
 7.802173e-01 5.203367e-06 0.000000e+00 2.601684e-06  -2.601684e-06
 8.020319e-01 2.927001e-06 0.000000e+00 1.463501e-06  -1.463501e-06
 8.244563e-01 1.501032e-06 0.000000e+00 7.505162e-07  -7.505162e-07
 8.475078e-01 6.865255e-07 0.000000e+00 3.432628e-07  -3.432628e-07
 8.712038e-01 2.685861e-07 0.000000e+00 1.342931e-07  -1.342931e-07
 8.955623e-01 8.404817e-08 0.000000e+00 4.202409e-08  -4.202409e-08
 9.206019e-01 1.865337e-08 0.000000e+00 9.326687e-09  -9.326687e-09
 9.463415e-01 2.251096e-09 0.000000e+00 1.125548e-09  -1.125548e-09
 9.728009e-01 5.923226e-11 0.000000e+00 2.961613e-11  -2.961613e-11