
 0.001997 -9.200555e-05 
 0.003993 -2.551313e-04 
 0.005989 -4.635303e-04 
 0.007985 -7.070651e-04 
 0.009981 -9.791730e-04 
 0.011977 -1.275327e-03 
 0.013973 -1.592045e-03 
 0.015969 -1.926555e-03 
 0.017965 -2.276563e-03 
 0.019961 -2.640125e-03 
 0.021957 -3.015565e-03 
 0.023953 -3.401410e-03 
 0.025949 -3.796355e-03 
 0.027945 -4.199229e-03 
 0.029941 -4.608975e-03 
 0.031937 -5.024634e-03 
 0.033933 -5.445331e-03 
 0.035929 -5.870262e-03 
 0.037925 -6.298691e-03 
 0.039921 -6.729938e-03 
 0.041917 -7.163378e-03 
 0.043913 -7.598437e-03 
 0.045909 -8.034587e-03 
 0.047905 -8.471341e-03 
 0.049901 -8.908251e-03 
 0.051897 -9.344902e-03 
 0.053893 -9.780911e-03 
 0.055889 -1.021592e-02 
 0.057885 -1.064961e-02 
 0.059881 -1.108167e-02 
 0.061877 -1.151182e-02 
 0.063873 -1.193980e-02 
 0.065869 -1.236537e-02 
 0.067865 -1.278833e-02 
 0.069861 -1.320847e-02 
 0.071857 -1.362562e-02 
 0.073853 -1.403959e-02 
 0.075849 -1.445025e-02 
 0.077845 -1.485746e-02 
 0.079841 -1.526108e-02 
 0.081837 -1.566101e-02 
 0.083833 -1.605713e-02 
 0.085829 -1.644935e-02 
 0.087825 -1.683758e-02 
 0.089821 -1.722175e-02 
 0.091817 -1.760178e-02 
 0.093813 -1.797761e-02 
 0.095809 -1.834919e-02 
 0.097805 -1.871645e-02 
 0.099801 -1.907936e-02 
 0.101797 -1.943788e-02 
 0.103793 -1.979196e-02 
 0.105789 -2.014159e-02 
 0.107785 -2.048672e-02 
 0.109781 -2.082735e-02 
 0.111777 -2.116345e-02 
 0.113773 -2.149501e-02 
 0.115769 -2.182200e-02 
 0.117765 -2.214443e-02 
 0.119761 -2.246229e-02 
 0.121757 -2.277557e-02 
 0.123753 -2.308427e-02 
 0.125749 -2.338840e-02 
 0.127745 -2.368795e-02 
 0.129741 -2.398293e-02 
 0.131737 -2.427335e-02 
 0.133733 -2.455921e-02 
 0.135729 -2.484053e-02 
 0.137725 -2.511732e-02 
 0.139721 -2.538958e-02 
 0.141717 -2.565734e-02 
 0.143713 -2.592062e-02 
 0.145709 -2.617941e-02 
 0.147705 -2.643375e-02 
 0.149701 -2.668366e-02 
 0.151697 -2.692914e-02 
 0.153693 -2.717023e-02 
 0.155689 -2.740693e-02 
 0.157685 -2.763928e-02 
 0.159681 -2.786729e-02 
 0.161677 -2.809099e-02 
 0.163673 -2.831040e-02 
 0.165669 -2.852554e-02 
 0.167666 -2.873644e-02 
 0.169662 -2.894312e-02 
 0.171658 -2.914561e-02 
 0.173654 -2.934394e-02 
 0.175650 -2.953812e-02 
 0.177646 -2.972818e-02 
 0.179642 -2.991416e-02 
 0.181638 -3.009608e-02 
 0.183634 -3.027397e-02 
 0.185630 -3.044785e-02 
 0.187626 -3.061775e-02 
 0.189622 -3.078370e-02 
 0.191618 -3.094572e-02 
 0.193614 -3.110384e-02 
 0.195610 -3.125810e-02 
 0.197606 -3.140851e-02 
 0.199602 -3.155510e-02 
 0.201598 -3.169791e-02 
 0.203594 -3.183696e-02 
 0.205590 -3.197228e-02 
 0.207586 -3.210389e-02 
 0.209582 -3.223183e-02 
 0.211578 -3.235612e-02 
 0.213574 -3.247679e-02 
 0.215570 -3.259387e-02 
 0.217566 -3.270738e-02 
 0.219562 -3.281736e-02 
 0.221558 -3.292384e-02 
 0.223554 -3.302683e-02 
 0.225550 -3.312638e-02 
 0.227546 -3.322250e-02 
 0.229542 -3.331523e-02 
 0.231538 -3.340458e-02 
 0.233534 -3.349060e-02 
 0.235530 -3.357330e-02 
 0.237526 -3.365271e-02 
 0.239522 -3.372887e-02 
 0.241518 -3.380178e-02 
 0.243514 -3.387150e-02 
 0.245510 -3.393803e-02 
 0.247506 -3.400140e-02 
 0.249502 -3.406165e-02 
 0.251498 -3.411880e-02 
 0.253494 -3.417288e-02 
 0.255490 -3.422390e-02 
 0.257486 -3.427191e-02 
 0.259482 -3.431693e-02 
 0.261478 -3.435898e-02 
 0.263474 -3.439809e-02 
 0.265470 -3.443429e-02 
 0.267466 -3.446760e-02 
 0.269462 -3.449804e-02 
 0.271458 -3.452565e-02 
 0.273454 -3.455045e-02 
 0.275450 -3.457247e-02 
 0.277446 -3.459172e-02 
 0.279442 -3.460825e-02 
 0.281438 -3.462206e-02 
 0.283434 -3.463318e-02 
 0.285430 -3.464165e-02 
 0.287426 -3.464748e-02 
 0.289422 -3.465070e-02 
 0.291418 -3.465133e-02 
 0.293414 -3.464940e-02 
 0.295410 -3.464493e-02 
 0.297406 -3.463795e-02 
 0.299402 -3.462848e-02 
 0.301398 -3.461654e-02 
 0.303394 -3.460216e-02 
 0.305390 -3.458537e-02 
 0.307386 -3.456618e-02 
 0.309382 -3.454462e-02 
 0.311378 -3.452072e-02 
 0.313374 -3.449450e-02 
 0.315370 -3.446597e-02 
 0.317366 -3.443517e-02 
 0.319362 -3.440213e-02 
 0.321358 -3.436685e-02 
 0.323354 -3.432937e-02 
 0.325350 -3.428971e-02 
 0.327346 -3.424789e-02 
 0.329342 -3.420393e-02 
 0.331338 -3.415785e-02 
 0.333334 -3.410969e-02 
 0.335330 -3.405945e-02 
 0.337326 -3.400717e-02 
 0.339322 -3.395285e-02 
 0.341318 -3.389653e-02 
 0.343314 -3.383822e-02 
 0.345310 -3.377795e-02 
 0.347306 -3.371574e-02 
 0.349302 -3.365160e-02 
 0.351298 -3.358556e-02 
 0.353294 -3.351764e-02 
 0.355290 -3.344786e-02 
 0.357286 -3.337624e-02 
 0.359282 -3.330280e-02 
 0.361278 -3.322757e-02 
 0.363274 -3.315056e-02 
 0.365270 -3.307179e-02 
 0.367266 -3.299128e-02 
 0.369262 -3.290906e-02 
 0.371258 -3.282515e-02 
 0.373254 -3.273955e-02 
 0.375250 -3.265231e-02 
 0.377246 -3.256343e-02 
 0.379242 -3.247293e-02 
 0.381238 -3.238084e-02 
 0.383234 -3.228717e-02 
 0.385230 -3.219194e-02 
 0.387226 -3.209518e-02 
 0.389222 -3.199691e-02 
 0.391218 -3.189713e-02 
 0.393214 -3.179588e-02 
 0.395210 -3.169317e-02 
 0.397206 -3.158902e-02 
 0.399202 -3.148346e-02 
 0.401198 -3.137649e-02 
 0.403194 -3.126814e-02 
 0.405190 -3.115843e-02 
 0.407186 -3.104738e-02 
 0.409182 -3.093500e-02 
 0.411178 -3.082132e-02 
 0.413174 -3.070634e-02 
 0.415170 -3.059010e-02 
 0.417166 -3.047261e-02 
 0.419162 -3.035388e-02 
 0.421158 -3.023394e-02 
 0.423154 -3.011279e-02 
 0.425150 -2.999047e-02 
 0.427146 -2.986698e-02 
 0.429142 -2.974235e-02 
 0.431138 -2.961659e-02 
 0.433134 -2.948972e-02 
 0.435130 -2.936176e-02 
 0.437126 -2.923272e-02 
 0.439122 -2.910262e-02 
 0.441118 -2.897148e-02 
 0.443114 -2.883931e-02 
 0.445110 -2.870614e-02 
 0.447106 -2.857198e-02 
 0.449102 -2.843685e-02 
 0.451098 -2.830076e-02 
 0.453094 -2.816374e-02 
 0.455090 -2.802579e-02 
 0.457086 -2.788695e-02 
 0.459082 -2.774721e-02 
 0.461078 -2.760661e-02 
 0.463074 -2.746516e-02 
 0.465070 -2.732287e-02 
 0.467066 -2.717977e-02 
 0.469062 -2.703586e-02 
 0.471058 -2.689116e-02 
 0.473054 -2.674570e-02 
 0.475050 -2.659948e-02 
 0.477046 -2.645251e-02 
 0.479042 -2.630483e-02 
 0.481038 -2.615643e-02 
 0.483034 -2.600734e-02 
 0.485030 -2.585757e-02 
 0.487026 -2.570713e-02 
 0.489022 -2.555605e-02 
 0.491018 -2.540433e-02 
 0.493014 -2.525200e-02 
 0.495010 -2.509907e-02 
 0.497006 -2.494556e-02 
 0.499002 -2.479148e-02 
 0.500999 -2.463685e-02 
 0.502995 -2.448169e-02 
 0.504991 -2.432600e-02 
 0.506987 -2.416981e-02 
 0.508983 -2.401314e-02 
 0.510979 -2.385599e-02 
 0.512975 -2.369838e-02 
 0.514971 -2.354033e-02 
 0.516967 -2.338186e-02 
 0.518963 -2.322296e-02 
 0.520959 -2.306367e-02 
 0.522955 -2.290399e-02 
 0.524951 -2.274394e-02 
 0.526947 -2.258353e-02 
 0.528943 -2.242278e-02 
 0.530939 -2.226171e-02 
 0.532935 -2.210032e-02 
 0.534931 -2.193863e-02 
 0.536927 -2.177666e-02 
 0.538923 -2.161442e-02 
 0.540919 -2.145193e-02 
 0.542915 -2.128920e-02 
 0.544911 -2.112624e-02 
 0.546907 -2.096307e-02 
 0.548903 -2.079971e-02 
 0.550899 -2.063617e-02 
 0.552895 -2.047246e-02 
 0.554891 -2.030860e-02 
 0.556887 -2.014460e-02 
 0.558883 -1.998047e-02 
 0.560879 -1.981624e-02 
 0.562875 -1.965191e-02 
 0.564871 -1.948749e-02 
 0.566867 -1.932301e-02 
 0.568863 -1.915847e-02 
 0.570859 -1.899390e-02 
 0.572855 -1.882929e-02 
 0.574851 -1.866467e-02 
 0.576847 -1.850005e-02 
 0.578843 -1.833545e-02 
 0.580839 -1.817087e-02 
 0.582835 -1.800633e-02 
 0.584831 -1.784185e-02 
 0.586827 -1.767743e-02 
 0.588823 -1.751310e-02 
 0.590819 -1.734886e-02 
 0.592815 -1.718473e-02 
 0.594811 -1.702072e-02 
 0.596807 -1.685684e-02 
 0.598803 -1.669312e-02 
 0.600799 -1.652955e-02 
 0.602795 -1.636616e-02 
 0.604791 -1.620296e-02 
 0.606787 -1.603996e-02 
 0.608783 -1.587717e-02 
 0.610779 -1.571461e-02 
 0.612775 -1.555229e-02 
 0.614771 -1.539022e-02 
 0.616767 -1.522842e-02 
 0.618763 -1.506690e-02 
 0.620759 -1.490566e-02 
 0.622755 -1.474474e-02 
 0.624751 -1.458412e-02 
 0.626747 -1.442384e-02 
 0.628743 -1.426390e-02 
 0.630739 -1.410431e-02 
 0.632735 -1.394509e-02 
 0.634731 -1.378625e-02 
 0.636727 -1.362780e-02 
 0.638723 -1.346974e-02 
 0.640719 -1.331211e-02 
 0.642715 -1.315490e-02 
 0.644711 -1.299813e-02 
 0.646707 -1.284181e-02 
 0.648703 -1.268596e-02 
 0.650699 -1.253058e-02 
 0.652695 -1.237570e-02 
 0.654691 -1.222131e-02 
 0.656687 -1.206744e-02 
 0.658683 -1.191409e-02 
 0.660679 -1.176128e-02 
 0.662675 -1.160902e-02 
 0.664671 -1.145733e-02 
 0.666667 -1.130621e-02 
 0.668663 -1.115568e-02 
 0.670659 -1.100574e-02 
 0.672655 -1.085642e-02 
 0.674651 -1.070772e-02 
 0.676647 -1.055965e-02 
 0.678643 -1.041222e-02 
 0.680639 -1.026545e-02 
 0.682635 -1.011934e-02 
 0.684631 -9.973913e-03 
 0.686627 -9.829173e-03 
 0.688623 -9.685132e-03 
 0.690619 -9.541803e-03 
 0.692615 -9.399197e-03 
 0.694611 -9.257326e-03 
 0.696607 -9.116201e-03 
 0.698603 -8.975835e-03 
 0.700599 -8.836239e-03 
 0.702595 -8.697424e-03 
 0.704591 -8.559402e-03 
 0.706587 -8.422184e-03 
 0.708583 -8.285782e-03 
 0.710579 -8.150205e-03 
 0.712575 -8.015466e-03 
 0.714571 -7.881575e-03 
 0.716567 -7.748542e-03 
 0.718563 -7.616377e-03 
 0.720559 -7.485092e-03 
 0.722555 -7.354696e-03 
 0.724551 -7.225200e-03 
 0.726547 -7.096614e-03 
 0.728543 -6.968948e-03 
 0.730539 -6.842212e-03 
 0.732535 -6.716417e-03 
 0.734531 -6.591573e-03 
 0.736527 -6.467690e-03 
 0.738523 -6.344778e-03 
 0.740519 -6.222847e-03 
 0.742515 -6.101908e-03 
 0.744511 -5.981969e-03 
 0.746507 -5.863042e-03 
 0.748503 -5.745135e-03 
 0.750499 -5.628257e-03 
 0.752495 -5.512419e-03 
 0.754491 -5.397630e-03 
 0.756487 -5.283899e-03 
 0.758483 -5.171234e-03 
 0.760479 -5.059646e-03 
 0.762475 -4.949142e-03 
 0.764471 -4.839731e-03 
 0.766467 -4.731423e-03 
 0.768463 -4.624226e-03 
 0.770459 -4.518148e-03 
 0.772455 -4.413198e-03 
 0.774451 -4.309385e-03 
 0.776447 -4.206716e-03 
 0.778443 -4.105200e-03 
 0.780439 -4.004845e-03 
 0.782435 -3.905658e-03 
 0.784431 -3.807648e-03 
 0.786427 -3.710822e-03 
 0.788423 -3.615188e-03 
 0.790419 -3.520753e-03 
 0.792415 -3.427525e-03 
 0.794411 -3.335510e-03 
 0.796407 -3.244715e-03 
 0.798403 -3.155148e-03 
 0.800399 -3.066814e-03 
 0.802395 -2.979721e-03 
 0.804391 -2.893874e-03 
 0.806387 -2.809280e-03 
 0.808383 -2.725945e-03 
 0.810379 -2.643874e-03 
 0.812375 -2.563073e-03 
 0.814371 -2.483548e-03 
 0.816367 -2.405303e-03 
 0.818363 -2.328344e-03 
 0.820359 -2.252676e-03 
 0.822355 -2.178302e-03 
 0.824351 -2.105228e-03 
 0.826347 -2.033457e-03 
 0.828343 -1.962992e-03 
 0.830339 -1.893838e-03 
 0.832335 -1.825998e-03 
 0.834332 -1.759474e-03 
 0.836328 -1.694269e-03 
 0.838324 -1.630385e-03 
 0.840320 -1.567824e-03 
 0.842316 -1.506588e-03 
 0.844312 -1.446677e-03 
 0.846308 -1.388094e-03 
 0.848304 -1.330838e-03 
 0.850300 -1.274910e-03 
 0.852296 -1.220309e-03 
 0.854292 -1.167035e-03 
 0.856288 -1.115086e-03 
 0.858284 -1.064462e-03 
 0.860280 -1.015160e-03 
 0.862276 -9.671783e-04 
 0.864272 -9.205138e-04 
 0.866268 -8.751633e-04 
 0.868264 -8.311229e-04 
 0.870260 -7.883883e-04 
 0.872256 -7.469545e-04 
 0.874252 -7.068162e-04 
 0.876248 -6.679673e-04 
 0.878244 -6.304013e-04 
 0.880240 -5.941109e-04 
 0.882236 -5.590882e-04 
 0.884232 -5.253248e-04 
 0.886228 -4.928112e-04 
 0.888224 -4.615375e-04 
 0.890220 -4.314929e-04 
 0.892216 -4.026659e-04 
 0.894212 -3.750441e-04 
 0.896208 -3.486144e-04 
 0.898204 -3.233630e-04 
 0.900200 -2.992750e-04 
 0.902196 -2.763348e-04 
 0.904192 -2.545258e-04 
 0.906188 -2.338301e-04 
 0.908184 -2.142292e-04 
 0.910180 -1.957033e-04 
 0.912176 -1.782317e-04 
 0.914172 -1.617925e-04 
 0.916168 -1.463630e-04 
 0.918164 -1.319196e-04 
 0.920160 -1.184373e-04 
 0.922156 -1.058903e-04 
 0.924152 -9.425162e-05 
 0.926148 -8.349287e-05 
 0.928144 -7.358463e-05 
 0.930140 -6.449632e-05 
 0.932136 -5.619629e-05 
 0.934132 -4.865190e-05 
 0.936128 -4.182954e-05 
 0.938124 -3.569465e-05 
 0.940120 -3.021182e-05 
 0.942116 -2.534469e-05 
 0.944112 -2.105588e-05 
 0.946108 -1.730700e-05 
 0.948104 -1.405882e-05 
 0.950100 -1.127150e-05 
 0.952096 -8.904834e-06 
 0.954092 -6.918508e-06 
 0.956088 -5.272410e-06 
 0.958084 -3.926984e-06 
 0.960080 -2.843666e-06 
 0.962076 -1.985548e-06 
 0.964072 -1.318359e-06 
 0.966068 -8.111817e-07 
 0.968064 -4.363441e-07 
 0.970060 -1.693032e-07 
 0.972056 1.150673e-08 
 0.974052 1.248218e-07 
 0.976048 1.867090e-07 
 0.978044 2.107370e-07 
 0.980040 2.081676e-07 
 0.982036 1.881901e-07 
 0.984032 1.582254e-07 
 0.986028 1.241838e-07 
 0.988024 9.056949e-08 
 0.990020 6.058447e-08 
 0.992016 3.623466e-08 
 0.994012 1.844383e-08 
 0.996008 7.177604e-09 
 0.998004 1.551308e-09 