
 0.001997 -3.309689e-05 
 0.003993 -8.926803e-05 
 0.005989 -1.573780e-04 
 0.007985 -2.337286e-04 
 0.009981 -3.160149e-04 
 0.011977 -4.027716e-04 
 0.013973 -4.929164e-04 
 0.015969 -5.856319e-04 
 0.017965 -6.802696e-04 
 0.019961 -7.763029e-04 
 0.021957 -8.732953e-04 
 0.023953 -9.708788e-04 
 0.025949 -1.068739e-03 
 0.027945 -1.166605e-03 
 0.029941 -1.264241e-03 
 0.031937 -1.361441e-03 
 0.033933 -1.458023e-03 
 0.035929 -1.553825e-03 
 0.037925 -1.648706e-03 
 0.039921 -1.742539e-03 
 0.041917 -1.835209e-03 
 0.043913 -1.926617e-03 
 0.045909 -2.016672e-03 
 0.047905 -2.105293e-03 
 0.049901 -2.192409e-03 
 0.051897 -2.277956e-03 
 0.053893 -2.361877e-03 
 0.055889 -2.444121e-03 
 0.057885 -2.524645e-03 
 0.059881 -2.603410e-03 
 0.061877 -2.680381e-03 
 0.063873 -2.755531e-03 
 0.065869 -2.828834e-03 
 0.067865 -2.900271e-03 
 0.069861 -2.969825e-03 
 0.071857 -3.037483e-03 
 0.073853 -3.103235e-03 
 0.075849 -3.167073e-03 
 0.077845 -3.228994e-03 
 0.079841 -3.288996e-03 
 0.081837 -3.347079e-03 
 0.083833 -3.403246e-03 
 0.085829 -3.457502e-03 
 0.087825 -3.509854e-03 
 0.089821 -3.560309e-03 
 0.091817 -3.608879e-03 
 0.093813 -3.655574e-03 
 0.095809 -3.700409e-03 
 0.097805 -3.743396e-03 
 0.099801 -3.784552e-03 
 0.101797 -3.823892e-03 
 0.103793 -3.861435e-03 
 0.105789 -3.897200e-03 
 0.107785 -3.931204e-03 
 0.109781 -3.963470e-03 
 0.111777 -3.994017e-03 
 0.113773 -4.022868e-03 
 0.115769 -4.050044e-03 
 0.117765 -4.075569e-03 
 0.119761 -4.099466e-03 
 0.121757 -4.121758e-03 
 0.123753 -4.142470e-03 
 0.125749 -4.161627e-03 
 0.127745 -4.179254e-03 
 0.129741 -4.195375e-03 
 0.131737 -4.210017e-03 
 0.133733 -4.223206e-03 
 0.135729 -4.234966e-03 
 0.137725 -4.245325e-03 
 0.139721 -4.254308e-03 
 0.141717 -4.261941e-03 
 0.143713 -4.268250e-03 
 0.145709 -4.273262e-03 
 0.147705 -4.277002e-03 
 0.149701 -4.279495e-03 
 0.151697 -4.280769e-03 
 0.153693 -4.280847e-03 
 0.155689 -4.279757e-03 
 0.157685 -4.277524e-03 
 0.159681 -4.274173e-03 
 0.161677 -4.269730e-03 
 0.163673 -4.264221e-03 
 0.165669 -4.257672e-03 
 0.167666 -4.250107e-03 
 0.169662 -4.241554e-03 
 0.171658 -4.232036e-03 
 0.173654 -4.221581e-03 
 0.175650 -4.210212e-03 
 0.177646 -4.197954e-03 
 0.179642 -4.184833e-03 
 0.181638 -4.170872e-03 
 0.183634 -4.156096e-03 
 0.185630 -4.140527e-03 
 0.187626 -4.124190e-03 
 0.189622 -4.107106e-03 
 0.191618 -4.089298e-03 
 0.193614 -4.070789e-03 
 0.195610 -4.051599e-03 
 0.197606 -4.031751e-03 
 0.199602 -4.011266e-03 
 0.201598 -3.990165e-03 
 0.203594 -3.968469e-03 
 0.205590 -3.946198e-03 
 0.207586 -3.923373e-03 
 0.209582 -3.900014e-03 
 0.211578 -3.876141e-03 
 0.213574 -3.851774e-03 
 0.215570 -3.826933e-03 
 0.217566 -3.801636e-03 
 0.219562 -3.775903e-03 
 0.221558 -3.749751e-03 
 0.223554 -3.723199e-03 
 0.225550 -3.696265e-03 
 0.227546 -3.668965e-03 
 0.229542 -3.641317e-03 
 0.231538 -3.613337e-03 
 0.233534 -3.585042e-03 
 0.235530 -3.556446e-03 
 0.237526 -3.527567e-03 
 0.239522 -3.498418e-03 
 0.241518 -3.469016e-03 
 0.243514 -3.439375e-03 
 0.245510 -3.409510e-03 
 0.247506 -3.379435e-03 
 0.249502 -3.349165e-03 
 0.251498 -3.318713e-03 
 0.253494 -3.288093e-03 
 0.255490 -3.257320e-03 
 0.257486 -3.226405e-03 
 0.259482 -3.195363e-03 
 0.261478 -3.164205e-03 
 0.263474 -3.132944e-03 
 0.265470 -3.101592e-03 
 0.267466 -3.070160e-03 
 0.269462 -3.038661e-03 
 0.271458 -3.007105e-03 
 0.273454 -2.975503e-03 
 0.275450 -2.943865e-03 
 0.277446 -2.912202e-03 
 0.279442 -2.880525e-03 
 0.281438 -2.848842e-03 
 0.283434 -2.817164e-03 
 0.285430 -2.785501e-03 
 0.287426 -2.753861e-03 
 0.289422 -2.722255e-03 
 0.291418 -2.690691e-03 
 0.293414 -2.659178e-03 
 0.295410 -2.627725e-03 
 0.297406 -2.596341e-03 
 0.299402 -2.565032e-03 
 0.301398 -2.533808e-03 
 0.303394 -2.502676e-03 
 0.305390 -2.471641e-03 
 0.307386 -2.440712e-03 
 0.309382 -2.409895e-03 
 0.311378 -2.379195e-03 
 0.313374 -2.348618e-03 
 0.315370 -2.318170e-03 
 0.317366 -2.287857e-03 
 0.319362 -2.257683e-03 
 0.321358 -2.227654e-03 
 0.323354 -2.197775e-03 
 0.325350 -2.168050e-03 
 0.327346 -2.138486e-03 
 0.329342 -2.109086e-03 
 0.331338 -2.079856e-03 
 0.333334 -2.050801e-03 
 0.335330 -2.021925e-03 
 0.337326 -1.993232e-03 
 0.339322 -1.964727e-03 
 0.341318 -1.936414e-03 
 0.343314 -1.908297e-03 
 0.345310 -1.880381e-03 
 0.347306 -1.852667e-03 
 0.349302 -1.825160e-03 
 0.351298 -1.797863e-03 
 0.353294 -1.770779e-03 
 0.355290 -1.743911e-03 
 0.357286 -1.717261e-03 
 0.359282 -1.690832e-03 
 0.361278 -1.664626e-03 
 0.363274 -1.638646e-03 
 0.365270 -1.612894e-03 
 0.367266 -1.587371e-03 
 0.369262 -1.562081e-03 
 0.371258 -1.537025e-03 
 0.373254 -1.512204e-03 
 0.375250 -1.487621e-03 
 0.377246 -1.463276e-03 
 0.379242 -1.439172e-03 
 0.381238 -1.415310e-03 
 0.383234 -1.391691e-03 
 0.385230 -1.368316e-03 
 0.387226 -1.345186e-03 
 0.389222 -1.322301e-03 
 0.391218 -1.299663e-03 
 0.393214 -1.277272e-03 
 0.395210 -1.255127e-03 
 0.397206 -1.233231e-03 
 0.399202 -1.211582e-03 
 0.401198 -1.190180e-03 
 0.403194 -1.169027e-03 
 0.405190 -1.148121e-03 
 0.407186 -1.127464e-03 
 0.409182 -1.107053e-03 
 0.411178 -1.086890e-03 
 0.413174 -1.066974e-03 
 0.415170 -1.047304e-03 
 0.417166 -1.027880e-03 
 0.419162 -1.008701e-03 
 0.421158 -9.897675e-04 
 0.423154 -9.710778e-04 
 0.425150 -9.526314e-04 
 0.427146 -9.344275e-04 
 0.429142 -9.164652e-04 
 0.431138 -8.987435e-04 
 0.433134 -8.812615e-04 
 0.435130 -8.640182e-04 
 0.437126 -8.470124e-04 
 0.439122 -8.302430e-04 
 0.441118 -8.137089e-04 
 0.443114 -7.974089e-04 
 0.445110 -7.813417e-04 
 0.447106 -7.655061e-04 
 0.449102 -7.499008e-04 
 0.451098 -7.345245e-04 
 0.453094 -7.193759e-04 
 0.455090 -7.044537e-04 
 0.457086 -6.897564e-04 
 0.459082 -6.752827e-04 
 0.461078 -6.610311e-04 
 0.463074 -6.470001e-04 
 0.465070 -6.331883e-04 
 0.467066 -6.195942e-04 
 0.469062 -6.062162e-04 
 0.471058 -5.930528e-04 
 0.473054 -5.801022e-04 
 0.475050 -5.673630e-04 
 0.477046 -5.548334e-04 
 0.479042 -5.425116e-04 
 0.481038 -5.303959e-04 
 0.483034 -5.184844e-04 
 0.485030 -5.067754e-04 
 0.487026 -4.952667e-04 
 0.489022 -4.839564e-04 
 0.491018 -4.728426e-04 
 0.493014 -4.619231e-04 
 0.495010 -4.511958e-04 
 0.497006 -4.406587e-04 
 0.499002 -4.303096e-04 
 0.500999 -4.201464e-04 
 0.502995 -4.101670e-04 
 0.504991 -4.003693e-04 
 0.506987 -3.907511e-04 
 0.508983 -3.813105e-04 
 0.510979 -3.720453e-04 
 0.512975 -3.629534e-04 
 0.514971 -3.540330e-04 
 0.516967 -3.452819e-04 
 0.518963 -3.366980e-04 
 0.520959 -3.282796e-04 
 0.522955 -3.200244e-04 
 0.524951 -3.119307e-04 
 0.526947 -3.039964e-04 
 0.528943 -2.962196e-04 
 0.530939 -2.885984e-04 
 0.532935 -2.811309e-04 
 0.534931 -2.738151e-04 
 0.536927 -2.666490e-04 
 0.538923 -2.596309e-04 
 0.540919 -2.527587e-04 
 0.542915 -2.460303e-04 
 0.544911 -2.394440e-04 
 0.546907 -2.329975e-04 
 0.548903 -2.266888e-04 
 0.550899 -2.205159e-04 
 0.552895 -2.144767e-04 
 0.554891 -2.085692e-04 
 0.556887 -2.027912e-04 
 0.558883 -1.971408e-04 
 0.560879 -1.916158e-04 
 0.562875 -1.862143e-04 
 0.564871 -1.809344e-04 
 0.566867 -1.757740e-04 
 0.568863 -1.707313e-04 
 0.570859 -1.658045e-04 
 0.572855 -1.609917e-04 
 0.574851 -1.562910e-04 
 0.576847 -1.517007e-04 
 0.578843 -1.472189e-04 
 0.580839 -1.428440e-04 
 0.582835 -1.385740e-04 
 0.584831 -1.344071e-04 
 0.586827 -1.303417e-04 
 0.588823 -1.263758e-04 
 0.590819 -1.225077e-04 
 0.592815 -1.187356e-04 
 0.594811 -1.150576e-04 
 0.596807 -1.114721e-04 
 0.598803 -1.079772e-04 
 0.600799 -1.045712e-04 
 0.602795 -1.012523e-04 
 0.604791 -9.801895e-05 
 0.606787 -9.486941e-05 
 0.608783 -9.180207e-05 
 0.610779 -8.881531e-05 
 0.612775 -8.590756e-05 
 0.614771 -8.307725e-05 
 0.616767 -8.032287e-05 
 0.618763 -7.764290e-05 
 0.620759 -7.503585e-05 
 0.622755 -7.250025e-05 
 0.624751 -7.003466e-05 
 0.626747 -6.763763e-05 
 0.628743 -6.530777e-05 
 0.630739 -6.304367e-05 
 0.632735 -6.084395e-05 
 0.634731 -5.870724e-05 
 0.636727 -5.663220e-05 
 0.638723 -5.461749e-05 
 0.640719 -5.266180e-05 
 0.642715 -5.076382e-05 
 0.644711 -4.892226e-05 
 0.646707 -4.713584e-05 
 0.648703 -4.540329e-05 
 0.650699 -4.372338e-05 
 0.652695 -4.209487e-05 
 0.654691 -4.051655e-05 
 0.656687 -3.898721e-05 
 0.658683 -3.750567e-05 
 0.660679 -3.607079e-05 
 0.662675 -3.468141e-05 
 0.664671 -3.333643e-05 
 0.666667 -3.203475e-05 
 0.668663 -3.077529e-05 
 0.670659 -2.955700e-05 
 0.672655 -2.837885e-05 
 0.674651 -2.723982e-05 
 0.676647 -2.613890e-05 
 0.678643 -2.507512e-05 
 0.680639 -2.404750e-05 
 0.682635 -2.305508e-05 
 0.684631 -2.209692e-05 
 0.686627 -2.117208e-05 
 0.688623 -2.027963e-05 
 0.690619 -1.941867e-05 
 0.692615 -1.858829e-05 
 0.694611 -1.778763e-05 
 0.696607 -1.701581e-05 
 0.698603 -1.627199e-05 
 0.700599 -1.555533e-05 
 0.702595 -1.486505e-05 
 0.704591 -1.420036e-05 
 0.706587 -1.356049e-05 
 0.708583 -1.294471e-05 
 0.710579 -1.235231e-05 
 0.712575 -1.178259e-05 
 0.714571 -1.123487e-05 
 0.716567 -1.070849e-05 
 0.718563 -1.020281e-05 
 0.720559 -9.717193e-06 
 0.722555 -9.251029e-06 
 0.724551 -8.803710e-06 
 0.726547 -8.374640e-06 
 0.728543 -7.963237e-06 
 0.730539 -7.568926e-06 
 0.732535 -7.191147e-06 
 0.734531 -6.829349e-06 
 0.736527 -6.482992e-06 
 0.738523 -6.151548e-06 
 0.740519 -5.834500e-06 
 0.742515 -5.531340e-06 
 0.744511 -5.241575e-06 
 0.746507 -4.964721e-06 
 0.748503 -4.700305e-06 
 0.750499 -4.447867e-06 
 0.752495 -4.206959e-06 
 0.754491 -3.977143e-06 
 0.756487 -3.757995e-06 
 0.758483 -3.549104e-06 
 0.760479 -3.350071e-06 
 0.762475 -3.160509e-06 
 0.764471 -2.980046e-06 
 0.766467 -2.808325e-06 
 0.768463 -2.645000e-06 
 0.770459 -2.489737e-06 
 0.772455 -2.342215e-06 
 0.774451 -2.202123e-06 
 0.776447 -2.069161e-06 
 0.778443 -1.943040e-06 
 0.780439 -1.823476e-06 
 0.782435 -1.710196e-06 
 0.784431 -1.602935e-06 
 0.786427 -1.501431e-06 
 0.788423 -1.405434e-06 
 0.790419 -1.314696e-06 
 0.792415 -1.228981e-06 
 0.794411 -1.148056e-06 
 0.796407 -1.071698e-06 
 0.798403 -9.996918e-07 
 0.800399 -9.318280e-07 
 0.802395 -8.679068e-07 
 0.804391 -8.077360e-07 
 0.806387 -7.511320e-07 
 0.808383 -6.979187e-07 
 0.810379 -6.479278e-07 
 0.812375 -6.009980e-07 
 0.814371 -5.569753e-07 
 0.816367 -5.157118e-07 
 0.818363 -4.770661e-07 
 0.820359 -4.409026e-07 
 0.822355 -4.070912e-07 
 0.824351 -3.755067e-07 
 0.826347 -3.460290e-07 
 0.828343 -3.185427e-07 
 0.830339 -2.929367e-07 
 0.832335 -2.691049e-07 
 0.834332 -2.469455e-07 
 0.836328 -2.263610e-07 
 0.838324 -2.072582e-07 
 0.840320 -1.895482e-07 
 0.842316 -1.731461e-07 
 0.844312 -1.579711e-07 
 0.846308 -1.439464e-07 
 0.848304 -1.309989e-07 
 0.850300 -1.190593e-07 
 0.852296 -1.080617e-07 
 0.854292 -9.794372e-08 
 0.856288 -8.864637e-08 
 0.858284 -8.011375e-08 
 0.860280 -7.229304e-08 
 0.862276 -6.513435e-08 
 0.864272 -5.859058e-08 
 0.866268 -5.261729e-08 
 0.868264 -4.717263e-08 
 0.870260 -4.221723e-08 
 0.872256 -3.771407e-08 
 0.874252 -3.362842e-08 
 0.876248 -2.992773e-08 
 0.878244 -2.658148e-08 
 0.880240 -2.356114e-08 
 0.882236 -2.083999e-08 
 0.884232 -1.839308e-08 
 0.886228 -1.619707e-08 
 0.888224 -1.423020e-08 
 0.890220 -1.247221e-08 
 0.892216 -1.090431e-08 
 0.894212 -9.509036e-09 
 0.896208 -8.270256e-09 
 0.898204 -7.173057e-09 
 0.900200 -6.203684e-09 
 0.902196 -5.349468e-09 
 0.904192 -4.598745e-09 
 0.906188 -3.940799e-09 
 0.908184 -3.365809e-09 
 0.910180 -2.864803e-09 
 0.912176 -2.429614e-09 
 0.914172 -2.052825e-09 
 0.916168 -1.727722e-09 
 0.918164 -1.448244e-09 
 0.920160 -1.208928e-09 
 0.922156 -1.004852e-09 
 0.924152 -8.315771e-10 
 0.926148 -6.851075e-10 
 0.928144 -5.618612e-10 
 0.930140 -4.586456e-10 
 0.932136 -3.726307e-10 
 0.934132 -3.013228e-10 
 0.936128 -2.425363e-10 
 0.938124 -1.943661e-10 
 0.940120 -1.551573e-10 
 0.942116 -1.234737e-10 
 0.944112 -9.806428e-11 
 0.946108 -7.784071e-11 
 0.948104 -6.186498e-11 
 0.950100 -4.933728e-11 
 0.952096 -3.958386e-11 
 0.954092 -3.204442e-11 
 0.956088 -2.625919e-11 
 0.958084 -2.185541e-11 
 0.960080 -1.853286e-11 
 0.962076 -1.604777e-11 
 0.964072 -1.419635e-11 
 0.966068 -1.280468e-11 
 0.968064 -1.172701e-11 
 0.970060 -1.084382e-11 
 0.972056 -1.006033e-11 
 0.974052 -9.304782e-12 
 0.976048 -8.526877e-12 
 0.978044 -7.696177e-12 
 0.980040 -6.800623e-12 
 0.982036 -5.845248e-12 
 0.984032 -4.850855e-12 
 0.986028 -3.851324e-12 
 0.988024 -2.889060e-12 
 0.990020 -2.010146e-12 
 0.992016 -1.259043e-12 
 0.994012 -6.726553e-13 
 0.996008 -2.736894e-13 
 0.998004 -6.072907e-14 