
 1.000000e-06 5.647488e-05 4.953649e+00 2.476853e+00 2.476796e+00
 1.027960e-06 5.778694e-05 4.913430e+00 2.456744e+00 2.456686e+00
 1.056701e-06 5.912920e-05 4.873505e+00 2.436782e+00 2.436723e+00
 1.086246e-06 6.050235e-05 4.833873e+00 2.416967e+00 2.416906e+00
 1.116617e-06 6.190711e-05 4.794532e+00 2.397297e+00 2.397235e+00
 1.147837e-06 6.334417e-05 4.755479e+00 2.377771e+00 2.377708e+00
 1.179930e-06 6.481429e-05 4.716714e+00 2.358390e+00 2.358325e+00
 1.212920e-06 6.631821e-05 4.678234e+00 2.339150e+00 2.339084e+00
 1.246833e-06 6.785670e-05 4.640037e+00 2.320052e+00 2.319985e+00
 1.281694e-06 6.943055e-05 4.602122e+00 2.301095e+00 2.301026e+00
 1.317530e-06 7.104056e-05 4.564485e+00 2.282278e+00 2.282207e+00
 1.354368e-06 7.268756e-05 4.527127e+00 2.263600e+00 2.263527e+00
 1.392235e-06 7.437237e-05 4.490044e+00 2.245059e+00 2.244985e+00
 1.431161e-06 7.609587e-05 4.453235e+00 2.226655e+00 2.226579e+00
 1.471176e-06 7.785893e-05 4.416698e+00 2.208388e+00 2.208310e+00
 1.512310e-06 7.966245e-05 4.380431e+00 2.190255e+00 2.190176e+00
 1.554593e-06 8.150734e-05 4.344433e+00 2.172257e+00 2.172176e+00
 1.598059e-06 8.339455e-05 4.308701e+00 2.154392e+00 2.154309e+00
 1.642740e-06 8.532504e-05 4.273234e+00 2.136660e+00 2.136574e+00
 1.688670e-06 8.729978e-05 4.238030e+00 2.119059e+00 2.118972e+00
 1.735885e-06 8.931977e-05 4.203088e+00 2.101589e+00 2.101499e+00
 1.784420e-06 9.138606e-05 4.168405e+00 2.084248e+00 2.084157e+00
 1.834311e-06 9.349967e-05 4.133980e+00 2.067037e+00 2.066943e+00
 1.885598e-06 9.566169e-05 4.099811e+00 2.049953e+00 2.049858e+00
 1.938319e-06 9.787321e-05 4.065896e+00 2.032997e+00 2.032899e+00
 1.992513e-06 1.001353e-04 4.032234e+00 2.016167e+00 2.016067e+00
 2.048223e-06 1.024493e-04 3.998823e+00 1.999463e+00 1.999360e+00
 2.105491e-06 1.048161e-04 3.965661e+00 1.982883e+00 1.982778e+00
 2.164359e-06 1.072371e-04 3.932747e+00 1.966427e+00 1.966320e+00
 2.224874e-06 1.097134e-04 3.900078e+00 1.950094e+00 1.949984e+00
 2.287080e-06 1.122463e-04 3.867654e+00 1.933883e+00 1.933771e+00
 2.351026e-06 1.148371e-04 3.835473e+00 1.917794e+00 1.917679e+00
 2.416760e-06 1.174872e-04 3.803532e+00 1.901825e+00 1.901707e+00
 2.484332e-06 1.201977e-04 3.771831e+00 1.885976e+00 1.885855e+00
 2.553793e-06 1.229701e-04 3.740367e+00 1.870245e+00 1.870122e+00
 2.625196e-06 1.258059e-04 3.709140e+00 1.854633e+00 1.854507e+00
 2.698595e-06 1.287063e-04 3.678147e+00 1.839138e+00 1.839009e+00
 2.774047e-06 1.316729e-04 3.647387e+00 1.823759e+00 1.823628e+00
 2.851608e-06 1.347072e-04 3.616858e+00 1.808496e+00 1.808362e+00
 2.931338e-06 1.378107e-04 3.586559e+00 1.793349e+00 1.793211e+00
 3.013297e-06 1.409849e-04 3.556489e+00 1.778315e+00 1.778174e+00
 3.097547e-06 1.442315e-04 3.526644e+00 1.763394e+00 1.763250e+00
 3.184154e-06 1.475521e-04 3.497026e+00 1.748587e+00 1.748439e+00
 3.273181e-06 1.509483e-04 3.467630e+00 1.733891e+00 1.733740e+00
 3.364698e-06 1.544218e-04 3.438457e+00 1.719306e+00 1.719151e+00
 3.458774e-06 1.579744e-04 3.409504e+00 1.704831e+00 1.704673e+00
 3.555480e-06 1.616079e-04 3.380770e+00 1.690466e+00 1.690304e+00
 3.654890e-06 1.653240e-04 3.352254e+00 1.676210e+00 1.676044e+00
 3.757079e-06 1.691246e-04 3.323954e+00 1.662062e+00 1.661893e+00
 3.862125e-06 1.730117e-04 3.295869e+00 1.648021e+00 1.647848e+00
 3.970109e-06 1.769872e-04 3.267996e+00 1.634087e+00 1.633910e+00
 4.081111e-06 1.810530e-04 3.240336e+00 1.620258e+00 1.620077e+00
 4.195218e-06 1.852111e-04 3.212885e+00 1.606535e+00 1.606350e+00
 4.312514e-06 1.894638e-04 3.185643e+00 1.592916e+00 1.592727e+00
 4.433090e-06 1.938129e-04 3.158609e+00 1.579401e+00 1.579208e+00
 4.557038e-06 1.982609e-04 3.131781e+00 1.565989e+00 1.565791e+00
 4.684451e-06 2.028097e-04 3.105157e+00 1.552680e+00 1.552477e+00
 4.815426e-06 2.074617e-04 3.078736e+00 1.539472e+00 1.539264e+00
 4.950064e-06 2.122193e-04 3.052517e+00 1.526365e+00 1.526152e+00
 5.088465e-06 2.170847e-04 3.026498e+00 1.513358e+00 1.513141e+00
 5.230737e-06 2.220604e-04 3.000679e+00 1.500450e+00 1.500228e+00
 5.376986e-06 2.271489e-04 2.975056e+00 1.487642e+00 1.487415e+00
 5.527325e-06 2.323526e-04 2.949630e+00 1.474931e+00 1.474699e+00
 5.681866e-06 2.376742e-04 2.924399e+00 1.462319e+00 1.462081e+00
 5.840729e-06 2.431162e-04 2.899362e+00 1.449803e+00 1.449559e+00
 6.004034e-06 2.486814e-04 2.874517e+00 1.437383e+00 1.437134e+00
 6.171904e-06 2.543726e-04 2.849862e+00 1.425058e+00 1.424804e+00
 6.344468e-06 2.601924e-04 2.825397e+00 1.412829e+00 1.412569e+00
 6.521857e-06 2.661438e-04 2.801121e+00 1.400693e+00 1.400427e+00
 6.704205e-06 2.722298e-04 2.777031e+00 1.388652e+00 1.388379e+00
 6.891652e-06 2.784533e-04 2.753127e+00 1.376703e+00 1.376424e+00
 7.084340e-06 2.848174e-04 2.729407e+00 1.364846e+00 1.364561e+00
 7.282415e-06 2.913252e-04 2.705871e+00 1.353081e+00 1.352790e+00
 7.486029e-06 2.979799e-04 2.682516e+00 1.341407e+00 1.341109e+00
 7.695335e-06 3.047848e-04 2.659342e+00 1.329823e+00 1.329518e+00
 7.910494e-06 3.117432e-04 2.636347e+00 1.318329e+00 1.318018e+00
 8.131668e-06 3.188586e-04 2.613530e+00 1.306924e+00 1.306606e+00
 8.359026e-06 3.261344e-04 2.590890e+00 1.295608e+00 1.295282e+00
 8.592741e-06 3.335742e-04 2.568426e+00 1.284380e+00 1.284046e+00
 8.832991e-06 3.411816e-04 2.546135e+00 1.273238e+00 1.272897e+00
 9.079958e-06 3.489604e-04 2.524019e+00 1.262184e+00 1.261835e+00
 9.333830e-06 3.569143e-04 2.502074e+00 1.251215e+00 1.250858e+00
 9.594800e-06 3.650473e-04 2.480299e+00 1.240332e+00 1.239967e+00
 9.863067e-06 3.733633e-04 2.458695e+00 1.229534e+00 1.229161e+00
 1.013883e-05 3.818664e-04 2.437259e+00 1.218820e+00 1.218438e+00
 1.042231e-05 3.905607e-04 2.415990e+00 1.208190e+00 1.207799e+00
 1.071372e-05 3.994504e-04 2.394887e+00 1.197643e+00 1.197244e+00
 1.101327e-05 4.085399e-04 2.373948e+00 1.187178e+00 1.186770e+00
 1.132119e-05 4.178336e-04 2.353174e+00 1.176796e+00 1.176378e+00
 1.163773e-05 4.273360e-04 2.332562e+00 1.166495e+00 1.166067e+00
 1.196312e-05 4.370517e-04 2.312112e+00 1.156274e+00 1.155837e+00
 1.229760e-05 4.469855e-04 2.291822e+00 1.146134e+00 1.145687e+00
 1.264144e-05 4.571421e-04 2.271691e+00 1.136074e+00 1.135617e+00
 1.299489e-05 4.675265e-04 2.251718e+00 1.126093e+00 1.125625e+00
 1.335822e-05 4.781436e-04 2.231902e+00 1.116190e+00 1.115712e+00
 1.373171e-05 4.889988e-04 2.212242e+00 1.106365e+00 1.105876e+00
 1.411564e-05 5.000971e-04 2.192736e+00 1.096618e+00 1.096118e+00
 1.451031e-05 5.114439e-04 2.173385e+00 1.086948e+00 1.086437e+00
 1.491601e-05 5.230448e-04 2.154186e+00 1.077354e+00 1.076831e+00
 1.533306e-05 5.349053e-04 2.135138e+00 1.067836e+00 1.067302e+00
 1.576176e-05 5.470311e-04 2.116241e+00 1.058394e+00 1.057847e+00
 1.620246e-05 5.594280e-04 2.097493e+00 1.049026e+00 1.048467e+00
 1.665547e-05 5.721021e-04 2.078894e+00 1.039733e+00 1.039161e+00
 1.712115e-05 5.850594e-04 2.060441e+00 1.030513e+00 1.029928e+00
 1.759985e-05 5.983062e-04 2.042135e+00 1.021367e+00 1.020769e+00
 1.809194e-05 6.118487e-04 2.023975e+00 1.012293e+00 1.011681e+00
 1.859778e-05 6.256936e-04 2.005958e+00 1.003292e+00 1.002666e+00
 1.911777e-05 6.398473e-04 1.988085e+00 9.943622e-01 9.937224e-01
 1.965229e-05 6.543168e-04 1.970353e+00 9.855038e-01 9.848495e-01
 2.020176e-05 6.691089e-04 1.952763e+00 9.767161e-01 9.760470e-01
 2.076659e-05 6.842307e-04 1.935313e+00 9.679986e-01 9.673144e-01
 2.134722e-05 6.996894e-04 1.918002e+00 9.593509e-01 9.586512e-01
 2.194408e-05 7.154923e-04 1.900829e+00 9.507724e-01 9.500569e-01
 2.255763e-05 7.316471e-04 1.883794e+00 9.422627e-01 9.415310e-01
 2.318833e-05 7.481614e-04 1.866894e+00 9.338212e-01 9.330731e-01
 2.383667e-05 7.650431e-04 1.850130e+00 9.254476e-01 9.246825e-01
 2.450313e-05 7.823001e-04 1.833500e+00 9.171412e-01 9.163589e-01
 2.518823e-05 7.999408e-04 1.817004e+00 9.089017e-01 9.081018e-01
 2.589248e-05 8.179734e-04 1.800639e+00 9.007286e-01 8.999106e-01
 2.661642e-05 8.364065e-04 1.784406e+00 8.926214e-01 8.917850e-01
 2.736061e-05 8.552489e-04 1.768304e+00 8.845796e-01 8.837243e-01
 2.812560e-05 8.745094e-04 1.752331e+00 8.766028e-01 8.757283e-01
 2.891198e-05 8.941972e-04 1.736487e+00 8.686905e-01 8.677963e-01
 2.972035e-05 9.143216e-04 1.720770e+00 8.608423e-01 8.599280e-01
 3.055132e-05 9.348921e-04 1.705180e+00 8.530577e-01 8.521228e-01
 3.140552e-05 9.559184e-04 1.689717e+00 8.453362e-01 8.443803e-01
 3.228361e-05 9.774103e-04 1.674378e+00 8.376775e-01 8.367001e-01
 3.318624e-05 9.993780e-04 1.659163e+00 8.300811e-01 8.290817e-01
 3.411412e-05 1.021832e-03 1.644071e+00 8.225465e-01 8.215247e-01
 3.506793e-05 1.044782e-03 1.629102e+00 8.150733e-01 8.140285e-01
 3.604842e-05 1.068241e-03 1.614254e+00 8.076611e-01 8.065928e-01
 3.705632e-05 1.092217e-03 1.599527e+00 8.003094e-01 7.992172e-01
 3.809240e-05 1.116723e-03 1.584919e+00 7.930178e-01 7.919011e-01
 3.915745e-05 1.141771e-03 1.570430e+00 7.857859e-01 7.846442e-01
 4.025227e-05 1.167371e-03 1.556059e+00 7.786133e-01 7.774460e-01
 4.137771e-05 1.193536e-03 1.541806e+00 7.714996e-01 7.703060e-01
 4.253462e-05 1.220278e-03 1.527668e+00 7.644442e-01 7.632240e-01
 4.372387e-05 1.247610e-03 1.513646e+00 7.574469e-01 7.561993e-01
 4.494637e-05 1.275544e-03 1.499739e+00 7.505073e-01 7.492317e-01
 4.620305e-05 1.304093e-03 1.485945e+00 7.436248e-01 7.423207e-01
 4.749487e-05 1.333270e-03 1.472265e+00 7.367991e-01 7.354658e-01
 4.882281e-05 1.363090e-03 1.458697e+00 7.300298e-01 7.286667e-01
 5.018787e-05 1.393566e-03 1.445240e+00 7.233166e-01 7.219230e-01
 5.159111e-05 1.424711e-03 1.431893e+00 7.166589e-01 7.152342e-01
 5.303357e-05 1.456542e-03 1.418656e+00 7.100565e-01 7.086000e-01
 5.451637e-05 1.489071e-03 1.405529e+00 7.035089e-01 7.020198e-01
 5.604063e-05 1.522314e-03 1.392509e+00 6.970158e-01 6.954934e-01
 5.760750e-05 1.556287e-03 1.379597e+00 6.905767e-01 6.890204e-01
 5.921818e-05 1.591006e-03 1.366792e+00 6.841913e-01 6.826003e-01
 6.087390e-05 1.626485e-03 1.354092e+00 6.778592e-01 6.762327e-01
 6.257591e-05 1.662742e-03 1.341497e+00 6.715800e-01 6.699173e-01
 6.432551e-05 1.699793e-03 1.329007e+00 6.653534e-01 6.636536e-01
 6.612403e-05 1.737656e-03 1.316620e+00 6.591790e-01 6.574414e-01
 6.797283e-05 1.776347e-03 1.304337e+00 6.530565e-01 6.512801e-01
 6.987332e-05 1.815884e-03 1.292155e+00 6.469854e-01 6.451695e-01
 7.182695e-05 1.856286e-03 1.280074e+00 6.409653e-01 6.391091e-01
 7.383520e-05 1.897570e-03 1.268095e+00 6.349961e-01 6.330985e-01
 7.589961e-05 1.939756e-03 1.256215e+00 6.290772e-01 6.271375e-01
 7.802173e-05 1.982863e-03 1.244434e+00 6.232084e-01 6.212255e-01
 8.020319e-05 2.026911e-03 1.232752e+00 6.173892e-01 6.153623e-01
 8.244563e-05 2.071919e-03 1.221167e+00 6.116195e-01 6.095475e-01
 8.475078e-05 2.117908e-03 1.209679e+00 6.058987e-01 6.037808e-01
 8.712038e-05 2.164899e-03 1.198288e+00 6.002265e-01 5.980616e-01
 8.955623e-05 2.212913e-03 1.186993e+00 5.946027e-01 5.923898e-01
 9.206019e-05 2.261973e-03 1.175792e+00 5.890269e-01 5.867649e-01
 9.463415e-05 2.312099e-03 1.164685e+00 5.834987e-01 5.811866e-01
 9.728009e-05 2.363315e-03 1.153672e+00 5.780179e-01 5.756545e-01
 1.000000e-04 2.415645e-03 1.142752e+00 5.725840e-01 5.701684e-01
 1.027960e-04 2.469110e-03 1.131925e+00 5.671968e-01 5.647277e-01
 1.056701e-04 2.523736e-03 1.121188e+00 5.618560e-01 5.593322e-01
 1.086246e-04 2.579548e-03 1.110543e+00 5.565612e-01 5.539816e-01
 1.116617e-04 2.636569e-03 1.099988e+00 5.513121e-01 5.486755e-01
 1.147837e-04 2.694826e-03 1.089522e+00 5.461084e-01 5.434136e-01
 1.179930e-04 2.754345e-03 1.079145e+00 5.409498e-01 5.381955e-01
 1.212920e-04 2.815153e-03 1.068857e+00 5.358360e-01 5.330208e-01
 1.246833e-04 2.877276e-03 1.058656e+00 5.307666e-01 5.278894e-01
 1.281694e-04 2.940742e-03 1.048542e+00 5.257415e-01 5.228007e-01
 1.317530e-04 3.005580e-03 1.038515e+00 5.207602e-01 5.177546e-01
 1.354368e-04 3.071818e-03 1.028573e+00 5.158224e-01 5.127506e-01
 1.392235e-04 3.139486e-03 1.018716e+00 5.109280e-01 5.077885e-01
 1.431161e-04 3.208614e-03 1.008944e+00 5.060765e-01 5.028679e-01
 1.471176e-04 3.279233e-03 9.992563e-01 5.012678e-01 4.979885e-01
 1.512310e-04 3.351373e-03 9.896514e-01 4.965014e-01 4.931500e-01
 1.554593e-04 3.425067e-03 9.801293e-01 4.917772e-01 4.883521e-01
 1.598059e-04 3.500348e-03 9.706892e-01 4.870948e-01 4.835944e-01
 1.642740e-04 3.577247e-03 9.613307e-01 4.824540e-01 4.788767e-01
 1.688670e-04 3.655800e-03 9.520531e-01 4.778544e-01 4.741986e-01
 1.735885e-04 3.736040e-03 9.428558e-01 4.732959e-01 4.695599e-01
 1.784420e-04 3.818003e-03 9.337383e-01 4.687781e-01 4.649601e-01
 1.834311e-04 3.901725e-03 9.247000e-01 4.643008e-01 4.603991e-01
 1.885598e-04 3.987243e-03 9.157403e-01 4.598638e-01 4.558765e-01
 1.938319e-04 4.074593e-03 9.068586e-01 4.554666e-01 4.513920e-01
 1.992513e-04 4.163814e-03 8.980545e-01 4.511092e-01 4.469453e-01
 2.048223e-04 4.254945e-03 8.893273e-01 4.467911e-01 4.425362e-01
 2.105491e-04 4.348025e-03 8.806765e-01 4.425123e-01 4.381643e-01
 2.164359e-04 4.443094e-03 8.721016e-01 4.382724e-01 4.338293e-01
 2.224874e-04 4.540195e-03 8.636020e-01 4.340711e-01 4.295309e-01
 2.287080e-04 4.639369e-03 8.551772e-01 4.299083e-01 4.252689e-01
 2.351026e-04 4.740659e-03 8.468266e-01 4.257836e-01 4.210430e-01
 2.416760e-04 4.844108e-03 8.385497e-01 4.216969e-01 4.168528e-01
 2.484332e-04 4.949761e-03 8.303460e-01 4.176479e-01 4.126981e-01
 2.553793e-04 5.057664e-03 8.222150e-01 4.136363e-01 4.085787e-01
 2.625196e-04 5.167863e-03 8.141562e-01 4.096620e-01 4.044942e-01
 2.698595e-04 5.280405e-03 8.061690e-01 4.057247e-01 4.004443e-01
 2.774047e-04 5.395338e-03 7.982530e-01 4.018242e-01 3.964288e-01
 2.851608e-04 5.512711e-03 7.904076e-01 3.979602e-01 3.924475e-01
 2.931338e-04 5.632575e-03 7.826324e-01 3.941325e-01 3.884999e-01
 3.013297e-04 5.754980e-03 7.749269e-01 3.903409e-01 3.845860e-01
 3.097547e-04 5.879979e-03 7.672905e-01 3.865853e-01 3.807053e-01
 3.184154e-04 6.007624e-03 7.597229e-01 3.828653e-01 3.768576e-01
 3.273181e-04 6.137969e-03 7.522234e-01 3.791807e-01 3.730427e-01
 3.364698e-04 6.271070e-03 7.447918e-01 3.755314e-01 3.692603e-01
 3.458774e-04 6.406983e-03 7.374274e-01 3.719172e-01 3.655102e-01
 3.555480e-04 6.545764e-03 7.301298e-01 3.683378e-01 3.617920e-01
 3.654890e-04 6.687473e-03 7.228986e-01 3.647930e-01 3.581055e-01
 3.757079e-04 6.832168e-03 7.157332e-01 3.612827e-01 3.544505e-01
 3.862125e-04 6.979911e-03 7.086334e-01 3.578066e-01 3.508267e-01
 3.970109e-04 7.130762e-03 7.015985e-01 3.543646e-01 3.472339e-01
 4.081111e-04 7.284786e-03 6.946282e-01 3.509565e-01 3.436717e-01
 4.195218e-04 7.442045e-03 6.877221e-01 3.475821e-01 3.401400e-01
 4.312514e-04 7.602606e-03 6.808796e-01 3.442411e-01 3.366385e-01
 4.433090e-04 7.766535e-03 6.741004e-01 3.409335e-01 3.331669e-01
 4.557038e-04 7.933899e-03 6.673841e-01 3.376590e-01 3.297251e-01
 4.684451e-04 8.104768e-03 6.607302e-01 3.344175e-01 3.263127e-01
 4.815426e-04 8.279212e-03 6.541383e-01 3.312088e-01 3.229295e-01
 4.950064e-04 8.457303e-03 6.476080e-01 3.280327e-01 3.195754e-01
 5.088465e-04 8.639113e-03 6.411389e-01 3.248890e-01 3.162499e-01
 5.230737e-04 8.824718e-03 6.347306e-01 3.217777e-01 3.129530e-01
 5.376986e-04 9.014193e-03 6.283828e-01 3.186985e-01 3.096843e-01
 5.527325e-04 9.207615e-03 6.220949e-01 3.156513e-01 3.064436e-01
 5.681866e-04 9.405063e-03 6.158666e-01 3.126359e-01 3.032308e-01
 5.840729e-04 9.606616e-03 6.096977e-01 3.096521e-01 3.000455e-01
 6.004034e-04 9.812357e-03 6.035875e-01 3.066999e-01 2.968876e-01
 6.171904e-04 1.002237e-02 5.975359e-01 3.037791e-01 2.937568e-01
 6.344468e-04 1.023674e-02 5.915424e-01 3.008896e-01 2.906528e-01
 6.521857e-04 1.045554e-02 5.856066e-01 2.980311e-01 2.875755e-01
 6.704205e-04 1.067888e-02 5.797283e-01 2.952036e-01 2.845247e-01
 6.891652e-04 1.090683e-02 5.739070e-01 2.924069e-01 2.815001e-01
 7.084340e-04 1.113950e-02 5.681424e-01 2.896409e-01 2.785014e-01
 7.282415e-04 1.137696e-02 5.624341e-01 2.869055e-01 2.755286e-01
 7.486029e-04 1.161932e-02 5.567819e-01 2.842006e-01 2.725813e-01
 7.695335e-04 1.186667e-02 5.511853e-01 2.815260e-01 2.696593e-01
 7.910494e-04 1.211911e-02 5.456441e-01 2.788816e-01 2.667625e-01
 8.131668e-04 1.237674e-02 5.401579e-01 2.762673e-01 2.638906e-01
 8.359026e-04 1.263966e-02 5.347264e-01 2.736830e-01 2.610434e-01
 8.592741e-04 1.290797e-02 5.293493e-01 2.711286e-01 2.582207e-01
 8.832991e-04 1.318177e-02 5.240262e-01 2.686040e-01 2.554222e-01
 9.079958e-04 1.346118e-02 5.187570e-01 2.661091e-01 2.526479e-01
 9.333830e-04 1.374630e-02 5.135411e-01 2.636437e-01 2.498974e-01
 9.594800e-04 1.403724e-02 5.083785e-01 2.612078e-01 2.471706e-01
 9.863067e-04 1.433412e-02 5.032686e-01 2.588014e-01 2.444673e-01
 1.013883e-03 1.463704e-02 4.982114e-01 2.564242e-01 2.417872e-01
 1.042231e-03 1.494613e-02 4.932065e-01 2.540763e-01 2.391302e-01
 1.071372e-03 1.526150e-02 4.882536e-01 2.517575e-01 2.364960e-01
 1.101327e-03 1.558327e-02 4.833524e-01 2.494678e-01 2.338846e-01
 1.132119e-03 1.591156e-02 4.785027e-01 2.472072e-01 2.312956e-01
 1.163773e-03 1.624651e-02 4.737043e-01 2.449754e-01 2.287289e-01
 1.196312e-03 1.658822e-02 4.689567e-01 2.427725e-01 2.261843e-01
 1.229760e-03 1.693684e-02 4.642599e-01 2.405984e-01 2.236615e-01
 1.264144e-03 1.729249e-02 4.596136e-01 2.384530e-01 2.211605e-01
 1.299489e-03 1.765531e-02 4.550174e-01 2.363364e-01 2.186810e-01
 1.335822e-03 1.802542e-02 4.504712e-01 2.342483e-01 2.162229e-01
 1.373171e-03 1.840298e-02 4.459748e-01 2.321889e-01 2.137859e-01
 1.411564e-03 1.878810e-02 4.415278e-01 2.301580e-01 2.113699e-01
 1.451031e-03 1.918095e-02 4.371302e-01 2.281556e-01 2.089746e-01
 1.491601e-03 1.958165e-02 4.327816e-01 2.261816e-01 2.066000e-01
 1.533306e-03 1.999037e-02 4.284818e-01 2.242361e-01 2.042457e-01
 1.576176e-03 2.040723e-02 4.242308e-01 2.223190e-01 2.019118e-01
 1.620246e-03 2.083241e-02 4.200281e-01 2.204303e-01 1.995979e-01
 1.665547e-03 2.126603e-02 4.158737e-01 2.185699e-01 1.973038e-01
 1.712115e-03 2.170828e-02 4.117674e-01 2.167378e-01 1.950296e-01
 1.759985e-03 2.215929e-02 4.077089e-01 2.149341e-01 1.927748e-01
 1.809194e-03 2.261924e-02 4.036981e-01 2.131587e-01 1.905394e-01
 1.859778e-03 2.308827e-02 3.997348e-01 2.114116e-01 1.883233e-01
 1.911777e-03 2.356657e-02 3.958189e-01 2.096927e-01 1.861262e-01
 1.965229e-03 2.405429e-02 3.919501e-01 2.080022e-01 1.839479e-01
 2.020176e-03 2.455160e-02 3.881284e-01 2.063400e-01 1.817884e-01
 2.076659e-03 2.505868e-02 3.843535e-01 2.047061e-01 1.796474e-01
 2.134722e-03 2.557571e-02 3.806253e-01 2.031005e-01 1.775248e-01
 2.194408e-03 2.610285e-02 3.769437e-01 2.015233e-01 1.754204e-01
 2.255763e-03 2.664029e-02 3.733085e-01 1.999744e-01 1.733341e-01
 2.318833e-03 2.718821e-02 3.697196e-01 1.984539e-01 1.712657e-01
 2.383667e-03 2.774679e-02 3.661768e-01 1.969618e-01 1.692150e-01
 2.450313e-03 2.831623e-02 3.626801e-01 1.954982e-01 1.671819e-01
 2.518823e-03 2.889671e-02 3.592293e-01 1.940630e-01 1.651663e-01
 2.589248e-03 2.948842e-02 3.558244e-01 1.926564e-01 1.631680e-01
 2.661642e-03 3.009157e-02 3.524651e-01 1.912783e-01 1.611868e-01
 2.736061e-03 3.070633e-02 3.491514e-01 1.899289e-01 1.592225e-01
 2.812560e-03 3.133293e-02 3.458833e-01 1.886081e-01 1.572752e-01
 2.891198e-03 3.197155e-02 3.426605e-01 1.873160e-01 1.553445e-01
 2.972035e-03 3.262240e-02 3.394831e-01 1.860528e-01 1.534304e-01
 3.055132e-03 3.328569e-02 3.363509e-01 1.848183e-01 1.515326e-01
 3.140552e-03 3.396163e-02 3.332640e-01 1.836128e-01 1.496512e-01
 3.228361e-03 3.465043e-02 3.302221e-01 1.824363e-01 1.477858e-01
 3.318624e-03 3.535231e-02 3.272252e-01 1.812888e-01 1.459365e-01
 3.411412e-03 3.606747e-02 3.242734e-01 1.801704e-01 1.441030e-01
 3.506793e-03 3.679615e-02 3.213665e-01 1.790813e-01 1.422852e-01
 3.604842e-03 3.753856e-02 3.185045e-01 1.780215e-01 1.404829e-01
 3.705632e-03 3.829493e-02 3.156873e-01 1.769911e-01 1.386962e-01
 3.809240e-03 3.906548e-02 3.129149e-01 1.759902e-01 1.369247e-01
 3.915745e-03 3.985043e-02 3.101873e-01 1.750189e-01 1.351684e-01
 4.025227e-03 4.065003e-02 3.075045e-01 1.740772e-01 1.334272e-01
 4.137771e-03 4.146450e-02 3.048663e-01 1.731654e-01 1.317009e-01
 4.253462e-03 4.229408e-02 3.022729e-01 1.722835e-01 1.299894e-01
 4.372387e-03 4.313900e-02 2.997242e-01 1.714316e-01 1.282926e-01
 4.494637e-03 4.399950e-02 2.972202e-01 1.706099e-01 1.266103e-01
 4.620305e-03 4.487583e-02 2.947609e-01 1.698184e-01 1.249425e-01
 4.749487e-03 4.576821e-02 2.923462e-01 1.690572e-01 1.232890e-01
 4.882281e-03 4.667691e-02 2.899763e-01 1.683266e-01 1.216497e-01
 5.018787e-03 4.760215e-02 2.876511e-01 1.676266e-01 1.200245e-01
 5.159111e-03 4.854420e-02 2.853706e-01 1.669574e-01 1.184132e-01
 5.303357e-03 4.950329e-02 2.831349e-01 1.663191e-01 1.168158e-01
 5.451637e-03 5.047967e-02 2.809440e-01 1.657118e-01 1.152322e-01
 5.604063e-03 5.147360e-02 2.787978e-01 1.651357e-01 1.136621e-01
 5.760750e-03 5.248533e-02 2.766966e-01 1.645909e-01 1.121056e-01
 5.921818e-03 5.351510e-02 2.746402e-01 1.640776e-01 1.105625e-01
 6.087390e-03 5.456318e-02 2.726287e-01 1.635959e-01 1.090328e-01
 6.257591e-03 5.562981e-02 2.706622e-01 1.631460e-01 1.075162e-01
 6.432551e-03 5.671525e-02 2.687407e-01 1.627280e-01 1.060127e-01
 6.612403e-03 5.781976e-02 2.668643e-01 1.623420e-01 1.045223e-01
 6.797283e-03 5.894358e-02 2.650330e-01 1.619883e-01 1.030447e-01
 6.987332e-03 6.008696e-02 2.632470e-01 1.616670e-01 1.015800e-01
 7.182695e-03 6.125018e-02 2.615061e-01 1.613782e-01 1.001280e-01
 7.383520e-03 6.243346e-02 2.598106e-01 1.611220e-01 9.868858e-02
 7.589961e-03 6.363708e-02 2.581605e-01 1.608988e-01 9.726171e-02
 7.802173e-03 6.486127e-02 2.565558e-01 1.607086e-01 9.584728e-02
 8.020319e-03 6.610629e-02 2.549967e-01 1.605515e-01 9.444520e-02
 8.244563e-03 6.737239e-02 2.534831e-01 1.604278e-01 9.305537e-02
 8.475078e-03 6.865981e-02 2.520153e-01 1.603375e-01 9.167772e-02
 8.712038e-03 6.996879e-02 2.505931e-01 1.602810e-01 9.031217e-02
 8.955623e-03 7.129958e-02 2.492168e-01 1.602582e-01 8.895862e-02
 9.206019e-03 7.265241e-02 2.478864e-01 1.602694e-01 8.761699e-02
 9.463415e-03 7.402752e-02 2.466020e-01 1.603147e-01 8.628722e-02
 9.728009e-03 7.542514e-02 2.453636e-01 1.603944e-01 8.496921e-02
 1.000000e-02 7.684550e-02 2.441713e-01 1.605084e-01 8.366290e-02
 1.027960e-02 7.828882e-02 2.430252e-01 1.606570e-01 8.236820e-02
 1.056701e-02 7.975531e-02 2.419254e-01 1.608404e-01 8.108506e-02
 1.086246e-02 8.124520e-02 2.408720e-01 1.610586e-01 7.981338e-02
 1.116617e-02 8.275868e-02 2.398649e-01 1.613118e-01 7.855312e-02
 1.147837e-02 8.429596e-02 2.389043e-01 1.616001e-01 7.730419e-02
 1.179930e-02 8.585723e-02 2.379903e-01 1.619238e-01 7.606653e-02
 1.212920e-02 8.744269e-02 2.371228e-01 1.622828e-01 7.484008e-02
 1.246833e-02 8.905249e-02 2.363020e-01 1.626773e-01 7.362477e-02
 1.281694e-02 9.068683e-02 2.355279e-01 1.631074e-01 7.242054e-02
 1.317530e-02 9.234585e-02 2.348005e-01 1.635732e-01 7.122734e-02
 1.354368e-02 9.402970e-02 2.341199e-01 1.640748e-01 7.004510e-02
 1.392235e-02 9.573854e-02 2.334861e-01 1.646123e-01 6.887376e-02
 1.431161e-02 9.747248e-02 2.328991e-01 1.651858e-01 6.771328e-02
 1.471176e-02 9.923165e-02 2.323589e-01 1.657953e-01 6.656360e-02
 1.512310e-02 1.010161e-01 2.318655e-01 1.664408e-01 6.542467e-02
 1.554593e-02 1.028261e-01 2.314189e-01 1.671225e-01 6.429643e-02
 1.598059e-02 1.046615e-01 2.310192e-01 1.678403e-01 6.317885e-02
 1.642740e-02 1.065224e-01 2.306662e-01 1.685943e-01 6.207186e-02
 1.688670e-02 1.084090e-01 2.303599e-01 1.693845e-01 6.097543e-02
 1.735885e-02 1.103212e-01 2.301002e-01 1.702107e-01 5.988951e-02
 1.784420e-02 1.122591e-01 2.298872e-01 1.710731e-01 5.881407e-02
 1.834311e-02 1.142225e-01 2.297206e-01 1.719716e-01 5.774905e-02
 1.885598e-02 1.162116e-01 2.296005e-01 1.729060e-01 5.669442e-02
 1.938319e-02 1.182262e-01 2.295265e-01 1.738764e-01 5.565014e-02
 1.992513e-02 1.202663e-01 2.294987e-01 1.748825e-01 5.461619e-02
 2.048223e-02 1.223318e-01 2.295168e-01 1.759243e-01 5.359251e-02
 2.105491e-02 1.244225e-01 2.295807e-01 1.770016e-01 5.257908e-02
 2.164359e-02 1.265384e-01 2.296901e-01 1.781142e-01 5.157586e-02
 2.224874e-02 1.286791e-01 2.298448e-01 1.792620e-01 5.058283e-02
 2.287080e-02 1.308446e-01 2.300445e-01 1.804446e-01 4.959996e-02
 2.351026e-02 1.330346e-01 2.302890e-01 1.816618e-01 4.862722e-02
 2.416760e-02 1.352488e-01 2.305779e-01 1.829133e-01 4.766458e-02
 2.484332e-02 1.374869e-01 2.309109e-01 1.841989e-01 4.671202e-02
 2.553793e-02 1.397485e-01 2.312875e-01 1.855180e-01 4.576951e-02
 2.625196e-02 1.420334e-01 2.317075e-01 1.868704e-01 4.483704e-02
 2.698595e-02 1.443410e-01 2.321702e-01 1.882556e-01 4.391457e-02
 2.774047e-02 1.466710e-01 2.326752e-01 1.896731e-01 4.300210e-02
 2.851608e-02 1.490228e-01 2.332220e-01 1.911224e-01 4.209960e-02
 2.931338e-02 1.513960e-01 2.338101e-01 1.926030e-01 4.120705e-02
 3.013297e-02 1.537898e-01 2.344387e-01 1.941142e-01 4.032445e-02
 3.097547e-02 1.562036e-01 2.351072e-01 1.956554e-01 3.945177e-02
 3.184154e-02 1.586369e-01 2.358149e-01 1.972259e-01 3.858900e-02
 3.273181e-02 1.610888e-01 2.365610e-01 1.988249e-01 3.773612e-02
 3.364698e-02 1.635585e-01 2.373448e-01 2.004517e-01 3.689314e-02
 3.458774e-02 1.660453e-01 2.381653e-01 2.021053e-01 3.606003e-02
 3.555480e-02 1.685481e-01 2.390216e-01 2.037848e-01 3.523678e-02
 3.654890e-02 1.710660e-01 2.399128e-01 2.054894e-01 3.442339e-02
 3.757079e-02 1.735980e-01 2.408377e-01 2.072178e-01 3.361985e-02
 3.862125e-02 1.761429e-01 2.417952e-01 2.089691e-01 3.282616e-02
 3.970109e-02 1.786996e-01 2.427842e-01 2.107419e-01 3.204230e-02
 4.081111e-02 1.812669e-01 2.438034e-01 2.125352e-01 3.126826e-02
 4.195218e-02 1.838434e-01 2.448515e-01 2.143474e-01 3.050406e-02
 4.312514e-02 1.864277e-01 2.459270e-01 2.161774e-01 2.974968e-02
 4.433090e-02 1.890183e-01 2.470285e-01 2.180234e-01 2.900511e-02
 4.557038e-02 1.916137e-01 2.481544e-01 2.198841e-01 2.827036e-02
 4.684451e-02 1.942122e-01 2.493030e-01 2.217576e-01 2.754542e-02
 4.815426e-02 1.968121e-01 2.504727e-01 2.236424e-01 2.683030e-02
 4.950064e-02 1.994115e-01 2.516615e-01 2.255365e-01 2.612499e-02
 5.088465e-02 2.020085e-01 2.528675e-01 2.274380e-01 2.542949e-02
 5.230737e-02 2.046011e-01 2.540886e-01 2.293449e-01 2.474379e-02
 5.376986e-02 2.071871e-01 2.553229e-01 2.312550e-01 2.406791e-02
 5.527325e-02 2.097643e-01 2.565680e-01 2.331661e-01 2.340184e-02
 5.681866e-02 2.123304e-01 2.578215e-01 2.350760e-01 2.274557e-02
 5.840729e-02 2.148829e-01 2.590811e-01 2.369820e-01 2.209912e-02
 6.004034e-02 2.174192e-01 2.603441e-01 2.388817e-01 2.146248e-02
 6.171904e-02 2.199366e-01 2.616079e-01 2.407723e-01 2.083566e-02
 6.344468e-02 2.224324e-01 2.628697e-01 2.426510e-01 2.021865e-02
 6.521857e-02 2.249036e-01 2.641265e-01 2.445150e-01 1.961145e-02
 6.704205e-02 2.273471e-01 2.653752e-01 2.463611e-01 1.901406e-02
 6.891652e-02 2.297597e-01 2.666127e-01 2.481862e-01 1.842650e-02
 7.084340e-02 2.321382e-01 2.678357e-01 2.499870e-01 1.784874e-02
 7.282415e-02 2.344791e-01 2.690407e-01 2.517599e-01 1.728080e-02
 7.486029e-02 2.367787e-01 2.702241e-01 2.535014e-01 1.672268e-02
 7.695335e-02 2.390334e-01 2.713821e-01 2.552078e-01 1.617437e-02
 7.910494e-02 2.412392e-01 2.725110e-01 2.568751e-01 1.563587e-02
 8.131668e-02 2.433922e-01 2.736066e-01 2.584994e-01 1.510719e-02
 8.359026e-02 2.454882e-01 2.746648e-01 2.600765e-01 1.458831e-02
 8.592741e-02 2.475228e-01 2.756813e-01 2.616021e-01 1.407923e-02
 8.832991e-02 2.494917e-01 2.766516e-01 2.630717e-01 1.357996e-02
 9.079958e-02 2.513902e-01 2.775712e-01 2.644807e-01 1.309048e-02
 9.333830e-02 2.532136e-01 2.784351e-01 2.658243e-01 1.261079e-02
 9.594800e-02 2.549569e-01 2.792386e-01 2.670978e-01 1.214088e-02
 9.863067e-02 2.566151e-01 2.799766e-01 2.682959e-01 1.168074e-02
 1.013883e-01 2.581831e-01 2.806438e-01 2.694134e-01 1.123037e-02
 1.042231e-01 2.596554e-01 2.812349e-01 2.704452e-01 1.078976e-02
 1.071372e-01 2.610267e-01 2.817445e-01 2.713856e-01 1.035889e-02
 1.101327e-01 2.622913e-01 2.821668e-01 2.722290e-01 9.937744e-03
 1.132119e-01 2.634434e-01 2.824960e-01 2.729697e-01 9.526315e-03
 1.163773e-01 2.644772e-01 2.827264e-01 2.736018e-01 9.124586e-03
 1.196312e-01 2.653868e-01 2.828518e-01 2.741193e-01 8.732537e-03
 1.229760e-01 2.661659e-01 2.828662e-01 2.745161e-01 8.350148e-03
 1.264144e-01 2.668084e-01 2.827632e-01 2.747858e-01 7.977398e-03
 1.299489e-01 2.673081e-01 2.825366e-01 2.749223e-01 7.614264e-03
 1.335822e-01 2.676585e-01 2.821799e-01 2.749192e-01 7.260719e-03
 1.373171e-01 2.678531e-01 2.816866e-01 2.747698e-01 6.916734e-03
 1.411564e-01 2.678855e-01 2.810501e-01 2.744678e-01 6.582280e-03
 1.451031e-01 2.677492e-01 2.802639e-01 2.740065e-01 6.257324e-03
 1.491601e-01 2.674376e-01 2.793213e-01 2.733794e-01 5.941828e-03
 1.533306e-01 2.669442e-01 2.782157e-01 2.725799e-01 5.635755e-03
 1.576176e-01 2.662624e-01 2.769405e-01 2.716015e-01 5.339063e-03
 1.620246e-01 2.653858e-01 2.754893e-01 2.704375e-01 5.051707e-03
 1.665547e-01 2.643081e-01 2.738554e-01 2.690818e-01 4.773639e-03
 1.712115e-01 2.630230e-01 2.720326e-01 2.675278e-01 4.504807e-03
 1.759985e-01 2.615244e-01 2.700147e-01 2.657695e-01 4.245155e-03
 1.809194e-01 2.598064e-01 2.677957e-01 2.638010e-01 3.994624e-03
 1.859778e-01 2.578634e-01 2.653697e-01 2.616165e-01 3.753150e-03
 1.911777e-01 2.556899e-01 2.627313e-01 2.592106e-01 3.520665e-03
 1.965229e-01 2.532810e-01 2.598752e-01 2.565781e-01 3.297096e-03
 2.020176e-01 2.506320e-01 2.567967e-01 2.537143e-01 3.082366e-03
 2.076659e-01 2.477386e-01 2.534913e-01 2.506150e-01 2.876392e-03
 2.134722e-01 2.445971e-01 2.499553e-01 2.472762e-01 2.679085e-03
 2.194408e-01 2.412045e-01 2.461852e-01 2.436948e-01 2.490352e-03
 2.255763e-01 2.375582e-01 2.421783e-01 2.398682e-01 2.310092e-03
 2.318833e-01 2.336564e-01 2.379328e-01 2.357946e-01 2.138199e-03
 2.383667e-01 2.294982e-01 2.334473e-01 2.314728e-01 1.974560e-03
 2.450313e-01 2.250835e-01 2.287216e-01 2.269026e-01 1.819055e-03
 2.518823e-01 2.204132e-01 2.237563e-01 2.220848e-01 1.671557e-03
 2.589248e-01 2.154893e-01 2.185532e-01 2.170212e-01 1.531931e-03
 2.661642e-01 2.103148e-01 2.131149e-01 2.117149e-01 1.400035e-03
 2.736061e-01 2.048943e-01 2.074457e-01 2.061700e-01 1.275718e-03
 2.812560e-01 1.992333e-01 2.015509e-01 2.003921e-01 1.158822e-03
 2.891198e-01 1.933391e-01 1.954374e-01 1.943883e-01 1.049179e-03
 2.972035e-01 1.872204e-01 1.891136e-01 1.881670e-01 9.466120e-04
 3.055132e-01 1.808877e-01 1.825895e-01 1.817386e-01 8.509369e-04
 3.140552e-01 1.743529e-01 1.758768e-01 1.751149e-01 7.619591e-04
 3.228361e-01 1.676301e-01 1.689891e-01 1.683096e-01 6.794756e-04
 3.318624e-01 1.607350e-01 1.619416e-01 1.613383e-01 6.032738e-04
 3.411412e-01 1.536854e-01 1.547517e-01 1.542186e-01 5.331327e-04
 3.506793e-01 1.465010e-01 1.474387e-01 1.469698e-01 4.688222e-04
 3.604842e-01 1.392035e-01 1.400237e-01 1.396136e-01 4.101037e-04
 3.705632e-01 1.318167e-01 1.325301e-01 1.321734e-01 3.567308e-04
 3.809240e-01 1.243661e-01 1.249830e-01 1.246745e-01 3.084494e-04
 3.915745e-01 1.168793e-01 1.174093e-01 1.171443e-01 2.649984e-04
 4.025227e-01 1.093856e-01 1.098378e-01 1.096117e-01 2.261109e-04
 4.137771e-01 1.019160e-01 1.022990e-01 1.021075e-01 1.915148e-04
 4.253462e-01 9.450271e-02 9.482458e-02 9.466365e-02 1.609339e-04
 4.372387e-01 8.717935e-02 8.744753e-02 8.731344e-02 1.340896e-04
 4.494637e-01 7.998020e-02 8.020161e-02 8.009091e-02 1.107018e-04
 4.620305e-01 7.294007e-02 7.312105e-02 7.303056e-02 9.049077e-05
 4.749487e-01 6.609377e-02 6.624013e-02 6.616695e-02 7.317881e-05
 4.882281e-01 5.947569e-02 5.959267e-02 5.953418e-02 5.849213e-05
 5.018787e-01 5.311917e-02 5.321150e-02 5.316533e-02 4.616269e-05
 5.159111e-01 4.705598e-02 4.712784e-02 4.709191e-02 3.593022e-05
 5.303357e-01 4.131562e-02 4.137071e-02 4.134317e-02 2.754421e-05
 5.451637e-01 3.592474e-02 3.596627e-02 3.594551e-02 2.076583e-05
 5.604063e-01 3.090641e-02 3.093715e-02 3.092178e-02 1.536982e-05
 5.760750e-01 2.627949e-02 2.630178e-02 2.629063e-02 1.114619e-05
 5.921818e-01 2.205804e-02 2.207385e-02 2.206595e-02 7.901696e-06
 6.087390e-01 1.825079e-02 1.826171e-02 1.825625e-02 5.461061e-06
 6.257591e-01 1.486066e-02 1.486800e-02 1.486433e-02 3.667831e-06
 6.432551e-01 1.188449e-02 1.188926e-02 1.188688e-02 2.384840e-06
 6.612403e-01 9.312882e-03 9.315871e-03 9.314377e-03 1.494243e-06
 6.797283e-01 7.130257e-03 7.132051e-03 7.131154e-03 8.970862e-07
 6.987332e-01 5.315105e-03 5.316129e-03 5.315617e-03 5.124237e-07
 7.182695e-01 3.840472e-03 3.841024e-03 3.840748e-03 2.759961e-07
 7.383520e-01 2.674676e-03 2.674954e-03 2.674815e-03 1.385398e-07
 7.589961e-01 1.782242e-03 1.782370e-03 1.782306e-03 6.380292e-08
 7.802173e-01 1.125038e-03 1.125091e-03 1.125064e-03 2.637938e-08
 8.020319e-01 6.636043e-04 6.636233e-04 6.636138e-04 9.487552e-09
 8.244563e-01 3.585878e-04 3.585935e-04 3.585906e-04 2.827503e-09
 8.475078e-01 1.722686e-04 1.722699e-04 1.722693e-04 6.435517e-10
 8.712038e-01 7.009539e-05 7.009558e-05 7.009549e-05 9.567649e-11
 8.955623e-01 2.217188e-05 2.217189e-05 2.217189e-05 6.337305e-12
 9.206019e-01 4.581464e-06 4.581464e-06 4.581464e-06 2.763512e-14
 9.463415e-01 3.947276e-07 3.947276e-07 3.947276e-07 -8.470329e-22
 9.728009e-01 1.796026e-09 1.796026e-09 1.796026e-09 0.000000e+00