
 1.000000e-04 8.246024e-04 2.632209e+00 1.316517e+00 1.315692e+00
 1.018554e-04 8.371815e-04 2.613524e+00 1.307181e+00 1.306343e+00
 1.037452e-04 8.499505e-04 2.594958e+00 1.297904e+00 1.297054e+00
 1.056701e-04 8.629125e-04 2.576510e+00 1.288687e+00 1.287824e+00
 1.076307e-04 8.760702e-04 2.558180e+00 1.279528e+00 1.278652e+00
 1.096277e-04 8.894266e-04 2.539968e+00 1.270429e+00 1.269539e+00
 1.116617e-04 9.029846e-04 2.521872e+00 1.261387e+00 1.260485e+00
 1.137335e-04 9.167473e-04 2.503892e+00 1.252404e+00 1.251488e+00
 1.158437e-04 9.307177e-04 2.486027e+00 1.243479e+00 1.242548e+00
 1.179930e-04 9.448990e-04 2.468277e+00 1.234611e+00 1.233666e+00
 1.201822e-04 9.592942e-04 2.450640e+00 1.225800e+00 1.224841e+00
 1.224121e-04 9.739065e-04 2.433117e+00 1.217046e+00 1.216072e+00
 1.246833e-04 9.887393e-04 2.415707e+00 1.208348e+00 1.207359e+00
 1.269967e-04 1.003796e-03 2.398408e+00 1.199706e+00 1.198702e+00
 1.293530e-04 1.019079e-03 2.381221e+00 1.191120e+00 1.190101e+00
 1.317530e-04 1.034593e-03 2.364144e+00 1.182589e+00 1.181555e+00
 1.341975e-04 1.050341e-03 2.347177e+00 1.174114e+00 1.173063e+00
 1.366874e-04 1.066326e-03 2.330320e+00 1.165693e+00 1.164627e+00
 1.392235e-04 1.082552e-03 2.313571e+00 1.157327e+00 1.156244e+00
 1.418067e-04 1.099022e-03 2.296931e+00 1.149015e+00 1.147916e+00
 1.444377e-04 1.115741e-03 2.280398e+00 1.140757e+00 1.139641e+00
 1.471176e-04 1.132711e-03 2.263972e+00 1.132552e+00 1.131419e+00
 1.498472e-04 1.149937e-03 2.247652e+00 1.124401e+00 1.123251e+00
 1.526275e-04 1.167422e-03 2.231437e+00 1.116302e+00 1.115135e+00
 1.554593e-04 1.185170e-03 2.215328e+00 1.108257e+00 1.107071e+00
 1.583437e-04 1.203186e-03 2.199323e+00 1.100263e+00 1.099060e+00
 1.612816e-04 1.221472e-03 2.183422e+00 1.092322e+00 1.091100e+00
 1.642740e-04 1.240034e-03 2.167624e+00 1.084432e+00 1.083192e+00
 1.673219e-04 1.258875e-03 2.151929e+00 1.076594e+00 1.075335e+00
 1.704264e-04 1.278000e-03 2.136336e+00 1.068807e+00 1.067529e+00
 1.735885e-04 1.297412e-03 2.120844e+00 1.061071e+00 1.059773e+00
 1.768093e-04 1.317116e-03 2.105453e+00 1.053385e+00 1.052068e+00
 1.800898e-04 1.337116e-03 2.090162e+00 1.045750e+00 1.044412e+00
 1.834311e-04 1.357417e-03 2.074971e+00 1.038164e+00 1.036807e+00
 1.868345e-04 1.378022e-03 2.059879e+00 1.030628e+00 1.029250e+00
 1.903010e-04 1.398938e-03 2.044885e+00 1.023142e+00 1.021743e+00
 1.938319e-04 1.420168e-03 2.029989e+00 1.015705e+00 1.014285e+00
 1.974282e-04 1.441717e-03 2.015191e+00 1.008316e+00 1.006875e+00
 2.010913e-04 1.463589e-03 2.000489e+00 1.000976e+00 9.995129e-01
 2.048223e-04 1.485790e-03 1.985884e+00 9.936849e-01 9.921991e-01
 2.086226e-04 1.508324e-03 1.971374e+00 9.864413e-01 9.849330e-01
 2.124933e-04 1.531196e-03 1.956960e+00 9.792454e-01 9.777142e-01
 2.164359e-04 1.554412e-03 1.942640e+00 9.720970e-01 9.705426e-01
 2.204517e-04 1.577976e-03 1.928413e+00 9.649957e-01 9.634177e-01
 2.245419e-04 1.601894e-03 1.914281e+00 9.579413e-01 9.563394e-01
 2.287080e-04 1.626171e-03 1.900241e+00 9.509335e-01 9.493074e-01
 2.329515e-04 1.650811e-03 1.886293e+00 9.439721e-01 9.423213e-01
 2.372736e-04 1.675822e-03 1.872438e+00 9.370568e-01 9.353810e-01
 2.416760e-04 1.701207e-03 1.858673e+00 9.301873e-01 9.284861e-01
 2.461600e-04 1.726973e-03 1.845000e+00 9.233633e-01 9.216363e-01
 2.507273e-04 1.753125e-03 1.831416e+00 9.165846e-01 9.148315e-01
 2.553793e-04 1.779669e-03 1.817922e+00 9.098510e-01 9.080713e-01
 2.601176e-04 1.806611e-03 1.804518e+00 9.031621e-01 9.013555e-01
 2.649438e-04 1.833957e-03 1.791202e+00 8.965177e-01 8.946838e-01
 2.698595e-04 1.861712e-03 1.777974e+00 8.899176e-01 8.880559e-01
 2.748665e-04 1.889883e-03 1.764833e+00 8.833615e-01 8.814716e-01
 2.799663e-04 1.918476e-03 1.751780e+00 8.768491e-01 8.749306e-01
 2.851608e-04 1.947497e-03 1.738813e+00 8.703802e-01 8.684327e-01
 2.904517e-04 1.976953e-03 1.725932e+00 8.639546e-01 8.619776e-01
 2.958407e-04 2.006850e-03 1.713137e+00 8.575719e-01 8.555650e-01
 3.013297e-04 2.037194e-03 1.700427e+00 8.512319e-01 8.491947e-01
 3.069205e-04 2.067992e-03 1.687801e+00 8.449345e-01 8.428665e-01
 3.126151e-04 2.099251e-03 1.675259e+00 8.386793e-01 8.365800e-01
 3.184154e-04 2.130977e-03 1.662801e+00 8.324661e-01 8.303351e-01
 3.243232e-04 2.163179e-03 1.650426e+00 8.262946e-01 8.241314e-01
 3.303407e-04 2.195861e-03 1.638134e+00 8.201647e-01 8.179688e-01
 3.364698e-04 2.229033e-03 1.625923e+00 8.140760e-01 8.118470e-01
 3.427127e-04 2.262700e-03 1.613794e+00 8.080284e-01 8.057657e-01
 3.490713e-04 2.296871e-03 1.601746e+00 8.020216e-01 7.997247e-01
 3.555480e-04 2.331553e-03 1.589779e+00 7.960553e-01 7.937237e-01
 3.621448e-04 2.366752e-03 1.577892e+00 7.901294e-01 7.877626e-01
 3.688640e-04 2.402478e-03 1.566085e+00 7.842435e-01 7.818410e-01
 3.757079e-04 2.438737e-03 1.554356e+00 7.783975e-01 7.759588e-01
 3.826787e-04 2.475539e-03 1.542707e+00 7.725912e-01 7.701157e-01
 3.897789e-04 2.512889e-03 1.531136e+00 7.668243e-01 7.643114e-01
 3.970109e-04 2.550798e-03 1.519642e+00 7.610965e-01 7.585457e-01
 4.043770e-04 2.589272e-03 1.508226e+00 7.554077e-01 7.528184e-01
 4.118798e-04 2.628321e-03 1.496887e+00 7.497576e-01 7.471293e-01
 4.195218e-04 2.667953e-03 1.485624e+00 7.441460e-01 7.414780e-01
 4.273055e-04 2.708176e-03 1.474437e+00 7.385727e-01 7.358645e-01
 4.352337e-04 2.749000e-03 1.463326e+00 7.330374e-01 7.302884e-01
 4.433090e-04 2.790432e-03 1.452290e+00 7.275400e-01 7.247496e-01
 4.515342e-04 2.832483e-03 1.441328e+00 7.220802e-01 7.192477e-01
 4.599119e-04 2.875161e-03 1.430440e+00 7.166578e-01 7.137826e-01
 4.684451e-04 2.918475e-03 1.419627e+00 7.112726e-01 7.083541e-01
 4.771366e-04 2.962436e-03 1.408886e+00 7.059244e-01 7.029619e-01
 4.859893e-04 3.007052e-03 1.398219e+00 7.006129e-01 6.976058e-01
 4.950064e-04 3.052333e-03 1.387624e+00 6.953380e-01 6.922856e-01
 5.041907e-04 3.098289e-03 1.377100e+00 6.900994e-01 6.870011e-01
 5.135454e-04 3.144929e-03 1.366649e+00 6.848969e-01 6.817520e-01
 5.230737e-04 3.192265e-03 1.356268e+00 6.797304e-01 6.765381e-01
 5.327788e-04 3.240306e-03 1.345959e+00 6.745996e-01 6.713592e-01
 5.426639e-04 3.289063e-03 1.335719e+00 6.695042e-01 6.662152e-01
 5.527325e-04 3.338547e-03 1.325550e+00 6.644442e-01 6.611057e-01
 5.629878e-04 3.388767e-03 1.315450e+00 6.594193e-01 6.560306e-01
 5.734335e-04 3.439735e-03 1.305419e+00 6.544293e-01 6.509896e-01
 5.840729e-04 3.491462e-03 1.295457e+00 6.494740e-01 6.459826e-01
 5.949098e-04 3.543959e-03 1.285563e+00 6.445532e-01 6.410093e-01
 6.059477e-04 3.597238e-03 1.275736e+00 6.396667e-01 6.360695e-01
 6.171904e-04 3.651310e-03 1.265977e+00 6.348144e-01 6.311631e-01
 6.286417e-04 3.706186e-03 1.256286e+00 6.299959e-01 6.262897e-01
 6.403055e-04 3.761880e-03 1.246660e+00 6.252112e-01 6.214493e-01
 6.521857e-04 3.818402e-03 1.237102e+00 6.204600e-01 6.166416e-01
 6.642863e-04 3.875765e-03 1.227608e+00 6.157421e-01 6.118663e-01
 6.766114e-04 3.933981e-03 1.218181e+00 6.110574e-01 6.071234e-01
 6.891652e-04 3.993063e-03 1.208818e+00 6.064056e-01 6.024125e-01
 7.019520e-04 4.053024e-03 1.199520e+00 6.017866e-01 5.977336e-01
 7.149759e-04 4.113877e-03 1.190286e+00 5.972002e-01 5.930863e-01
 7.282415e-04 4.175634e-03 1.181117e+00 5.926462e-01 5.884705e-01
 7.417533e-04 4.238310e-03 1.172010e+00 5.881244e-01 5.838861e-01
 7.555157e-04 4.301918e-03 1.162967e+00 5.836346e-01 5.793327e-01
 7.695335e-04 4.366471e-03 1.153987e+00 5.791767e-01 5.748103e-01
 7.838114e-04 4.431984e-03 1.145069e+00 5.747505e-01 5.703185e-01
 7.983542e-04 4.498470e-03 1.136213e+00 5.703558e-01 5.658573e-01
 8.131668e-04 4.565945e-03 1.127419e+00 5.659924e-01 5.614264e-01
 8.282542e-04 4.634422e-03 1.118686e+00 5.616601e-01 5.570257e-01
 8.436216e-04 4.703916e-03 1.110014e+00 5.573588e-01 5.526549e-01
 8.592741e-04 4.774443e-03 1.101402e+00 5.530883e-01 5.483139e-01
 8.752170e-04 4.846018e-03 1.092851e+00 5.488485e-01 5.440024e-01
 8.914558e-04 4.918656e-03 1.084359e+00 5.446390e-01 5.397204e-01
 9.079958e-04 4.992373e-03 1.075927e+00 5.404599e-01 5.354675e-01
 9.248427e-04 5.067185e-03 1.067555e+00 5.363108e-01 5.312437e-01
 9.420022e-04 5.143108e-03 1.059240e+00 5.321918e-01 5.270486e-01
 9.594800e-04 5.220159e-03 1.050985e+00 5.281024e-01 5.228823e-01
 9.772821e-04 5.298354e-03 1.042787e+00 5.240427e-01 5.187444e-01
 9.954146e-04 5.377709e-03 1.034647e+00 5.200125e-01 5.146348e-01
 1.013883e-03 5.458243e-03 1.026565e+00 5.160115e-01 5.105533e-01
 1.032695e-03 5.539973e-03 1.018539e+00 5.120397e-01 5.064997e-01
 1.051856e-03 5.622916e-03 1.010571e+00 5.080968e-01 5.024739e-01
 1.071372e-03 5.707090e-03 1.002658e+00 5.041828e-01 4.984757e-01
 1.091250e-03 5.792514e-03 9.948022e-01 5.002973e-01 4.945048e-01
 1.111497e-03 5.879206e-03 9.870016e-01 4.964404e-01 4.905612e-01
 1.132119e-03 5.967184e-03 9.792565e-01 4.926118e-01 4.866447e-01
 1.153125e-03 6.056468e-03 9.715664e-01 4.888114e-01 4.827550e-01
 1.174520e-03 6.147078e-03 9.639310e-01 4.850391e-01 4.788920e-01
 1.196312e-03 6.239032e-03 9.563501e-01 4.812946e-01 4.750555e-01
 1.218508e-03 6.332351e-03 9.488232e-01 4.775778e-01 4.712454e-01
 1.241116e-03 6.427055e-03 9.413501e-01 4.738886e-01 4.674615e-01
 1.264144e-03 6.523164e-03 9.339305e-01 4.702268e-01 4.637037e-01
 1.287598e-03 6.620699e-03 9.265640e-01 4.665924e-01 4.599717e-01
 1.311488e-03 6.719682e-03 9.192504e-01 4.629850e-01 4.562653e-01
 1.335822e-03 6.820133e-03 9.119892e-01 4.594047e-01 4.525845e-01
 1.360606e-03 6.922076e-03 9.047803e-01 4.558512e-01 4.489291e-01
 1.385851e-03 7.025531e-03 8.976233e-01 4.523244e-01 4.452989e-01
 1.411564e-03 7.130521e-03 8.905178e-01 4.488242e-01 4.416937e-01
 1.437754e-03 7.237069e-03 8.834637e-01 4.453504e-01 4.381133e-01
 1.464430e-03 7.345198e-03 8.764606e-01 4.419029e-01 4.345577e-01
 1.491601e-03 7.454932e-03 8.695081e-01 4.384815e-01 4.310266e-01
 1.519276e-03 7.566295e-03 8.626061e-01 4.350862e-01 4.275199e-01
 1.547465e-03 7.679310e-03 8.557542e-01 4.317168e-01 4.240374e-01
 1.576176e-03 7.794002e-03 8.489521e-01 4.283731e-01 4.205791e-01
 1.605421e-03 7.910397e-03 8.421996e-01 4.250550e-01 4.171446e-01
 1.635207e-03 8.028519e-03 8.354963e-01 4.217624e-01 4.137339e-01
 1.665547e-03 8.148394e-03 8.288419e-01 4.184951e-01 4.103468e-01
 1.696449e-03 8.270049e-03 8.222362e-01 4.152531e-01 4.069831e-01
 1.727925e-03 8.393510e-03 8.156790e-01 4.120362e-01 4.036427e-01
 1.759985e-03 8.518803e-03 8.091698e-01 4.088443e-01 4.003255e-01
 1.792640e-03 8.645957e-03 8.027085e-01 4.056772e-01 3.970313e-01
 1.825900e-03 8.774999e-03 7.962947e-01 4.025349e-01 3.937599e-01
 1.859778e-03 8.905956e-03 7.899283e-01 3.994171e-01 3.905112e-01
 1.894284e-03 9.038859e-03 7.836089e-01 3.963239e-01 3.872850e-01
 1.929431e-03 9.173735e-03 7.773362e-01 3.932550e-01 3.840812e-01
 1.965229e-03 9.310615e-03 7.711100e-01 3.902103e-01 3.808997e-01
 2.001692e-03 9.449527e-03 7.649301e-01 3.871898e-01 3.777403e-01
 2.038831e-03 9.590504e-03 7.587961e-01 3.841933e-01 3.746028e-01
 2.076659e-03 9.733575e-03 7.527078e-01 3.812207e-01 3.714871e-01
 2.115190e-03 9.878772e-03 7.466650e-01 3.782719e-01 3.683931e-01
 2.154435e-03 1.002613e-02 7.406673e-01 3.753467e-01 3.653206e-01
 2.194408e-03 1.017567e-02 7.347146e-01 3.724451e-01 3.622695e-01
 2.235123e-03 1.032744e-02 7.288066e-01 3.695670e-01 3.592396e-01
 2.276593e-03 1.048147e-02 7.229430e-01 3.667122e-01 3.562308e-01
 2.318833e-03 1.063778e-02 7.171236e-01 3.638807e-01 3.532429e-01
 2.361856e-03 1.079642e-02 7.113481e-01 3.610723e-01 3.502759e-01
 2.405678e-03 1.095742e-02 7.056164e-01 3.582869e-01 3.473295e-01
 2.450313e-03 1.112082e-02 6.999281e-01 3.555245e-01 3.444036e-01
 2.495776e-03 1.128665e-02 6.942830e-01 3.527848e-01 3.414982e-01
 2.542082e-03 1.145494e-02 6.886809e-01 3.500679e-01 3.386130e-01
 2.589248e-03 1.162574e-02 6.831216e-01 3.473737e-01 3.357479e-01
 2.637289e-03 1.179909e-02 6.776048e-01 3.447019e-01 3.329028e-01
 2.686221e-03 1.197502e-02 6.721303e-01 3.420526e-01 3.300776e-01
 2.736061e-03 1.215356e-02 6.666978e-01 3.394257e-01 3.272721e-01
 2.786826e-03 1.233477e-02 6.613071e-01 3.368210e-01 3.244862e-01
 2.838532e-03 1.251868e-02 6.559581e-01 3.342384e-01 3.217197e-01
 2.891198e-03 1.270533e-02 6.506505e-01 3.316779e-01 3.189726e-01
 2.944841e-03 1.289477e-02 6.453840e-01 3.291394e-01 3.162446e-01
 2.999480e-03 1.308703e-02 6.401585e-01 3.266228e-01 3.135357e-01
 3.055132e-03 1.328216e-02 6.349737e-01 3.241279e-01 3.108458e-01
 3.111816e-03 1.348021e-02 6.298294e-01 3.216548e-01 3.081746e-01
 3.169553e-03 1.368121e-02 6.247255e-01 3.192033e-01 3.055221e-01
 3.228361e-03 1.388521e-02 6.196616e-01 3.167734e-01 3.028882e-01
 3.288259e-03 1.409226e-02 6.146377e-01 3.143650e-01 3.002727e-01
 3.349270e-03 1.430241e-02 6.096534e-01 3.119779e-01 2.976755e-01
 3.411412e-03 1.451570e-02 6.047087e-01 3.096122e-01 2.950965e-01
 3.474707e-03 1.473218e-02 5.998032e-01 3.072677e-01 2.925355e-01
 3.539176e-03 1.495190e-02 5.949368e-01 3.049443e-01 2.899924e-01
 3.604842e-03 1.517491e-02 5.901093e-01 3.026421e-01 2.874672e-01
 3.671726e-03 1.540125e-02 5.853205e-01 3.003609e-01 2.849596e-01
 3.739851e-03 1.563099e-02 5.805703e-01 2.981006e-01 2.824696e-01
 3.809240e-03 1.586418e-02 5.758583e-01 2.958613e-01 2.799971e-01
 3.879916e-03 1.610086e-02 5.711845e-01 2.936427e-01 2.775418e-01
 3.951904e-03 1.634109e-02 5.665487e-01 2.914449e-01 2.751038e-01
 4.025227e-03 1.658493e-02 5.619506e-01 2.892678e-01 2.726829e-01
 4.099911e-03 1.683242e-02 5.573902e-01 2.871113e-01 2.702789e-01
 4.175981e-03 1.708364e-02 5.528671e-01 2.849754e-01 2.678917e-01
 4.253462e-03 1.733864e-02 5.483813e-01 2.828600e-01 2.655213e-01
 4.332380e-03 1.759747e-02 5.439326e-01 2.807650e-01 2.631676e-01
 4.412763e-03 1.786019e-02 5.395208e-01 2.786905e-01 2.608303e-01
 4.494637e-03 1.812687e-02 5.351457e-01 2.766363e-01 2.585094e-01
 4.578030e-03 1.839757e-02 5.308072e-01 2.746024e-01 2.562048e-01
 4.662971e-03 1.867235e-02 5.265050e-01 2.725887e-01 2.539163e-01
 4.749487e-03 1.895128e-02 5.222392e-01 2.705952e-01 2.516440e-01
 4.837609e-03 1.923441e-02 5.180094e-01 2.686219e-01 2.493875e-01
 4.927365e-03 1.952183e-02 5.138156e-01 2.666687e-01 2.471469e-01
 5.018787e-03 1.981358e-02 5.096576e-01 2.647356e-01 2.449220e-01
 5.111906e-03 2.010975e-02 5.055352e-01 2.628225e-01 2.427127e-01
 5.206752e-03 2.041040e-02 5.014483e-01 2.609293e-01 2.405189e-01
 5.303357e-03 2.071560e-02 4.973967e-01 2.590562e-01 2.383406e-01
 5.401756e-03 2.102543e-02 4.933804e-01 2.572029e-01 2.361775e-01
 5.501979e-03 2.133996e-02 4.893991e-01 2.553695e-01 2.340296e-01
 5.604063e-03 2.165926e-02 4.854527e-01 2.535560e-01 2.318967e-01
 5.708040e-03 2.198341e-02 4.815411e-01 2.517623e-01 2.297789e-01
 5.813947e-03 2.231249e-02 4.776642e-01 2.499884e-01 2.276759e-01
 5.921818e-03 2.264657e-02 4.738219e-01 2.482342e-01 2.255876e-01
 6.031692e-03 2.298575e-02 4.700139e-01 2.464998e-01 2.235141e-01
 6.143603e-03 2.333009e-02 4.662402e-01 2.447852e-01 2.214551e-01
 6.257591e-03 2.367968e-02 4.625007e-01 2.430902e-01 2.194105e-01
 6.373694e-03 2.403461e-02 4.587953e-01 2.414149e-01 2.173803e-01
 6.491951e-03 2.439496e-02 4.551238e-01 2.397594e-01 2.153644e-01
 6.612403e-03 2.476083e-02 4.514861e-01 2.381234e-01 2.133626e-01
 6.735089e-03 2.513229e-02 4.478821e-01 2.365072e-01 2.113749e-01
 6.860051e-03 2.550945e-02 4.443117e-01 2.349106e-01 2.094011e-01
 6.987332e-03 2.589239e-02 4.407749e-01 2.333336e-01 2.074412e-01
 7.116974e-03 2.628121e-02 4.372714e-01 2.317763e-01 2.054951e-01
 7.249022e-03 2.667600e-02 4.338013e-01 2.302387e-01 2.035627e-01
 7.383520e-03 2.707687e-02 4.303644e-01 2.287206e-01 2.016438e-01
 7.520514e-03 2.748391e-02 4.269606e-01 2.272223e-01 1.997384e-01
 7.660049e-03 2.789723e-02 4.235899e-01 2.257436e-01 1.978463e-01
 7.802173e-03 2.831693e-02 4.202521e-01 2.242845e-01 1.959676e-01
 7.946934e-03 2.874311e-02 4.169473e-01 2.228452e-01 1.941021e-01
 8.094381e-03 2.917588e-02 4.136752e-01 2.214255e-01 1.922497e-01
 8.244563e-03 2.961535e-02 4.104358e-01 2.200256e-01 1.904102e-01
 8.397533e-03 3.006164e-02 4.072291e-01 2.186454e-01 1.885838e-01
 8.553340e-03 3.051486e-02 4.040551e-01 2.172850e-01 1.867701e-01
 8.712038e-03 3.097512e-02 4.009135e-01 2.159443e-01 1.849692e-01
 8.873681e-03 3.144254e-02 3.978044e-01 2.146235e-01 1.831809e-01
 9.038322e-03 3.191724e-02 3.947278e-01 2.133225e-01 1.814053e-01
 9.206019e-03 3.239935e-02 3.916835e-01 2.120414e-01 1.796421e-01
 9.376827e-03 3.288899e-02 3.886715e-01 2.107802e-01 1.778912e-01
 9.550804e-03 3.338629e-02 3.856918e-01 2.095390e-01 1.761527e-01
 9.728009e-03 3.389138e-02 3.827443e-01 2.083178e-01 1.744265e-01
 9.908502e-03 3.440438e-02 3.798290e-01 2.071167e-01 1.727123e-01
 1.009234e-02 3.492545e-02 3.769459e-01 2.059357e-01 1.710102e-01
 1.027960e-02 3.545471e-02 3.740949e-01 2.047748e-01 1.693201e-01
 1.047032e-02 3.599231e-02 3.712760e-01 2.036341e-01 1.676418e-01
 1.066459e-02 3.653838e-02 3.684892e-01 2.025138e-01 1.659754e-01
 1.086246e-02 3.709308e-02 3.657345e-01 2.014138e-01 1.643207e-01
 1.106400e-02 3.765655e-02 3.630118e-01 2.003342e-01 1.626776e-01
 1.126928e-02 3.822895e-02 3.603212e-01 1.992751e-01 1.610461e-01
 1.147837e-02 3.881043e-02 3.576626e-01 1.982365e-01 1.594261e-01
 1.169134e-02 3.940115e-02 3.550360e-01 1.972186e-01 1.578174e-01
 1.190826e-02 4.000127e-02 3.524415e-01 1.962214e-01 1.562201e-01
 1.212920e-02 4.061096e-02 3.498791e-01 1.952450e-01 1.546341e-01
 1.235425e-02 4.123037e-02 3.473487e-01 1.942896e-01 1.530592e-01
 1.258347e-02 4.185969e-02 3.448505e-01 1.933551e-01 1.514954e-01
 1.281694e-02 4.249908e-02 3.423843e-01 1.924417e-01 1.499426e-01
 1.305475e-02 4.314873e-02 3.399503e-01 1.915495e-01 1.484008e-01
 1.329696e-02 4.380881e-02 3.375484e-01 1.906786e-01 1.468698e-01
 1.354368e-02 4.447951e-02 3.351788e-01 1.898291e-01 1.453496e-01
 1.379496e-02 4.516102e-02 3.328414e-01 1.890012e-01 1.438402e-01
 1.405091e-02 4.585353e-02 3.305363e-01 1.881949e-01 1.423414e-01
 1.431161e-02 4.655723e-02 3.282635e-01 1.874104e-01 1.408531e-01
 1.457715e-02 4.727233e-02 3.260232e-01 1.866477e-01 1.393754e-01
 1.484761e-02 4.799902e-02 3.238153e-01 1.859071e-01 1.379081e-01
 1.512310e-02 4.873751e-02 3.216399e-01 1.851887e-01 1.364512e-01
 1.540369e-02 4.948802e-02 3.194972e-01 1.844926e-01 1.350046e-01
 1.568949e-02 5.025076e-02 3.173872e-01 1.838190e-01 1.335682e-01
 1.598059e-02 5.102595e-02 3.153099e-01 1.831679e-01 1.321420e-01
 1.627709e-02 5.181381e-02 3.132655e-01 1.825397e-01 1.307258e-01
 1.657910e-02 5.261458e-02 3.112540e-01 1.819343e-01 1.293197e-01
 1.688670e-02 5.342847e-02 3.092756e-01 1.813521e-01 1.279236e-01
 1.720002e-02 5.425573e-02 3.073304e-01 1.807931e-01 1.265373e-01
 1.751915e-02 5.509660e-02 3.054184e-01 1.802575e-01 1.251609e-01
 1.784420e-02 5.595133e-02 3.035399e-01 1.797456e-01 1.237943e-01
 1.817528e-02 5.682015e-02 3.016948e-01 1.792575e-01 1.224373e-01
 1.851250e-02 5.770334e-02 2.998834e-01 1.787934e-01 1.210900e-01
 1.885598e-02 5.860114e-02 2.981058e-01 1.783535e-01 1.197523e-01
 1.920583e-02 5.951383e-02 2.963621e-01 1.779380e-01 1.184241e-01
 1.956218e-02 6.044166e-02 2.946525e-01 1.775471e-01 1.171054e-01
 1.992513e-02 6.138491e-02 2.929770e-01 1.771810e-01 1.157961e-01
 2.029482e-02 6.234386e-02 2.913360e-01 1.768399e-01 1.144961e-01
 2.067137e-02 6.331880e-02 2.897295e-01 1.765242e-01 1.132054e-01
 2.105491e-02 6.431000e-02 2.881578e-01 1.762339e-01 1.119239e-01
 2.144556e-02 6.531777e-02 2.866209e-01 1.759693e-01 1.106516e-01
 2.184346e-02 6.634240e-02 2.851191e-01 1.757308e-01 1.093884e-01
 2.224874e-02 6.738418e-02 2.836526e-01 1.755184e-01 1.081342e-01
 2.266154e-02 6.844344e-02 2.822216e-01 1.753325e-01 1.068891e-01
 2.308200e-02 6.952047e-02 2.808262e-01 1.751733e-01 1.056529e-01
 2.351026e-02 7.061560e-02 2.794667e-01 1.750412e-01 1.044256e-01
 2.394647e-02 7.172914e-02 2.781433e-01 1.749362e-01 1.032071e-01
 2.439077e-02 7.286143e-02 2.768563e-01 1.748589e-01 1.019974e-01
 2.484332e-02 7.401279e-02 2.756057e-01 1.748093e-01 1.007965e-01
 2.530426e-02 7.518356e-02 2.743920e-01 1.747878e-01 9.960422e-02
 2.577375e-02 7.637407e-02 2.732153e-01 1.747947e-01 9.842059e-02
 2.625196e-02 7.758468e-02 2.720758e-01 1.748302e-01 9.724555e-02
 2.673903e-02 7.881572e-02 2.709738e-01 1.748948e-01 9.607905e-02
 2.723515e-02 8.006756e-02 2.699096e-01 1.749886e-01 9.492103e-02
 2.774047e-02 8.134054e-02 2.688834e-01 1.751120e-01 9.377145e-02
 2.825516e-02 8.263503e-02 2.678955e-01 1.752653e-01 9.263026e-02
 2.877941e-02 8.395140e-02 2.669462e-01 1.754488e-01 9.149741e-02
 2.931338e-02 8.529000e-02 2.660357e-01 1.756629e-01 9.037287e-02
 2.985726e-02 8.665121e-02 2.651644e-01 1.759078e-01 8.925658e-02
 3.041123e-02 8.803540e-02 2.643324e-01 1.761839e-01 8.814849e-02
 3.097547e-02 8.944295e-02 2.635401e-01 1.764915e-01 8.704858e-02
 3.155019e-02 9.087423e-02 2.627878e-01 1.768310e-01 8.595679e-02
 3.213557e-02 9.232962e-02 2.620758e-01 1.772027e-01 8.487308e-02
 3.273181e-02 9.380951e-02 2.614043e-01 1.776069e-01 8.379740e-02
 3.333912e-02 9.531428e-02 2.607737e-01 1.780440e-01 8.272973e-02
 3.395769e-02 9.684430e-02 2.601843e-01 1.785143e-01 8.167001e-02
 3.458774e-02 9.839996e-02 2.596364e-01 1.790182e-01 8.061821e-02
 3.522948e-02 9.998165e-02 2.591302e-01 1.795559e-01 7.957428e-02
 3.588312e-02 1.015897e-01 2.586661e-01 1.801279e-01 7.853820e-02
 3.654890e-02 1.032246e-01 2.582444e-01 1.807345e-01 7.750992e-02
 3.722702e-02 1.048866e-01 2.578654e-01 1.813760e-01 7.648940e-02
 3.791773e-02 1.065762e-01 2.575294e-01 1.820528e-01 7.547661e-02
 3.862125e-02 1.082936e-01 2.572367e-01 1.827651e-01 7.447152e-02
 3.933783e-02 1.100393e-01 2.569875e-01 1.835134e-01 7.347408e-02
 4.006770e-02 1.118136e-01 2.567822e-01 1.842979e-01 7.248426e-02
 4.081111e-02 1.136169e-01 2.566210e-01 1.851190e-01 7.150203e-02
 4.156832e-02 1.154495e-01 2.565042e-01 1.859769e-01 7.052736e-02
 4.233958e-02 1.173117e-01 2.564321e-01 1.868719e-01 6.956021e-02
 4.312514e-02 1.192039e-01 2.564050e-01 1.878044e-01 6.860055e-02
 4.392528e-02 1.211263e-01 2.564230e-01 1.887747e-01 6.764835e-02
 4.474027e-02 1.230793e-01 2.564864e-01 1.897829e-01 6.670359e-02
 4.557038e-02 1.250631e-01 2.565955e-01 1.908293e-01 6.576622e-02
 4.641589e-02 1.270780e-01 2.567504e-01 1.919142e-01 6.483622e-02
 4.727709e-02 1.291242e-01 2.569513e-01 1.930377e-01 6.391356e-02
 4.815426e-02 1.312019e-01 2.571984e-01 1.942001e-01 6.299821e-02
 4.904771e-02 1.333114e-01 2.574917e-01 1.954016e-01 6.209016e-02
 4.995774e-02 1.354528e-01 2.578315e-01 1.966422e-01 6.118936e-02
 5.088465e-02 1.376263e-01 2.582179e-01 1.979221e-01 6.029579e-02
 5.182876e-02 1.398319e-01 2.586508e-01 1.992414e-01 5.940943e-02
 5.279039e-02 1.420698e-01 2.591303e-01 2.006001e-01 5.853026e-02
 5.376986e-02 1.443401e-01 2.596566e-01 2.019983e-01 5.765824e-02
 5.476750e-02 1.466428e-01 2.602295e-01 2.034362e-01 5.679335e-02
 5.578366e-02 1.489780e-01 2.608491e-01 2.049136e-01 5.593558e-02
 5.681866e-02 1.513456e-01 2.615154e-01 2.064305e-01 5.508490e-02
 5.787287e-02 1.537458e-01 2.622284e-01 2.079871e-01 5.424128e-02
 5.894664e-02 1.561785e-01 2.629879e-01 2.095832e-01 5.340471e-02
 6.004034e-02 1.586436e-01 2.637940e-01 2.112188e-01 5.257517e-02
 6.115432e-02 1.611412e-01 2.646464e-01 2.128938e-01 5.175263e-02
 6.228897e-02 1.636711e-01 2.655452e-01 2.146081e-01 5.093707e-02
 6.344468e-02 1.662332e-01 2.664901e-01 2.163616e-01 5.012849e-02
 6.462183e-02 1.688274e-01 2.674810e-01 2.181542e-01 4.932684e-02
 6.582082e-02 1.714535e-01 2.685178e-01 2.199856e-01 4.853213e-02
 6.704205e-02 1.741114e-01 2.696001e-01 2.218558e-01 4.774433e-02
 6.828595e-02 1.768009e-01 2.707278e-01 2.237643e-01 4.696343e-02
 6.955292e-02 1.795217e-01 2.719005e-01 2.257111e-01 4.618940e-02
 7.084340e-02 1.822737e-01 2.731181e-01 2.276959e-01 4.542224e-02
 7.215782e-02 1.850564e-01 2.743802e-01 2.297183e-01 4.466192e-02
 7.349664e-02 1.878696e-01 2.756865e-01 2.317781e-01 4.390844e-02
 7.486029e-02 1.907130e-01 2.770365e-01 2.338748e-01 4.316177e-02
 7.624924e-02 1.935862e-01 2.784300e-01 2.360081e-01 4.242190e-02
 7.766397e-02 1.964888e-01 2.798665e-01 2.381777e-01 4.168883e-02
 7.910494e-02 1.994205e-01 2.813455e-01 2.403830e-01 4.096253e-02
 8.057265e-02 2.023806e-01 2.828666e-01 2.426236e-01 4.024300e-02
 8.206759e-02 2.053689e-01 2.844293e-01 2.448991e-01 3.953022e-02
 8.359026e-02 2.083848e-01 2.860331e-01 2.472090e-01 3.882418e-02
 8.514119e-02 2.114277e-01 2.876775e-01 2.495526e-01 3.812486e-02
 8.672090e-02 2.144972e-01 2.893618e-01 2.519295e-01 3.743227e-02
 8.832991e-02 2.175927e-01 2.910855e-01 2.543391e-01 3.674638e-02
 8.996878e-02 2.207136e-01 2.928479e-01 2.567808e-01 3.606718e-02
 9.163805e-02 2.238592e-01 2.946486e-01 2.592539e-01 3.539467e-02
 9.333830e-02 2.270290e-01 2.964867e-01 2.617579e-01 3.472884e-02
 9.507009e-02 2.302224e-01 2.983617e-01 2.642921e-01 3.406967e-02
 9.683402e-02 2.334386e-01 3.002729e-01 2.668558e-01 3.341716e-02
 9.863067e-02 2.366770e-01 3.022196e-01 2.694483e-01 3.277130e-02
 1.004607e-01 2.399370e-01 3.042011e-01 2.720691e-01 3.213208e-02
 1.023246e-01 2.432178e-01 3.062168e-01 2.747173e-01 3.149949e-02
 1.042231e-01 2.465187e-01 3.082658e-01 2.773922e-01 3.087352e-02
 1.061569e-01 2.498391e-01 3.103474e-01 2.800932e-01 3.025417e-02
 1.081265e-01 2.531780e-01 3.124609e-01 2.828194e-01 2.964143e-02
 1.101327e-01 2.565347e-01 3.146053e-01 2.855700e-01 2.903529e-02
 1.121761e-01 2.599083e-01 3.167798e-01 2.883440e-01 2.843574e-02
 1.142574e-01 2.632979e-01 3.189834e-01 2.911406e-01 2.784278e-02
 1.163773e-01 2.667024e-01 3.212152e-01 2.939588e-01 2.725640e-02
 1.185366e-01 2.701209e-01 3.234741e-01 2.967975e-01 2.667659e-02
 1.207359e-01 2.735522e-01 3.257590e-01 2.996556e-01 2.610336e-02
 1.229760e-01 2.769954e-01 3.280687e-01 3.025321e-01 2.553668e-02
 1.252577e-01 2.804491e-01 3.304022e-01 3.054257e-01 2.497656e-02
 1.275817e-01 2.839122e-01 3.327581e-01 3.083352e-01 2.442299e-02
 1.299489e-01 2.873833e-01 3.351352e-01 3.112593e-01 2.387596e-02
 1.323599e-01 2.908612e-01 3.375321e-01 3.141967e-01 2.333547e-02
 1.348157e-01 2.943444e-01 3.399475e-01 3.171460e-01 2.280152e-02
 1.373171e-01 2.978316e-01 3.423798e-01 3.201057e-01 2.227409e-02
 1.398648e-01 3.013212e-01 3.448276e-01 3.230744e-01 2.175318e-02
 1.424599e-01 3.048116e-01 3.472892e-01 3.260504e-01 2.123879e-02
 1.451031e-01 3.083013e-01 3.497631e-01 3.290322e-01 2.073092e-02
 1.477953e-01 3.117886e-01 3.522477e-01 3.320181e-01 2.022955e-02
 1.505375e-01 3.152718e-01 3.547411e-01 3.350064e-01 1.973467e-02
 1.533306e-01 3.187490e-01 3.572416e-01 3.379953e-01 1.924630e-02
 1.561755e-01 3.222185e-01 3.597474e-01 3.409830e-01 1.876442e-02
 1.590731e-01 3.256784e-01 3.622565e-01 3.439674e-01 1.828902e-02
 1.620246e-01 3.291267e-01 3.647669e-01 3.469468e-01 1.782010e-02
 1.650307e-01 3.325613e-01 3.672766e-01 3.499189e-01 1.735765e-02
 1.680927e-01 3.359800e-01 3.697834e-01 3.528817e-01 1.690168e-02
 1.712115e-01 3.393808e-01 3.722851e-01 3.558330e-01 1.645217e-02
 1.743881e-01 3.427613e-01 3.747795e-01 3.587704e-01 1.600911e-02
 1.776237e-01 3.461191e-01 3.772641e-01 3.616916e-01 1.557251e-02
 1.809194e-01 3.494518e-01 3.797365e-01 3.645942e-01 1.514236e-02
 1.842761e-01 3.527570e-01 3.821942e-01 3.674756e-01 1.471864e-02
 1.876952e-01 3.560319e-01 3.846346e-01 3.703333e-01 1.430136e-02
 1.911777e-01 3.592740e-01 3.870550e-01 3.731645e-01 1.389051e-02
 1.947248e-01 3.624805e-01 3.894526e-01 3.759665e-01 1.348608e-02
 1.983377e-01 3.656485e-01 3.918246e-01 3.787365e-01 1.308807e-02
 2.020176e-01 3.687751e-01 3.941680e-01 3.814716e-01 1.269646e-02
 2.057658e-01 3.718574e-01 3.964799e-01 3.841687e-01 1.231125e-02
 2.095836e-01 3.748922e-01 3.987571e-01 3.868247e-01 1.193244e-02
 2.134722e-01 3.778764e-01 4.009965e-01 3.894364e-01 1.156002e-02
 2.174329e-01 3.808066e-01 4.031946e-01 3.920006e-01 1.119397e-02
 2.214672e-01 3.836794e-01 4.053480e-01 3.945137e-01 1.083429e-02
 2.255763e-01 3.864913e-01 4.074533e-01 3.969723e-01 1.048098e-02
 2.297616e-01 3.892387e-01 4.095067e-01 3.993727e-01 1.013402e-02
 2.340246e-01 3.919177e-01 4.115045e-01 4.017111e-01 9.793399e-03
 2.383667e-01 3.945244e-01 4.134427e-01 4.039835e-01 9.459116e-03
 2.427893e-01 3.970550e-01 4.153173e-01 4.061861e-01 9.131157e-03
 2.472940e-01 3.995051e-01 4.171242e-01 4.083146e-01 8.809512e-03
 2.518823e-01 4.018707e-01 4.188590e-01 4.103648e-01 8.494170e-03
 2.565557e-01 4.041472e-01 4.205174e-01 4.123323e-01 8.185121e-03
 2.613158e-01 4.063302e-01 4.220949e-01 4.142125e-01 7.882352e-03
 2.661642e-01 4.084149e-01 4.235866e-01 4.160008e-01 7.585851e-03
 2.711026e-01 4.103967e-01 4.249879e-01 4.176923e-01 7.295606e-03
 2.761327e-01 4.122705e-01 4.262937e-01 4.192821e-01 7.011603e-03
 2.812560e-01 4.140312e-01 4.274988e-01 4.207650e-01 6.733828e-03
 2.864744e-01 4.156736e-01 4.285981e-01 4.221359e-01 6.462266e-03
 2.917896e-01 4.171923e-01 4.295861e-01 4.233892e-01 6.196903e-03
 2.972035e-01 4.185817e-01 4.304572e-01 4.245194e-01 5.937721e-03
 3.027178e-01 4.198361e-01 4.312056e-01 4.255209e-01 5.684705e-03
 3.083344e-01 4.209497e-01 4.318254e-01 4.263876e-01 5.437837e-03
 3.140552e-01 4.219164e-01 4.323106e-01 4.271135e-01 5.197097e-03
 3.198822e-01 4.227300e-01 4.326549e-01 4.276925e-01 4.962468e-03
 3.258172e-01 4.233841e-01 4.328520e-01 4.281181e-01 4.733928e-03
 3.318624e-01 4.238722e-01 4.328952e-01 4.283837e-01 4.511455e-03
 3.380198e-01 4.241876e-01 4.327777e-01 4.284826e-01 4.295028e-03
 3.442914e-01 4.243233e-01 4.324926e-01 4.284080e-01 4.084623e-03
 3.506793e-01 4.242724e-01 4.320328e-01 4.281526e-01 3.880214e-03
 3.571858e-01 4.240274e-01 4.313910e-01 4.277092e-01 3.681775e-03
 3.638130e-01 4.235811e-01 4.305597e-01 4.270704e-01 3.489280e-03
 3.705632e-01 4.229258e-01 4.295312e-01 4.262285e-01 3.302697e-03
 3.774386e-01 4.220537e-01 4.282977e-01 4.251757e-01 3.121998e-03
 3.844416e-01 4.209569e-01 4.268512e-01 4.239041e-01 2.947149e-03
 3.915745e-01 4.196273e-01 4.251835e-01 4.224054e-01 2.778116e-03
 3.988397e-01 4.180565e-01 4.232862e-01 4.206714e-01 2.614863e-03
 4.062398e-01 4.162362e-01 4.211509e-01 4.186935e-01 2.457351e-03
 4.137771e-01 4.141576e-01 4.187687e-01 4.164631e-01 2.305542e-03
 4.214543e-01 4.118121e-01 4.161309e-01 4.139715e-01 2.159391e-03
 4.292739e-01 4.091907e-01 4.132284e-01 4.112096e-01 2.018855e-03
 4.372387e-01 4.062845e-01 4.100523e-01 4.081684e-01 1.883884e-03
 4.453512e-01 4.030843e-01 4.065931e-01 4.048387e-01 1.754430e-03
 4.536142e-01 3.995808e-01 4.028417e-01 4.012112e-01 1.630439e-03
 4.620305e-01 3.957647e-01 3.987884e-01 3.972766e-01 1.511855e-03
 4.706030e-01 3.916267e-01 3.944239e-01 3.930253e-01 1.398618e-03
 4.793345e-01 3.871573e-01 3.897386e-01 3.884480e-01 1.290666e-03
 4.882281e-01 3.823471e-01 3.847230e-01 3.835351e-01 1.187933e-03
 4.972866e-01 3.771868e-01 3.793675e-01 3.782771e-01 1.090347e-03
 5.065133e-01 3.716670e-01 3.736627e-01 3.726649e-01 9.978347e-04
 5.159111e-01 3.657786e-01 3.675992e-01 3.666889e-01 9.103181e-04
 5.254833e-01 3.595125e-01 3.611679e-01 3.603402e-01 8.277140e-04
 5.352330e-01 3.528599e-01 3.543598e-01 3.536098e-01 7.499351e-04
 5.451637e-01 3.458125e-01 3.471663e-01 3.464894e-01 6.768890e-04
 5.552787e-01 3.383621e-01 3.395791e-01 3.389706e-01 6.084783e-04
 5.655813e-01 3.305013e-01 3.315905e-01 3.310459e-01 5.446004e-04
 5.760750e-01 3.222229e-01 3.231932e-01 3.227081e-01 4.851472e-04
 5.867635e-01 3.135210e-01 3.143810e-01 3.139510e-01 4.300047e-04
 5.976503e-01 3.043903e-01 3.051484e-01 3.047694e-01 3.790533e-04
 6.087390e-01 2.948267e-01 2.954910e-01 2.951588e-01 3.321672e-04
 6.200335e-01 2.848272e-01 2.854057e-01 2.851165e-01 2.892142e-04
 6.315376e-01 2.743908e-01 2.748909e-01 2.746409e-01 2.500561e-04
 6.432551e-01 2.635181e-01 2.639472e-01 2.637326e-01 2.145480e-04
 6.551900e-01 2.522119e-01 2.525770e-01 2.523945e-01 1.825385e-04
 6.673464e-01 2.404777e-01 2.407855e-01 2.406316e-01 1.538697e-04
 6.797283e-01 2.283243e-01 2.285811e-01 2.284527e-01 1.283773e-04
 6.923399e-01 2.157647e-01 2.159765e-01 2.158706e-01 1.058904e-04
 7.051855e-01 2.028166e-01 2.029891e-01 2.029029e-01 8.623209e-05
 7.182695e-01 1.895031e-01 1.896416e-01 1.895723e-01 6.921964e-05
 7.315962e-01 1.758537e-01 1.759630e-01 1.759084e-01 5.466485e-05
 7.451702e-01 1.619055e-01 1.619902e-01 1.619479e-01 4.237465e-05
 7.589961e-01 1.477040e-01 1.477683e-01 1.477362e-01 3.215192e-05
 7.730784e-01 1.333061e-01 1.333537e-01 1.333299e-01 2.379631e-05
 7.874221e-01 1.187865e-01 1.188207e-01 1.188036e-01 1.710554e-05
 8.020319e-01 1.042418e-01 1.042656e-01 1.042537e-01 1.187684e-05
 8.169127e-01 8.979289e-02 8.980871e-02 8.980080e-02 7.908879e-06
 8.320696e-01 7.558296e-02 7.559297e-02 7.558796e-02 5.003961e-06
 8.475078e-01 6.177582e-02 6.178176e-02 6.177879e-02 2.970591e-06
 8.632324e-01 4.855858e-02 4.856183e-02 4.856020e-02 1.626378e-06
 8.792488e-01 3.617203e-02 3.617363e-02 3.617283e-02 8.014475e-07
 8.955623e-01 2.498028e-02 2.498097e-02 2.498062e-02 3.428438e-07
 9.121785e-01 1.548676e-02 1.548700e-02 1.548688e-02 1.200765e-07
 9.291030e-01 8.226690e-03 8.226751e-03 8.226721e-03 3.090571e-08
 9.463415e-01 3.436618e-03 3.436627e-03 3.436623e-03 4.578326e-09
 9.638999e-01 9.199101e-04 9.199104e-04 9.199102e-04 1.590767e-10
 9.817840e-01 6.824362e-05 6.824362e-05 6.824362e-05 1.814683e-14