
 1.000000e-06 8.952289e-05 4.515077e+01 2.257543e+01 2.257534e+01
 1.027960e-06 9.157401e-05 4.467576e+01 2.233793e+01 2.233784e+01
 1.056701e-06 9.367173e-05 4.420536e+01 2.210273e+01 2.210263e+01
 1.086246e-06 9.581711e-05 4.373953e+01 2.186981e+01 2.186972e+01
 1.116617e-06 9.801121e-05 4.327822e+01 2.163916e+01 2.163906e+01
 1.147837e-06 1.002551e-04 4.282140e+01 2.141075e+01 2.141065e+01
 1.179930e-06 1.025500e-04 4.236902e+01 2.118456e+01 2.118446e+01
 1.212920e-06 1.048970e-04 4.192104e+01 2.096057e+01 2.096047e+01
 1.246833e-06 1.072972e-04 4.147744e+01 2.073877e+01 2.073866e+01
 1.281694e-06 1.097519e-04 4.103816e+01 2.051913e+01 2.051902e+01
 1.317530e-06 1.122623e-04 4.060316e+01 2.030164e+01 2.030153e+01
 1.354368e-06 1.148296e-04 4.017242e+01 2.008627e+01 2.008615e+01
 1.392235e-06 1.174551e-04 3.974588e+01 1.987300e+01 1.987288e+01
 1.431161e-06 1.201401e-04 3.932352e+01 1.966182e+01 1.966170e+01
 1.471176e-06 1.228860e-04 3.890529e+01 1.945271e+01 1.945259e+01
 1.512310e-06 1.256941e-04 3.849116e+01 1.924564e+01 1.924552e+01
 1.554593e-06 1.285658e-04 3.808110e+01 1.904061e+01 1.904048e+01
 1.598059e-06 1.315026e-04 3.767505e+01 1.883759e+01 1.883746e+01
 1.642740e-06 1.345059e-04 3.727299e+01 1.863656e+01 1.863643e+01
 1.688670e-06 1.375771e-04 3.687488e+01 1.843751e+01 1.843737e+01
 1.735885e-06 1.407179e-04 3.648069e+01 1.824042e+01 1.824028e+01
 1.784420e-06 1.439298e-04 3.609038e+01 1.804526e+01 1.804512e+01
 1.834311e-06 1.472143e-04 3.570391e+01 1.785203e+01 1.785188e+01
 1.885598e-06 1.505731e-04 3.532126e+01 1.766070e+01 1.766055e+01
 1.938319e-06 1.540079e-04 3.494238e+01 1.747126e+01 1.747111e+01
 1.992513e-06 1.575203e-04 3.456723e+01 1.728370e+01 1.728354e+01
 2.048223e-06 1.611121e-04 3.419580e+01 1.709798e+01 1.709782e+01
 2.105491e-06 1.647851e-04 3.382804e+01 1.691410e+01 1.691394e+01
 2.164359e-06 1.685411e-04 3.346392e+01 1.673204e+01 1.673187e+01
 2.224874e-06 1.723819e-04 3.310340e+01 1.655179e+01 1.655161e+01
 2.287080e-06 1.763095e-04 3.274646e+01 1.637332e+01 1.637314e+01
 2.351026e-06 1.803257e-04 3.239306e+01 1.619662e+01 1.619644e+01
 2.416760e-06 1.844326e-04 3.204316e+01 1.602167e+01 1.602149e+01
 2.484332e-06 1.886322e-04 3.169675e+01 1.584847e+01 1.584828e+01
 2.553793e-06 1.929266e-04 3.135377e+01 1.567698e+01 1.567679e+01
 2.625196e-06 1.973178e-04 3.101421e+01 1.550721e+01 1.550701e+01
 2.698595e-06 2.018080e-04 3.067804e+01 1.533912e+01 1.533892e+01
 2.774047e-06 2.063995e-04 3.034521e+01 1.517271e+01 1.517250e+01
 2.851608e-06 2.110945e-04 3.001570e+01 1.500796e+01 1.500775e+01
 2.931338e-06 2.158953e-04 2.968949e+01 1.484485e+01 1.484463e+01
 3.013297e-06 2.208043e-04 2.936653e+01 1.468337e+01 1.468315e+01
 3.097547e-06 2.258238e-04 2.904680e+01 1.452351e+01 1.452329e+01
 3.184154e-06 2.309564e-04 2.873027e+01 1.436525e+01 1.436502e+01
 3.273181e-06 2.362045e-04 2.841691e+01 1.420857e+01 1.420834e+01
 3.364698e-06 2.415708e-04 2.810669e+01 1.405347e+01 1.405322e+01
 3.458774e-06 2.470579e-04 2.779958e+01 1.389991e+01 1.389967e+01
 3.555480e-06 2.526684e-04 2.749556e+01 1.374791e+01 1.374765e+01
 3.654890e-06 2.584051e-04 2.719459e+01 1.359742e+01 1.359717e+01
 3.757079e-06 2.642708e-04 2.689665e+01 1.344845e+01 1.344819e+01
 3.862125e-06 2.702684e-04 2.660170e+01 1.330099e+01 1.330072e+01
 3.970109e-06 2.764008e-04 2.630973e+01 1.315500e+01 1.315473e+01
 4.081111e-06 2.826710e-04 2.602070e+01 1.301049e+01 1.301021e+01
 4.195218e-06 2.890820e-04 2.573458e+01 1.286743e+01 1.286715e+01
 4.312514e-06 2.956371e-04 2.545135e+01 1.272582e+01 1.272553e+01
 4.433090e-06 3.023393e-04 2.517099e+01 1.258565e+01 1.258534e+01
 4.557038e-06 3.091920e-04 2.489346e+01 1.244689e+01 1.244658e+01
 4.684451e-06 3.161986e-04 2.461874e+01 1.230953e+01 1.230921e+01
 4.815426e-06 3.233623e-04 2.434680e+01 1.217356e+01 1.217324e+01
 4.950064e-06 3.306867e-04 2.407762e+01 1.203898e+01 1.203865e+01
 5.088465e-06 3.381754e-04 2.381117e+01 1.190576e+01 1.190542e+01
 5.230737e-06 3.458320e-04 2.354743e+01 1.177389e+01 1.177354e+01
 5.376986e-06 3.536602e-04 2.328637e+01 1.164336e+01 1.164301e+01
 5.527325e-06 3.616639e-04 2.302796e+01 1.151416e+01 1.151380e+01
 5.681866e-06 3.698469e-04 2.277218e+01 1.138628e+01 1.138591e+01
 5.840729e-06 3.782131e-04 2.251901e+01 1.125970e+01 1.125932e+01
 6.004034e-06 3.867667e-04 2.226842e+01 1.113441e+01 1.113402e+01
 6.171904e-06 3.955118e-04 2.202039e+01 1.101039e+01 1.101000e+01
 6.344468e-06 4.044527e-04 2.177490e+01 1.088765e+01 1.088725e+01
 6.521857e-06 4.135935e-04 2.153191e+01 1.076616e+01 1.076575e+01
 6.704205e-06 4.229389e-04 2.129141e+01 1.064591e+01 1.064549e+01
 6.891652e-06 4.324932e-04 2.105337e+01 1.052690e+01 1.052647e+01
 7.084340e-06 4.422612e-04 2.081777e+01 1.040910e+01 1.040866e+01
 7.282415e-06 4.522475e-04 2.058458e+01 1.029252e+01 1.029207e+01
 7.486029e-06 4.624570e-04 2.035379e+01 1.017713e+01 1.017667e+01
 7.695335e-06 4.728945e-04 2.012538e+01 1.006293e+01 1.006245e+01
 7.910494e-06 4.835652e-04 1.989931e+01 9.949896e+00 9.949413e+00
 8.131668e-06 4.944741e-04 1.967557e+01 9.838031e+00 9.837536e+00
 8.359026e-06 5.056265e-04 1.945413e+01 9.727318e+00 9.726812e+00
 8.592741e-06 5.170278e-04 1.923498e+01 9.617747e+00 9.617230e+00
 8.832991e-06 5.286835e-04 1.901808e+01 9.509307e+00 9.508778e+00
 9.079958e-06 5.405991e-04 1.880343e+01 9.401987e+00 9.401446e+00
 9.333830e-06 5.527805e-04 1.859100e+01 9.295776e+00 9.295223e+00
 9.594800e-06 5.652334e-04 1.838076e+01 9.190665e+00 9.190100e+00
 9.863067e-06 5.779638e-04 1.817271e+01 9.086642e+00 9.086064e+00
 1.013883e-05 5.909778e-04 1.796680e+01 8.983697e+00 8.983106e+00
 1.042231e-05 6.042818e-04 1.776304e+01 8.881821e+00 8.881217e+00
 1.071372e-05 6.178820e-04 1.756139e+01 8.781002e+00 8.780385e+00
 1.101327e-05 6.317849e-04 1.736183e+01 8.681232e+00 8.680600e+00
 1.132119e-05 6.459973e-04 1.716435e+01 8.582499e+00 8.581853e+00
 1.163773e-05 6.605258e-04 1.696893e+01 8.484794e+00 8.484133e+00
 1.196312e-05 6.753776e-04 1.677554e+01 8.388107e+00 8.387432e+00
 1.229760e-05 6.905596e-04 1.658417e+01 8.292429e+00 8.291738e+00
 1.264144e-05 7.060791e-04 1.639479e+01 8.197750e+00 8.197044e+00
 1.299489e-05 7.219435e-04 1.620740e+01 8.104059e+00 8.103338e+00
 1.335822e-05 7.381603e-04 1.602196e+01 8.011349e+00 8.010611e+00
 1.373171e-05 7.547374e-04 1.583846e+01 7.919609e+00 7.918855e+00
 1.411564e-05 7.716826e-04 1.565689e+01 7.828831e+00 7.828059e+00
 1.451031e-05 7.890039e-04 1.547722e+01 7.739004e+00 7.738215e+00
 1.491601e-05 8.067097e-04 1.529943e+01 7.650120e+00 7.649313e+00
 1.533306e-05 8.248083e-04 1.512351e+01 7.562170e+00 7.561345e+00
 1.576176e-05 8.433083e-04 1.494944e+01 7.475144e+00 7.474301e+00
 1.620246e-05 8.622185e-04 1.477721e+01 7.389035e+00 7.388172e+00
 1.665547e-05 8.815479e-04 1.460678e+01 7.303832e+00 7.302951e+00
 1.712115e-05 9.013056e-04 1.443815e+01 7.219528e+00 7.218627e+00
 1.759985e-05 9.215010e-04 1.427131e+01 7.136114e+00 7.135192e+00
 1.809194e-05 9.421437e-04 1.410622e+01 7.053580e+00 7.052638e+00
 1.859778e-05 9.632435e-04 1.394288e+01 6.971920e+00 6.970956e+00
 1.911777e-05 9.848103e-04 1.378126e+01 6.891123e+00 6.890138e+00
 1.965229e-05 1.006854e-03 1.362136e+01 6.811182e+00 6.810176e+00
 2.020176e-05 1.029386e-03 1.346315e+01 6.732089e+00 6.731060e+00
 2.076659e-05 1.052416e-03 1.330662e+01 6.653835e+00 6.652783e+00
 2.134722e-05 1.075955e-03 1.315175e+01 6.576413e+00 6.575337e+00
 2.194408e-05 1.100014e-03 1.299853e+01 6.499813e+00 6.498713e+00
 2.255763e-05 1.124605e-03 1.284693e+01 6.424029e+00 6.422904e+00
 2.318833e-05 1.149739e-03 1.269695e+01 6.349052e+00 6.347902e+00
 2.383667e-05 1.175428e-03 1.254857e+01 6.274874e+00 6.273699e+00
 2.450313e-05 1.201684e-03 1.240178e+01 6.201488e+00 6.200287e+00
 2.518823e-05 1.228520e-03 1.225654e+01 6.128886e+00 6.127658e+00
 2.589248e-05 1.255947e-03 1.211287e+01 6.057061e+00 6.055805e+00
 2.661642e-05 1.283979e-03 1.197072e+01 5.986004e+00 5.984720e+00
 2.736061e-05 1.312630e-03 1.183010e+01 5.915708e+00 5.914395e+00
 2.812560e-05 1.341912e-03 1.169099e+01 5.846166e+00 5.844824e+00
 2.891198e-05 1.371839e-03 1.155337e+01 5.777370e+00 5.775998e+00
 2.972035e-05 1.402425e-03 1.141722e+01 5.709314e+00 5.707911e+00
 3.055132e-05 1.433685e-03 1.128254e+01 5.641989e+00 5.640555e+00
 3.140552e-05 1.465632e-03 1.114931e+01 5.575389e+00 5.573923e+00
 3.228361e-05 1.498283e-03 1.101752e+01 5.509507e+00 5.508009e+00
 3.318624e-05 1.531652e-03 1.088714e+01 5.444335e+00 5.442804e+00
 3.411412e-05 1.565755e-03 1.075817e+01 5.379867e+00 5.378301e+00
 3.506793e-05 1.600608e-03 1.063059e+01 5.316096e+00 5.314495e+00
 3.604842e-05 1.636226e-03 1.050439e+01 5.253014e+00 5.251378e+00
 3.705632e-05 1.672627e-03 1.037956e+01 5.190616e+00 5.188943e+00
 3.809240e-05 1.709828e-03 1.025608e+01 5.128894e+00 5.127184e+00
 3.915745e-05 1.747845e-03 1.013394e+01 5.067842e+00 5.066094e+00
 4.025227e-05 1.786697e-03 1.001312e+01 5.007452e+00 5.005666e+00
 4.137771e-05 1.826401e-03 9.893613e+00 4.947719e+00 4.945893e+00
 4.253462e-05 1.866977e-03 9.775407e+00 4.888637e+00 4.886770e+00
 4.372387e-05 1.908441e-03 9.658487e+00 4.830198e+00 4.828289e+00
 4.494637e-05 1.950815e-03 9.542841e+00 4.772396e+00 4.770445e+00
 4.620305e-05 1.994117e-03 9.428456e+00 4.715225e+00 4.713231e+00
 4.749487e-05 2.038368e-03 9.315319e+00 4.658679e+00 4.656641e+00
 4.882281e-05 2.083588e-03 9.203419e+00 4.602751e+00 4.600668e+00
 5.018787e-05 2.129798e-03 9.092742e+00 4.547436e+00 4.545306e+00
 5.159111e-05 2.177019e-03 8.983277e+00 4.492727e+00 4.490550e+00
 5.303357e-05 2.225273e-03 8.875012e+00 4.438618e+00 4.436393e+00
 5.451637e-05 2.274582e-03 8.767934e+00 4.385104e+00 4.382829e+00
 5.604063e-05 2.324969e-03 8.662031e+00 4.332178e+00 4.329853e+00
 5.760750e-05 2.376458e-03 8.557293e+00 4.279835e+00 4.277458e+00
 5.921818e-05 2.429071e-03 8.453707e+00 4.228068e+00 4.225639e+00
 6.087390e-05 2.482833e-03 8.351262e+00 4.176872e+00 4.174390e+00
 6.257591e-05 2.537769e-03 8.249946e+00 4.126242e+00 4.123704e+00
 6.432551e-05 2.593904e-03 8.149749e+00 4.076171e+00 4.073577e+00
 6.612403e-05 2.651264e-03 8.050658e+00 4.026655e+00 4.024003e+00
 6.797283e-05 2.709874e-03 7.952663e+00 3.977686e+00 3.974976e+00
 6.987332e-05 2.769762e-03 7.855753e+00 3.929261e+00 3.926491e+00
 7.182695e-05 2.830956e-03 7.759916e+00 3.881374e+00 3.878543e+00
 7.383520e-05 2.893482e-03 7.665143e+00 3.834018e+00 3.831125e+00
 7.589961e-05 2.957371e-03 7.571422e+00 3.787190e+00 3.784232e+00
 7.802173e-05 3.022650e-03 7.478743e+00 3.740883e+00 3.737860e+00
 8.020319e-05 3.089350e-03 7.387095e+00 3.695092e+00 3.692003e+00
 8.244563e-05 3.157501e-03 7.296468e+00 3.649813e+00 3.646655e+00
 8.475078e-05 3.227134e-03 7.206852e+00 3.605040e+00 3.601812e+00
 8.712038e-05 3.298281e-03 7.118236e+00 3.560767e+00 3.557469e+00
 8.955623e-05 3.370974e-03 7.030610e+00 3.516990e+00 3.513619e+00
 9.206019e-05 3.445246e-03 6.943964e+00 3.473705e+00 3.470259e+00
 9.463415e-05 3.521131e-03 6.858289e+00 3.430905e+00 3.427384e+00
 9.728009e-05 3.598664e-03 6.773574e+00 3.388586e+00 3.384988e+00
 1.000000e-04 3.677879e-03 6.689809e+00 3.346744e+00 3.343066e+00
 1.027960e-04 3.758812e-03 6.606986e+00 3.305372e+00 3.301614e+00
 1.056701e-04 3.841501e-03 6.525094e+00 3.264468e+00 3.260626e+00
 1.086246e-04 3.925982e-03 6.444124e+00 3.224025e+00 3.220099e+00
 1.116617e-04 4.012294e-03 6.364067e+00 3.184040e+00 3.180027e+00
 1.147837e-04 4.100475e-03 6.284913e+00 3.144507e+00 3.140406e+00
 1.179930e-04 4.190566e-03 6.206653e+00 3.105422e+00 3.101231e+00
 1.212920e-04 4.282607e-03 6.129278e+00 3.066780e+00 3.062498e+00
 1.246833e-04 4.376639e-03 6.052779e+00 3.028578e+00 3.024201e+00
 1.281694e-04 4.472706e-03 5.977146e+00 2.990810e+00 2.986337e+00
 1.317530e-04 4.570849e-03 5.902372e+00 2.953472e+00 2.948901e+00
 1.354368e-04 4.671114e-03 5.828448e+00 2.916559e+00 2.911888e+00
 1.392235e-04 4.773545e-03 5.755363e+00 2.880068e+00 2.875295e+00
 1.431161e-04 4.878188e-03 5.683111e+00 2.843995e+00 2.839116e+00
 1.471176e-04 4.985090e-03 5.611682e+00 2.808334e+00 2.803349e+00
 1.512310e-04 5.094300e-03 5.541069e+00 2.773081e+00 2.767987e+00
 1.554593e-04 5.205866e-03 5.471261e+00 2.738234e+00 2.733028e+00
 1.598059e-04 5.319837e-03 5.402252e+00 2.703786e+00 2.698466e+00
 1.642740e-04 5.436265e-03 5.334034e+00 2.669735e+00 2.664299e+00
 1.688670e-04 5.555203e-03 5.266597e+00 2.636076e+00 2.630521e+00
 1.735885e-04 5.676702e-03 5.199934e+00 2.602805e+00 2.597129e+00
 1.784420e-04 5.800818e-03 5.134037e+00 2.569919e+00 2.564118e+00
 1.834311e-04 5.927605e-03 5.068898e+00 2.537413e+00 2.531485e+00
 1.885598e-04 6.057120e-03 5.004509e+00 2.505283e+00 2.499226e+00
 1.938319e-04 6.189420e-03 4.940862e+00 2.473526e+00 2.467336e+00
 1.992513e-04 6.324566e-03 4.877950e+00 2.442137e+00 2.435813e+00
 2.048223e-04 6.462615e-03 4.815766e+00 2.411114e+00 2.404652e+00
 2.105491e-04 6.603631e-03 4.754301e+00 2.380452e+00 2.373848e+00
 2.164359e-04 6.747675e-03 4.693548e+00 2.350148e+00 2.343400e+00
 2.224874e-04 6.894811e-03 4.633499e+00 2.320197e+00 2.313302e+00
 2.287080e-04 7.045105e-03 4.574148e+00 2.290597e+00 2.283552e+00
 2.351026e-04 7.198622e-03 4.515488e+00 2.261343e+00 2.254145e+00
 2.416760e-04 7.355431e-03 4.457510e+00 2.232433e+00 2.225077e+00
 2.484332e-04 7.515602e-03 4.400208e+00 2.203862e+00 2.196346e+00
 2.553793e-04 7.679204e-03 4.343575e+00 2.175627e+00 2.167948e+00
 2.625196e-04 7.846311e-03 4.287604e+00 2.147725e+00 2.139879e+00
 2.698595e-04 8.016995e-03 4.232288e+00 2.120152e+00 2.112135e+00
 2.774047e-04 8.191332e-03 4.177619e+00 2.092905e+00 2.084714e+00
 2.851608e-04 8.369399e-03 4.123593e+00 2.065981e+00 2.057612e+00
 2.931338e-04 8.551273e-03 4.070201e+00 2.039376e+00 2.030825e+00
 3.013297e-04 8.737036e-03 4.017436e+00 2.013087e+00 2.004350e+00
 3.097547e-04 8.926768e-03 3.965294e+00 1.987110e+00 1.978184e+00
 3.184154e-04 9.120553e-03 3.913766e+00 1.961443e+00 1.952323e+00
 3.273181e-04 9.318476e-03 3.862847e+00 1.936083e+00 1.926764e+00
 3.364698e-04 9.520623e-03 3.812530e+00 1.911025e+00 1.901505e+00
 3.458774e-04 9.727084e-03 3.762809e+00 1.886268e+00 1.876541e+00
 3.555480e-04 9.937948e-03 3.713677e+00 1.861808e+00 1.851870e+00
 3.654890e-04 1.015331e-02 3.665129e+00 1.837641e+00 1.827488e+00
 3.757079e-04 1.037326e-02 3.617158e+00 1.813766e+00 1.803392e+00
 3.862125e-04 1.059789e-02 3.569758e+00 1.790178e+00 1.779580e+00
 3.970109e-04 1.082731e-02 3.522923e+00 1.766875e+00 1.756048e+00
 4.081111e-04 1.106161e-02 3.476648e+00 1.743855e+00 1.732793e+00
 4.195218e-04 1.130090e-02 3.430926e+00 1.721113e+00 1.709813e+00
 4.312514e-04 1.154528e-02 3.385751e+00 1.698648e+00 1.687103e+00
 4.433090e-04 1.179485e-02 3.341119e+00 1.676457e+00 1.664662e+00
 4.557038e-04 1.204973e-02 3.297022e+00 1.654536e+00 1.642486e+00
 4.684451e-04 1.231003e-02 3.253456e+00 1.632883e+00 1.620573e+00
 4.815426e-04 1.257585e-02 3.210415e+00 1.611495e+00 1.598919e+00
 4.950064e-04 1.284732e-02 3.167892e+00 1.590370e+00 1.577523e+00
 5.088465e-04 1.312455e-02 3.125884e+00 1.569504e+00 1.556380e+00
 5.230737e-04 1.340766e-02 3.084384e+00 1.548896e+00 1.535488e+00
 5.376986e-04 1.369678e-02 3.043387e+00 1.528542e+00 1.514845e+00
 5.527325e-04 1.399202e-02 3.002888e+00 1.508440e+00 1.494448e+00
 5.681866e-04 1.429353e-02 2.962882e+00 1.488588e+00 1.474294e+00
 5.840729e-04 1.460142e-02 2.923362e+00 1.468982e+00 1.454380e+00
 6.004034e-04 1.491583e-02 2.884325e+00 1.449620e+00 1.434705e+00
 6.171904e-04 1.523690e-02 2.845765e+00 1.430501e+00 1.415264e+00
 6.344468e-04 1.556476e-02 2.807677e+00 1.411621e+00 1.396056e+00
 6.521857e-04 1.589956e-02 2.770055e+00 1.392977e+00 1.377078e+00
 6.704205e-04 1.624143e-02 2.732896e+00 1.374569e+00 1.358327e+00
 6.891652e-04 1.659054e-02 2.696194e+00 1.356392e+00 1.339802e+00
 7.084340e-04 1.694703e-02 2.659945e+00 1.338446e+00 1.321499e+00
 7.282415e-04 1.731104e-02 2.624143e+00 1.320727e+00 1.303416e+00
 7.486029e-04 1.768275e-02 2.588784e+00 1.303233e+00 1.285551e+00
 7.695335e-04 1.806230e-02 2.553863e+00 1.285963e+00 1.267900e+00
 7.910494e-04 1.844986e-02 2.519376e+00 1.268913e+00 1.250463e+00
 8.131668e-04 1.884560e-02 2.485317e+00 1.252082e+00 1.233236e+00
 8.359026e-04 1.924969e-02 2.451684e+00 1.235467e+00 1.216217e+00
 8.592741e-04 1.966230e-02 2.418470e+00 1.219066e+00 1.199404e+00
 8.832991e-04 2.008360e-02 2.385672e+00 1.202878e+00 1.182794e+00
 9.079958e-04 2.051379e-02 2.353285e+00 1.186899e+00 1.166385e+00
 9.333830e-04 2.095303e-02 2.321305e+00 1.171129e+00 1.150176e+00
 9.594800e-04 2.140153e-02 2.289727e+00 1.155564e+00 1.134163e+00
 9.863067e-04 2.185947e-02 2.258548e+00 1.140204e+00 1.118344e+00
 1.013883e-03 2.232705e-02 2.227763e+00 1.125045e+00 1.102718e+00
 1.042231e-03 2.280447e-02 2.197368e+00 1.110086e+00 1.087282e+00
 1.071372e-03 2.329193e-02 2.167359e+00 1.095326e+00 1.072034e+00
 1.101327e-03 2.378964e-02 2.137732e+00 1.080761e+00 1.056971e+00
 1.132119e-03 2.429782e-02 2.108483e+00 1.066391e+00 1.042093e+00
 1.163773e-03 2.481668e-02 2.079608e+00 1.052212e+00 1.027396e+00
 1.196312e-03 2.534644e-02 2.051103e+00 1.038225e+00 1.012878e+00
 1.229760e-03 2.588734e-02 2.022964e+00 1.024426e+00 9.985385e-01
 1.264144e-03 2.643959e-02 1.995188e+00 1.010814e+00 9.843742e-01
 1.299489e-03 2.700344e-02 1.967770e+00 9.973869e-01 9.703834e-01
 1.335822e-03 2.757913e-02 1.940707e+00 9.841433e-01 9.565642e-01
 1.373171e-03 2.816691e-02 1.913996e+00 9.710814e-01 9.429145e-01
 1.411564e-03 2.876702e-02 1.887632e+00 9.581995e-01 9.294325e-01
 1.451031e-03 2.937972e-02 1.861612e+00 9.454959e-01 9.161161e-01
 1.491601e-03 3.000528e-02 1.835933e+00 9.329689e-01 9.029636e-01
 1.533306e-03 3.064396e-02 1.810590e+00 9.206170e-01 8.899730e-01
 1.576176e-03 3.129603e-02 1.785581e+00 9.084386e-01 8.771425e-01
 1.620246e-03 3.196178e-02 1.760902e+00 8.964320e-01 8.644702e-01
 1.665547e-03 3.264148e-02 1.736550e+00 8.845958e-01 8.519543e-01
 1.712115e-03 3.333543e-02 1.712521e+00 8.729284e-01 8.395930e-01
 1.759985e-03 3.404393e-02 1.688813e+00 8.614284e-01 8.273845e-01
 1.809194e-03 3.476727e-02 1.665421e+00 8.500942e-01 8.153270e-01
 1.859778e-03 3.550578e-02 1.642343e+00 8.389245e-01 8.034187e-01
 1.911777e-03 3.625975e-02 1.619576e+00 8.279178e-01 7.916580e-01
 1.965229e-03 3.702953e-02 1.597116e+00 8.170727e-01 7.800431e-01
 2.020176e-03 3.781543e-02 1.574960e+00 8.063878e-01 7.685724e-01
 2.076659e-03 3.861780e-02 1.553106e+00 7.958618e-01 7.572440e-01
 2.134722e-03 3.943697e-02 1.531550e+00 7.854934e-01 7.460565e-01
 2.194408e-03 4.027331e-02 1.510289e+00 7.752813e-01 7.350080e-01
 2.255763e-03 4.112716e-02 1.489321e+00 7.652242e-01 7.240971e-01
 2.318833e-03 4.199891e-02 1.468643e+00 7.553209e-01 7.133220e-01
 2.383667e-03 4.288891e-02 1.448251e+00 7.455701e-01 7.026812e-01
 2.450313e-03 4.379756e-02 1.428144e+00 7.359707e-01 6.921731e-01
 2.518823e-03 4.472525e-02 1.408318e+00 7.265214e-01 6.817962e-01
 2.589248e-03 4.567237e-02 1.388770e+00 7.172212e-01 6.715488e-01
 2.661642e-03 4.663934e-02 1.369498e+00 7.080689e-01 6.614295e-01
 2.736061e-03 4.762657e-02 1.350500e+00 6.990633e-01 6.514368e-01
 2.812560e-03 4.863449e-02 1.331773e+00 6.902036e-01 6.415691e-01
 2.891198e-03 4.966354e-02 1.313313e+00 6.814885e-01 6.318250e-01
 2.972035e-03 5.071416e-02 1.295120e+00 6.729171e-01 6.222030e-01
 3.055132e-03 5.178681e-02 1.277190e+00 6.644884e-01 6.127016e-01
 3.140552e-03 5.288196e-02 1.259521e+00 6.562014e-01 6.033195e-01
 3.228361e-03 5.400008e-02 1.242110e+00 6.480552e-01 5.940551e-01
 3.318624e-03 5.514166e-02 1.224956e+00 6.400489e-01 5.849072e-01
 3.411412e-03 5.630720e-02 1.208056e+00 6.321815e-01 5.758743e-01
 3.506793e-03 5.749720e-02 1.191407e+00 6.244522e-01 5.669550e-01
 3.604842e-03 5.871219e-02 1.175008e+00 6.168602e-01 5.581480e-01
 3.705632e-03 5.995271e-02 1.158857e+00 6.094047e-01 5.494520e-01
 3.809240e-03 6.121929e-02 1.142950e+00 6.020848e-01 5.408656e-01
 3.915745e-03 6.251249e-02 1.127287e+00 5.948999e-01 5.323874e-01
 4.025227e-03 6.383288e-02 1.111865e+00 5.878492e-01 5.240163e-01
 4.137771e-03 6.518105e-02 1.096683e+00 5.809319e-01 5.157509e-01
 4.253462e-03 6.655760e-02 1.081737e+00 5.741475e-01 5.075899e-01
 4.372387e-03 6.796312e-02 1.067027e+00 5.674953e-01 4.995321e-01
 4.494637e-03 6.939826e-02 1.052551e+00 5.609746e-01 4.915763e-01
 4.620305e-03 7.086363e-02 1.038306e+00 5.545849e-01 4.837213e-01
 4.749487e-03 7.235991e-02 1.024291e+00 5.483256e-01 4.759657e-01
 4.882281e-03 7.388776e-02 1.010505e+00 5.421963e-01 4.683085e-01
 5.018787e-03 7.544786e-02 9.969447e-01 5.361963e-01 4.607484e-01
 5.159111e-03 7.704091e-02 9.836095e-01 5.303252e-01 4.532843e-01
 5.303357e-03 7.866763e-02 9.704977e-01 5.245826e-01 4.459150e-01
 5.451637e-03 8.032875e-02 9.576075e-01 5.189681e-01 4.386394e-01
 5.604063e-03 8.202503e-02 9.449377e-01 5.134814e-01 4.314563e-01
 5.760750e-03 8.375724e-02 9.324866e-01 5.081219e-01 4.243647e-01
 5.921818e-03 8.552615e-02 9.202529e-01 5.028895e-01 4.173634e-01
 6.087390e-03 8.733258e-02 9.082352e-01 4.977839e-01 4.104513e-01
 6.257591e-03 8.917736e-02 8.964322e-01 4.928048e-01 4.036274e-01
 6.432551e-03 9.106132e-02 8.848426e-01 4.879520e-01 3.968906e-01
 6.612403e-03 9.298533e-02 8.734652e-01 4.832252e-01 3.902399e-01
 6.797283e-03 9.495027e-02 8.622987e-01 4.786245e-01 3.836742e-01
 6.987332e-03 9.695707e-02 8.513421e-01 4.741496e-01 3.771925e-01
 7.182695e-03 9.900663e-02 8.405943e-01 4.698005e-01 3.707938e-01
 7.383520e-03 1.010999e-01 8.300542e-01 4.655771e-01 3.644772e-01
 7.589961e-03 1.032379e-01 8.197209e-01 4.614794e-01 3.582415e-01
 7.802173e-03 1.054216e-01 8.095933e-01 4.575075e-01 3.520859e-01
 8.020319e-03 1.076520e-01 7.996707e-01 4.536613e-01 3.460093e-01
 8.244563e-03 1.099301e-01 7.899520e-01 4.499411e-01 3.400110e-01
 8.475078e-03 1.122571e-01 7.804367e-01 4.463469e-01 3.340898e-01
 8.712038e-03 1.146340e-01 7.711239e-01 4.428790e-01 3.282449e-01
 8.955623e-03 1.170620e-01 7.620129e-01 4.395374e-01 3.224754e-01
 9.206019e-03 1.195422e-01 7.531031e-01 4.363226e-01 3.167804e-01
 9.463415e-03 1.220758e-01 7.443938e-01 4.332348e-01 3.111590e-01
 9.728009e-03 1.246639e-01 7.358847e-01 4.302743e-01 3.056104e-01
 1.000000e-02 1.273079e-01 7.275751e-01 4.274415e-01 3.001336e-01
 1.027960e-02 1.300089e-01 7.194647e-01 4.247368e-01 2.947279e-01
 1.056701e-02 1.327683e-01 7.115531e-01 4.221607e-01 2.893924e-01
 1.086246e-02 1.355875e-01 7.038399e-01 4.197137e-01 2.841262e-01
 1.116617e-02 1.384677e-01 6.963250e-01 4.173963e-01 2.789286e-01
 1.147837e-02 1.414103e-01 6.890080e-01 4.152091e-01 2.737988e-01
 1.179930e-02 1.444168e-01 6.818888e-01 4.131528e-01 2.687360e-01
 1.212920e-02 1.474886e-01 6.749674e-01 4.112280e-01 2.637394e-01
 1.246833e-02 1.506272e-01 6.682437e-01 4.094355e-01 2.588082e-01
 1.281694e-02 1.538342e-01 6.617176e-01 4.077759e-01 2.539417e-01
 1.317530e-02 1.571110e-01 6.553894e-01 4.062502e-01 2.491392e-01
 1.354368e-02 1.604593e-01 6.492591e-01 4.048592e-01 2.443999e-01
 1.392235e-02 1.638807e-01 6.433269e-01 4.036038e-01 2.397231e-01
 1.431161e-02 1.673769e-01 6.375930e-01 4.024849e-01 2.351080e-01
 1.471176e-02 1.709495e-01 6.320578e-01 4.015036e-01 2.305541e-01
 1.512310e-02 1.746003e-01 6.267216e-01 4.006609e-01 2.260607e-01
 1.554593e-02 1.783310e-01 6.215848e-01 3.999579e-01 2.216269e-01
 1.598059e-02 1.821434e-01 6.166479e-01 3.993957e-01 2.172523e-01
 1.642740e-02 1.860395e-01 6.119115e-01 3.989755e-01 2.129360e-01
 1.688670e-02 1.900210e-01 6.073762e-01 3.986986e-01 2.086776e-01
 1.735885e-02 1.940899e-01 6.030425e-01 3.985662e-01 2.044763e-01
 1.784420e-02 1.982480e-01 5.989112e-01 3.985796e-01 2.003316e-01
 1.834311e-02 2.024975e-01 5.949831e-01 3.987403e-01 1.962428e-01
 1.885598e-02 2.068402e-01 5.912590e-01 3.990496e-01 1.922094e-01
 1.938319e-02 2.112783e-01 5.877396e-01 3.995090e-01 1.882307e-01
 1.992513e-02 2.158137e-01 5.844261e-01 4.001199e-01 1.843062e-01
 2.048223e-02 2.204487e-01 5.813192e-01 4.008840e-01 1.804353e-01
 2.105491e-02 2.251853e-01 5.784201e-01 4.018027e-01 1.766174e-01
 2.164359e-02 2.300257e-01 5.757298e-01 4.028777e-01 1.728521e-01
 2.224874e-02 2.349720e-01 5.732494e-01 4.041107e-01 1.691387e-01
 2.287080e-02 2.400265e-01 5.709800e-01 4.055033e-01 1.654768e-01
 2.351026e-02 2.451913e-01 5.689229e-01 4.070571e-01 1.618658e-01
 2.416760e-02 2.504687e-01 5.670792e-01 4.087740e-01 1.583052e-01
 2.484332e-02 2.558610e-01 5.654502e-01 4.106556e-01 1.547946e-01
 2.553793e-02 2.613703e-01 5.640372e-01 4.127037e-01 1.513334e-01
 2.625196e-02 2.669989e-01 5.628413e-01 4.149201e-01 1.479212e-01
 2.698595e-02 2.727491e-01 5.618641e-01 4.173066e-01 1.445575e-01
 2.774047e-02 2.786230e-01 5.611066e-01 4.198648e-01 1.412418e-01
 2.851608e-02 2.846229e-01 5.605704e-01 4.225966e-01 1.379738e-01
 2.931338e-02 2.907509e-01 5.602565e-01 4.255037e-01 1.347528e-01
 3.013297e-02 2.970091e-01 5.601665e-01 4.285878e-01 1.315787e-01
 3.097547e-02 3.033998e-01 5.603013e-01 4.318506e-01 1.284508e-01
 3.184154e-02 3.099249e-01 5.606624e-01 4.352937e-01 1.253688e-01
 3.273181e-02 3.165863e-01 5.612509e-01 4.389186e-01 1.223323e-01
 3.364698e-02 3.233860e-01 5.620679e-01 4.427270e-01 1.193409e-01
 3.458774e-02 3.303259e-01 5.631143e-01 4.467201e-01 1.163942e-01
 3.555480e-02 3.374075e-01 5.643913e-01 4.508994e-01 1.134919e-01
 3.654890e-02 3.446324e-01 5.658995e-01 4.552659e-01 1.106335e-01
 3.757079e-02 3.520021e-01 5.676397e-01 4.598209e-01 1.078188e-01
 3.862125e-02 3.595179e-01 5.696125e-01 4.645652e-01 1.050473e-01
 3.970109e-02 3.671808e-01 5.718182e-01 4.694995e-01 1.023187e-01
 4.081111e-02 3.749918e-01 5.742571e-01 4.746244e-01 9.963268e-02
 4.195218e-02 3.829513e-01 5.769292e-01 4.799403e-01 9.698893e-02
 4.312514e-02 3.910600e-01 5.798342e-01 4.854471e-01 9.438712e-02
 4.433090e-02 3.993178e-01 5.829717e-01 4.911447e-01 9.182693e-02
 4.557038e-02 4.077246e-01 5.863407e-01 4.970326e-01 8.930806e-02
 4.684451e-02 4.162798e-01 5.899402e-01 5.031100e-01 8.683021e-02
 4.815426e-02 4.249824e-01 5.937686e-01 5.093755e-01 8.439310e-02
 4.950064e-02 4.338312e-01 5.978241e-01 5.158276e-01 8.199645e-02
 5.088465e-02 4.428243e-01 6.021042e-01 5.224642e-01 7.963997e-02
 5.230737e-02 4.519593e-01 6.066061e-01 5.292827e-01 7.732341e-02
 5.376986e-02 4.612335e-01 6.113265e-01 5.362800e-01 7.504650e-02
 5.527325e-02 4.706433e-01 6.162613e-01 5.434523e-01 7.280899e-02
 5.681866e-02 4.801847e-01 6.214059e-01 5.507953e-01 7.061063e-02
 5.840729e-02 4.898528e-01 6.267552e-01 5.583040e-01 6.845118e-02
 6.004034e-02 4.996423e-01 6.323031e-01 5.659727e-01 6.633041e-02
 6.171904e-02 5.095467e-01 6.380428e-01 5.737948e-01 6.424808e-02
 6.344468e-02 5.195591e-01 6.439670e-01 5.817631e-01 6.220398e-02
 6.521857e-02 5.296717e-01 6.500674e-01 5.898696e-01 6.019788e-02
 6.704205e-02 5.398759e-01 6.563351e-01 5.981055e-01 5.822958e-02
 6.891652e-02 5.501626e-01 6.627603e-01 6.064614e-01 5.629886e-02
 7.084340e-02 5.605214e-01 6.693325e-01 6.149270e-01 5.440553e-02
 7.282415e-02 5.709416e-01 6.760403e-01 6.234909e-01 5.254938e-02
 7.486029e-02 5.814111e-01 6.828715e-01 6.321413e-01 5.073022e-02
 7.695335e-02 5.919172e-01 6.898129e-01 6.408650e-01 4.894787e-02
 7.910494e-02 6.024460e-01 6.968503e-01 6.496481e-01 4.720212e-02
 8.131668e-02 6.129829e-01 7.039685e-01 6.584757e-01 4.549281e-02
 8.359026e-02 6.235119e-01 7.111513e-01 6.673316e-01 4.381974e-02
 8.592741e-02 6.340161e-01 7.183816e-01 6.761988e-01 4.218275e-02
 8.832991e-02 6.444776e-01 7.256409e-01 6.850592e-01 4.058165e-02
 9.079958e-02 6.548771e-01 7.329096e-01 6.938933e-01 3.901627e-02
 9.333830e-02 6.651943e-01 7.401672e-01 7.026807e-01 3.748644e-02
 9.594800e-02 6.754077e-01 7.473917e-01 7.113997e-01 3.599198e-02
 9.863067e-02 6.854946e-01 7.545601e-01 7.200273e-01 3.453272e-02
 1.013883e-01 6.954310e-01 7.616480e-01 7.285395e-01 3.310850e-02
 1.042231e-01 7.051916e-01 7.686299e-01 7.369107e-01 3.171914e-02
 1.071372e-01 7.147500e-01 7.754790e-01 7.451145e-01 3.036446e-02
 1.101327e-01 7.240786e-01 7.821672e-01 7.531229e-01 2.904428e-02
 1.132119e-01 7.331484e-01 7.886653e-01 7.609069e-01 2.775844e-02
 1.163773e-01 7.419293e-01 7.949428e-01 7.684361e-01 2.650675e-02
 1.196312e-01 7.503902e-01 8.009682e-01 7.756792e-01 2.528902e-02
 1.229760e-01 7.584987e-01 8.067089e-01 7.826038e-01 2.410506e-02
 1.264144e-01 7.662218e-01 8.121312e-01 7.891765e-01 2.295469e-02
 1.299489e-01 7.735252e-01 8.172006e-01 7.953629e-01 2.183769e-02
 1.335822e-01 7.803741e-01 8.218819e-01 8.011280e-01 2.075386e-02
 1.373171e-01 7.867329e-01 8.261389e-01 8.064359e-01 1.970299e-02
 1.411564e-01 7.925652e-01 8.299349e-01 8.112501e-01 1.868486e-02
 1.451031e-01 7.978345e-01 8.332329e-01 8.155337e-01 1.769923e-02
 1.491601e-01 8.025037e-01 8.359955e-01 8.192496e-01 1.674585e-02
 1.533306e-01 8.065359e-01 8.381849e-01 8.223604e-01 1.582449e-02
 1.576176e-01 8.098939e-01 8.397636e-01 8.248288e-01 1.493487e-02
 1.620246e-01 8.125410e-01 8.406944e-01 8.266177e-01 1.407671e-02
 1.665547e-01 8.144409e-01 8.409404e-01 8.276906e-01 1.324973e-02
 1.712115e-01 8.155577e-01 8.404649e-01 8.280113e-01 1.245362e-02
 1.759985e-01 8.158561e-01 8.392322e-01 8.275442e-01 1.168807e-02
 1.809194e-01 8.153016e-01 8.372071e-01 8.262543e-01 1.095272e-02
 1.859778e-01 8.138608e-01 8.343553e-01 8.241081e-01 1.024725e-02
 1.911777e-01 8.115017e-01 8.306443e-01 8.210730e-01 9.571266e-03
 1.965229e-01 8.081940e-01 8.260428e-01 8.171184e-01 8.924389e-03
 2.020176e-01 8.039095e-01 8.205219e-01 8.122157e-01 8.306209e-03
 2.076659e-01 7.986225e-01 8.140551e-01 8.063388e-01 7.716298e-03
 2.134722e-01 7.923102e-01 8.066186e-01 7.994644e-01 7.154209e-03
 2.194408e-01 7.849527e-01 7.981917e-01 7.915722e-01 6.619470e-03
 2.255763e-01 7.765337e-01 7.887569e-01 7.826453e-01 6.111591e-03
 2.318833e-01 7.670399e-01 7.783000e-01 7.726700e-01 5.630057e-03
 2.383667e-01 7.564620e-01 7.668107e-01 7.616364e-01 5.174332e-03
 2.450313e-01 7.447950e-01 7.542827e-01 7.495388e-01 4.743856e-03
 2.518823e-01 7.320384e-01 7.407145e-01 7.363764e-01 4.338046e-03
 2.589248e-01 7.181970e-01 7.261096e-01 7.221533e-01 3.956297e-03
 2.661642e-01 7.032814e-01 7.104774e-01 7.068794e-01 3.597980e-03
 2.736061e-01 6.873079e-01 6.938328e-01 6.905704e-01 3.262443e-03
 2.812560e-01 6.702987e-01 6.761967e-01 6.732477e-01 2.949012e-03
 2.891198e-01 6.522819e-01 6.575959e-01 6.549389e-01 2.656993e-03
 2.972035e-01 6.332922e-01 6.380636e-01 6.356779e-01 2.385667e-03
 3.055132e-01 6.133712e-01 6.176398e-01 6.155055e-01 2.134300e-03
 3.140552e-01 5.925675e-01 5.963718e-01 5.944697e-01 1.902136e-03
 3.228361e-01 5.709375e-01 5.743143e-01 5.726259e-01 1.688403e-03
 3.318624e-01 5.485444e-01 5.515291e-01 5.500368e-01 1.492313e-03
 3.411412e-01 5.254590e-01 5.280851e-01 5.267720e-01 1.313063e-03
 3.506793e-01 5.017587e-01 5.040584e-01 5.029085e-01 1.149840e-03
 3.604842e-01 4.775286e-01 4.795322e-01 4.785304e-01 1.001820e-03
 3.705632e-01 4.528608e-01 4.545971e-01 4.537289e-01 8.681724e-04
 3.809240e-01 4.278544e-01 4.293505e-01 4.286024e-01 7.480629e-04
 3.915745e-01 4.026145e-01 4.038958e-01 4.032552e-01 6.406549e-04
 4.025227e-01 3.772519e-01 3.783421e-01 3.777970e-01 5.451136e-04
 4.137771e-01 3.518823e-01 3.528035e-01 3.523429e-01 4.606094e-04
 4.253462e-01 3.266261e-01 3.273988e-01 3.270125e-01 3.863209e-04
 4.372387e-01 3.016072e-01 3.022501e-01 3.019287e-01 3.214387e-04
 4.494637e-01 2.769513e-01 2.774817e-01 2.772165e-01 2.651687e-04
 4.620305e-01 2.527851e-01 2.532186e-01 2.530019e-01 2.167365e-04
 4.749487e-01 2.292350e-01 2.295858e-01 2.294104e-01 1.753902e-04
 4.882281e-01 2.064253e-01 2.067061e-01 2.065657e-01 1.404049e-04
 5.018787e-01 1.844766e-01 1.846988e-01 1.845877e-01 1.110858e-04
 5.159111e-01 1.635036e-01 1.636772e-01 1.635904e-01 8.677150e-05
 5.303357e-01 1.436134e-01 1.437471e-01 1.436803e-01 6.683751e-05
 5.451637e-01 1.249034e-01 1.250048e-01 1.249541e-01 5.069877e-05
 5.604063e-01 1.074589e-01 1.075345e-01 1.074967e-01 3.781216e-05
 5.760750e-01 9.135104e-02 9.140640e-02 9.137872e-02 2.767839e-05
 5.921818e-01 7.663491e-02 7.667460e-02 7.665475e-02 1.984344e-05
 6.087390e-01 6.334750e-02 6.337530e-02 6.336140e-02 1.389935e-05
 6.257591e-01 5.150592e-02 5.152489e-02 5.151541e-02 9.484500e-06
 6.432551e-01 4.110577e-02 4.111834e-02 4.111206e-02 6.283075e-06
 6.612403e-01 3.212090e-02 3.212895e-02 3.212492e-02 4.023942e-06
 6.797283e-01 2.450247e-02 2.450743e-02 2.450495e-02 2.478752e-06
 6.987332e-01 1.817907e-02 1.818199e-02 1.818053e-02 1.459354e-06
 7.182695e-01 1.305897e-02 1.306060e-02 1.305978e-02 8.146151e-07
 7.383520e-01 9.031091e-03 9.031944e-03 9.031517e-03 4.266900e-07
 7.589961e-01 5.968672e-03 5.969086e-03 5.968879e-03 2.068633e-07
 7.802173e-01 3.734079e-03 3.734261e-03 3.734170e-03 9.110394e-08
 8.020319e-01 2.182721e-03 2.182792e-03 2.182757e-03 3.548983e-08
 8.244563e-01 1.170984e-03 1.171008e-03 1.170996e-03 1.174977e-08
 8.475078e-01 5.616305e-04 5.616367e-04 5.616336e-04 3.099078e-09
 8.712038e-01 2.312625e-04 2.312636e-04 2.312630e-04 5.790268e-10
 8.955623e-01 7.645414e-05 7.645426e-05 7.645420e-05 6.008690e-11
 9.206019e-01 1.774975e-05 1.774975e-05 1.774975e-05 1.992592e-12
 9.463415e-01 2.135098e-06 2.135098e-06 2.135098e-06 -1.694066e-21
 9.728009e-01 6.943405e-08 6.943405e-08 6.943405e-08 0.000000e+00