
 1.000000e-06 9.528617e-05 4.953688e+00 2.476892e+00 2.476796e+00
 1.027960e-06 9.750601e-05 4.913469e+00 2.456783e+00 2.456686e+00
 1.056701e-06 9.977712e-05 4.873546e+00 2.436823e+00 2.436723e+00
 1.086246e-06 1.021007e-04 4.833914e+00 2.417008e+00 2.416906e+00
 1.116617e-06 1.044778e-04 4.794574e+00 2.397339e+00 2.397235e+00
 1.147837e-06 1.069099e-04 4.755523e+00 2.377815e+00 2.377708e+00
 1.179930e-06 1.093980e-04 4.716759e+00 2.358434e+00 2.358325e+00
 1.212920e-06 1.119436e-04 4.678280e+00 2.339196e+00 2.339084e+00
 1.246833e-06 1.145478e-04 4.640084e+00 2.320099e+00 2.319985e+00
 1.281694e-06 1.172121e-04 4.602169e+00 2.301143e+00 2.301026e+00
 1.317530e-06 1.199378e-04 4.564534e+00 2.282327e+00 2.282207e+00
 1.354368e-06 1.227264e-04 4.527177e+00 2.263650e+00 2.263527e+00
 1.392235e-06 1.255792e-04 4.490095e+00 2.245110e+00 2.244985e+00
 1.431161e-06 1.284977e-04 4.453287e+00 2.226708e+00 2.226579e+00
 1.471176e-06 1.314834e-04 4.416751e+00 2.208441e+00 2.208310e+00
 1.512310e-06 1.345378e-04 4.380486e+00 2.190310e+00 2.190176e+00
 1.554593e-06 1.376626e-04 4.344489e+00 2.172313e+00 2.172176e+00
 1.598059e-06 1.408592e-04 4.308758e+00 2.154450e+00 2.154309e+00
 1.642740e-06 1.441295e-04 4.273293e+00 2.136719e+00 2.136574e+00
 1.688670e-06 1.474749e-04 4.238091e+00 2.119119e+00 2.118972e+00
 1.735885e-06 1.508973e-04 4.203149e+00 2.101650e+00 2.101499e+00
 1.784420e-06 1.543983e-04 4.168468e+00 2.084311e+00 2.084157e+00
 1.834311e-06 1.579799e-04 4.134044e+00 2.067101e+00 2.066943e+00
 1.885598e-06 1.616437e-04 4.099877e+00 2.050019e+00 2.049858e+00
 1.938319e-06 1.653917e-04 4.065964e+00 2.033064e+00 2.032899e+00
 1.992513e-06 1.692258e-04 4.032303e+00 2.016236e+00 2.016067e+00
 2.048223e-06 1.731479e-04 3.998894e+00 1.999533e+00 1.999360e+00
 2.105491e-06 1.771601e-04 3.965733e+00 1.982955e+00 1.982778e+00
 2.164359e-06 1.812643e-04 3.932821e+00 1.966501e+00 1.966320e+00
 2.224874e-06 1.854628e-04 3.900154e+00 1.950170e+00 1.949984e+00
 2.287080e-06 1.897575e-04 3.867732e+00 1.933961e+00 1.933771e+00
 2.351026e-06 1.941507e-04 3.835552e+00 1.917873e+00 1.917679e+00
 2.416760e-06 1.986447e-04 3.803613e+00 1.901906e+00 1.901707e+00
 2.484332e-06 2.032417e-04 3.771914e+00 1.886059e+00 1.885855e+00
 2.553793e-06 2.079440e-04 3.740452e+00 1.870330e+00 1.870122e+00
 2.625196e-06 2.127540e-04 3.709227e+00 1.854720e+00 1.854507e+00
 2.698595e-06 2.176743e-04 3.678236e+00 1.839227e+00 1.839009e+00
 2.774047e-06 2.227071e-04 3.647478e+00 1.823850e+00 1.823628e+00
 2.851608e-06 2.278552e-04 3.616951e+00 1.808590e+00 1.808362e+00
 2.931338e-06 2.331212e-04 3.586655e+00 1.793444e+00 1.793211e+00
 3.013297e-06 2.385076e-04 3.556586e+00 1.778412e+00 1.778174e+00
 3.097547e-06 2.440172e-04 3.526744e+00 1.763494e+00 1.763250e+00
 3.184154e-06 2.496528e-04 3.497128e+00 1.748689e+00 1.748439e+00
 3.273181e-06 2.554173e-04 3.467735e+00 1.733995e+00 1.733740e+00
 3.364698e-06 2.613135e-04 3.438564e+00 1.719413e+00 1.719151e+00
 3.458774e-06 2.673445e-04 3.409613e+00 1.704940e+00 1.704673e+00
 3.555480e-06 2.735132e-04 3.380882e+00 1.690578e+00 1.690304e+00
 3.654890e-06 2.798228e-04 3.352369e+00 1.676324e+00 1.676044e+00
 3.757079e-06 2.862765e-04 3.324071e+00 1.662179e+00 1.661893e+00
 3.862125e-06 2.928775e-04 3.295989e+00 1.648141e+00 1.647848e+00
 3.970109e-06 2.996291e-04 3.268119e+00 1.634209e+00 1.633910e+00
 4.081111e-06 3.065348e-04 3.240461e+00 1.620384e+00 1.620077e+00
 4.195218e-06 3.135979e-04 3.213013e+00 1.606664e+00 1.606350e+00
 4.312514e-06 3.208221e-04 3.185775e+00 1.593048e+00 1.592727e+00
 4.433090e-06 3.282110e-04 3.158743e+00 1.579536e+00 1.579208e+00
 4.557038e-06 3.357682e-04 3.131918e+00 1.566127e+00 1.565791e+00
 4.684451e-06 3.434976e-04 3.105297e+00 1.552820e+00 1.552477e+00
 4.815426e-06 3.514031e-04 3.078880e+00 1.539616e+00 1.539264e+00
 4.950064e-06 3.594886e-04 3.052664e+00 1.526512e+00 1.526152e+00
 5.088465e-06 3.677581e-04 3.026649e+00 1.513508e+00 1.513141e+00
 5.230737e-06 3.762158e-04 3.000833e+00 1.500604e+00 1.500228e+00
 5.376986e-06 3.848659e-04 2.975214e+00 1.487799e+00 1.487415e+00
 5.527325e-06 3.937127e-04 2.949792e+00 1.475093e+00 1.474699e+00
 5.681866e-06 4.027607e-04 2.924564e+00 1.462484e+00 1.462081e+00
 5.840729e-06 4.120143e-04 2.899531e+00 1.449971e+00 1.449559e+00
 6.004034e-06 4.214782e-04 2.874689e+00 1.437555e+00 1.437134e+00
 6.171904e-06 4.311572e-04 2.850039e+00 1.425235e+00 1.424804e+00
 6.344468e-06 4.410559e-04 2.825578e+00 1.413010e+00 1.412569e+00
 6.521857e-06 4.511794e-04 2.801306e+00 1.400878e+00 1.400427e+00
 6.704205e-06 4.615326e-04 2.777220e+00 1.388841e+00 1.388379e+00
 6.891652e-06 4.721208e-04 2.753321e+00 1.376896e+00 1.376424e+00
 7.084340e-06 4.829491e-04 2.729605e+00 1.365044e+00 1.364561e+00
 7.282415e-06 4.940230e-04 2.706073e+00 1.353284e+00 1.352790e+00
 7.486029e-06 5.053480e-04 2.682723e+00 1.341614e+00 1.341109e+00
 7.695335e-06 5.169296e-04 2.659554e+00 1.330035e+00 1.329518e+00
 7.910494e-06 5.287736e-04 2.636564e+00 1.318546e+00 1.318018e+00
 8.131668e-06 5.408859e-04 2.613752e+00 1.307146e+00 1.306606e+00
 8.359026e-06 5.532724e-04 2.591117e+00 1.295835e+00 1.295282e+00
 8.592741e-06 5.659394e-04 2.568658e+00 1.284612e+00 1.284046e+00
 8.832991e-06 5.788929e-04 2.546373e+00 1.273476e+00 1.272897e+00
 9.079958e-06 5.921395e-04 2.524262e+00 1.262427e+00 1.261835e+00
 9.333830e-06 6.056857e-04 2.502322e+00 1.251464e+00 1.250858e+00
 9.594800e-06 6.195381e-04 2.480554e+00 1.240587e+00 1.239967e+00
 9.863067e-06 6.337036e-04 2.458955e+00 1.229794e+00 1.229161e+00
 1.013883e-05 6.481892e-04 2.437525e+00 1.219087e+00 1.218438e+00
 1.042231e-05 6.630019e-04 2.416262e+00 1.208462e+00 1.207799e+00
 1.071372e-05 6.781491e-04 2.395165e+00 1.197922e+00 1.197244e+00
 1.101327e-05 6.936383e-04 2.374233e+00 1.187464e+00 1.186770e+00
 1.132119e-05 7.094769e-04 2.353466e+00 1.177088e+00 1.176378e+00
 1.163773e-05 7.256728e-04 2.332860e+00 1.166793e+00 1.166067e+00
 1.196312e-05 7.422340e-04 2.312417e+00 1.156580e+00 1.155837e+00
 1.229760e-05 7.591685e-04 2.292134e+00 1.146446e+00 1.145687e+00
 1.264144e-05 7.764846e-04 2.272010e+00 1.136393e+00 1.135617e+00
 1.299489e-05 7.941909e-04 2.252044e+00 1.126419e+00 1.125625e+00
 1.335822e-05 8.122959e-04 2.232236e+00 1.116524e+00 1.115712e+00
 1.373171e-05 8.308086e-04 2.212583e+00 1.106707e+00 1.105876e+00
 1.411564e-05 8.497379e-04 2.193086e+00 1.096968e+00 1.096118e+00
 1.451031e-05 8.690931e-04 2.173742e+00 1.087306e+00 1.086437e+00
 1.491601e-05 8.888837e-04 2.154551e+00 1.077720e+00 1.076831e+00
 1.533306e-05 9.091192e-04 2.135512e+00 1.068211e+00 1.067302e+00
 1.576176e-05 9.298095e-04 2.116624e+00 1.058777e+00 1.057847e+00
 1.620246e-05 9.509648e-04 2.097885e+00 1.049418e+00 1.048467e+00
 1.665547e-05 9.725952e-04 2.079294e+00 1.040133e+00 1.039161e+00
 1.712115e-05 9.947113e-04 2.060851e+00 1.030923e+00 1.029928e+00
 1.759985e-05 1.017324e-03 2.042554e+00 1.021786e+00 1.020769e+00
 1.809194e-05 1.040444e-03 2.024403e+00 1.012722e+00 1.011681e+00
 1.859778e-05 1.064082e-03 2.006396e+00 1.003730e+00 1.002666e+00
 1.911777e-05 1.088251e-03 1.988533e+00 9.948106e-01 9.937224e-01
 1.965229e-05 1.112961e-03 1.970812e+00 9.859624e-01 9.848495e-01
 2.020176e-05 1.138225e-03 1.953232e+00 9.771852e-01 9.760470e-01
 2.076659e-05 1.164055e-03 1.935793e+00 9.684785e-01 9.673144e-01
 2.134722e-05 1.190463e-03 1.918493e+00 9.598417e-01 9.586512e-01
 2.194408e-05 1.217462e-03 1.901331e+00 9.512744e-01 9.500569e-01
 2.255763e-05 1.245066e-03 1.884307e+00 9.427761e-01 9.415310e-01
 2.318833e-05 1.273286e-03 1.867419e+00 9.343464e-01 9.330731e-01
 2.383667e-05 1.302138e-03 1.850667e+00 9.259847e-01 9.246825e-01
 2.450313e-05 1.331635e-03 1.834050e+00 9.176906e-01 9.163589e-01
 2.518823e-05 1.361791e-03 1.817565e+00 9.094636e-01 9.081018e-01
 2.589248e-05 1.392620e-03 1.801214e+00 9.013032e-01 8.999106e-01
 2.661642e-05 1.424137e-03 1.784994e+00 8.932091e-01 8.917850e-01
 2.736061e-05 1.456358e-03 1.768905e+00 8.851807e-01 8.837243e-01
 2.812560e-05 1.489298e-03 1.752946e+00 8.772176e-01 8.757283e-01
 2.891198e-05 1.522972e-03 1.737116e+00 8.693193e-01 8.677963e-01
 2.972035e-05 1.557397e-03 1.721413e+00 8.614854e-01 8.599280e-01
 3.055132e-05 1.592590e-03 1.705838e+00 8.537154e-01 8.521228e-01
 3.140552e-05 1.628566e-03 1.690389e+00 8.460089e-01 8.443803e-01
 3.228361e-05 1.665343e-03 1.675066e+00 8.383655e-01 8.367001e-01
 3.318624e-05 1.702939e-03 1.659866e+00 8.307847e-01 8.290817e-01
 3.411412e-05 1.741371e-03 1.644791e+00 8.232660e-01 8.215247e-01
 3.506793e-05 1.780659e-03 1.629838e+00 8.158092e-01 8.140285e-01
 3.604842e-05 1.820819e-03 1.615006e+00 8.084137e-01 8.065928e-01
 3.705632e-05 1.861873e-03 1.600296e+00 8.010790e-01 7.992172e-01
 3.809240e-05 1.903838e-03 1.585706e+00 7.938049e-01 7.919011e-01
 3.915745e-05 1.946735e-03 1.571235e+00 7.865909e-01 7.846442e-01
 4.025227e-05 1.990584e-03 1.556883e+00 7.794365e-01 7.774460e-01
 4.137771e-05 2.035407e-03 1.542647e+00 7.723414e-01 7.703060e-01
 4.253462e-05 2.081223e-03 1.528529e+00 7.653052e-01 7.632240e-01
 4.372387e-05 2.128056e-03 1.514527e+00 7.583274e-01 7.561993e-01
 4.494637e-05 2.175926e-03 1.500639e+00 7.514076e-01 7.492317e-01
 4.620305e-05 2.224857e-03 1.486866e+00 7.445455e-01 7.423207e-01
 4.749487e-05 2.274871e-03 1.473207e+00 7.377407e-01 7.354658e-01
 4.882281e-05 2.325993e-03 1.459659e+00 7.309927e-01 7.286667e-01
 5.018787e-05 2.378245e-03 1.446224e+00 7.243012e-01 7.219230e-01
 5.159111e-05 2.431653e-03 1.432900e+00 7.176659e-01 7.152342e-01
 5.303357e-05 2.486242e-03 1.419686e+00 7.110862e-01 7.086000e-01
 5.451637e-05 2.542037e-03 1.406582e+00 7.045619e-01 7.020198e-01
 5.604063e-05 2.599065e-03 1.393586e+00 6.980925e-01 6.954934e-01
 5.760750e-05 2.657352e-03 1.380698e+00 6.916777e-01 6.890204e-01
 5.921818e-05 2.716925e-03 1.367917e+00 6.853172e-01 6.826003e-01
 6.087390e-05 2.777812e-03 1.355243e+00 6.790105e-01 6.762327e-01
 6.257591e-05 2.840042e-03 1.342675e+00 6.727573e-01 6.699173e-01
 6.432551e-05 2.903643e-03 1.330211e+00 6.665573e-01 6.636536e-01
 6.612403e-05 2.968646e-03 1.317851e+00 6.604100e-01 6.574414e-01
 6.797283e-05 3.035080e-03 1.305595e+00 6.543152e-01 6.512801e-01
 6.987332e-05 3.102977e-03 1.293442e+00 6.482724e-01 6.451695e-01
 7.182695e-05 3.172367e-03 1.281390e+00 6.422814e-01 6.391091e-01
 7.383520e-05 3.243283e-03 1.269440e+00 6.363418e-01 6.330985e-01
 7.589961e-05 3.315759e-03 1.257591e+00 6.304532e-01 6.271375e-01
 7.802173e-05 3.389826e-03 1.245841e+00 6.246153e-01 6.212255e-01
 8.020319e-05 3.465521e-03 1.234190e+00 6.188279e-01 6.153623e-01
 8.244563e-05 3.542877e-03 1.222638e+00 6.130904e-01 6.095475e-01
 8.475078e-05 3.621930e-03 1.211183e+00 6.074027e-01 6.037808e-01
 8.712038e-05 3.702717e-03 1.199826e+00 6.017643e-01 5.980616e-01
 8.955623e-05 3.785275e-03 1.188565e+00 5.961751e-01 5.923898e-01
 9.206019e-05 3.869642e-03 1.177399e+00 5.906346e-01 5.867649e-01
 9.463415e-05 3.955857e-03 1.166329e+00 5.851425e-01 5.811866e-01
 9.728009e-05 4.043959e-03 1.155353e+00 5.796985e-01 5.756545e-01
 1.000000e-04 4.133989e-03 1.144471e+00 5.743023e-01 5.701684e-01
 1.027960e-04 4.225987e-03 1.133681e+00 5.689537e-01 5.647277e-01
 1.056701e-04 4.319997e-03 1.122984e+00 5.636522e-01 5.593322e-01
 1.086246e-04 4.416060e-03 1.112379e+00 5.583977e-01 5.539816e-01
 1.116617e-04 4.514221e-03 1.101865e+00 5.531897e-01 5.486755e-01
 1.147837e-04 4.614525e-03 1.091442e+00 5.480281e-01 5.434136e-01
 1.179930e-04 4.717016e-03 1.081108e+00 5.429125e-01 5.381955e-01
 1.212920e-04 4.821743e-03 1.070863e+00 5.378426e-01 5.330208e-01
 1.246833e-04 4.928752e-03 1.060707e+00 5.328181e-01 5.278894e-01
 1.281694e-04 5.038091e-03 1.050640e+00 5.278388e-01 5.228007e-01
 1.317530e-04 5.149812e-03 1.040659e+00 5.229044e-01 5.177546e-01
 1.354368e-04 5.263963e-03 1.030765e+00 5.180146e-01 5.127506e-01
 1.392235e-04 5.380597e-03 1.020958e+00 5.131691e-01 5.077885e-01
 1.431161e-04 5.499766e-03 1.011236e+00 5.083677e-01 5.028679e-01
 1.471176e-04 5.621525e-03 1.001599e+00 5.036100e-01 4.979885e-01
 1.512310e-04 5.745927e-03 9.920460e-01 4.988960e-01 4.931500e-01
 1.554593e-04 5.873029e-03 9.825772e-01 4.942251e-01 4.883521e-01
 1.598059e-04 6.002889e-03 9.731918e-01 4.895973e-01 4.835944e-01
 1.642740e-04 6.135563e-03 9.638890e-01 4.850123e-01 4.788767e-01
 1.688670e-04 6.271113e-03 9.546684e-01 4.804697e-01 4.741986e-01
 1.735885e-04 6.409598e-03 9.455293e-01 4.759695e-01 4.695599e-01
 1.784420e-04 6.551080e-03 9.364714e-01 4.715112e-01 4.649601e-01
 1.834311e-04 6.695623e-03 9.274939e-01 4.670947e-01 4.603991e-01
 1.885598e-04 6.843291e-03 9.185963e-01 4.627198e-01 4.558765e-01
 1.938319e-04 6.994150e-03 9.097782e-01 4.583862e-01 4.513920e-01
 1.992513e-04 7.148267e-03 9.010390e-01 4.540936e-01 4.469453e-01
 2.048223e-04 7.305710e-03 8.923781e-01 4.498419e-01 4.425362e-01
 2.105491e-04 7.466550e-03 8.837951e-01 4.456308e-01 4.381643e-01
 2.164359e-04 7.630857e-03 8.752894e-01 4.414601e-01 4.338293e-01
 2.224874e-04 7.798704e-03 8.668605e-01 4.373296e-01 4.295309e-01
 2.287080e-04 7.970166e-03 8.585080e-01 4.332391e-01 4.252689e-01
 2.351026e-04 8.145318e-03 8.502312e-01 4.291883e-01 4.210430e-01
 2.416760e-04 8.324236e-03 8.420298e-01 4.251770e-01 4.168528e-01
 2.484332e-04 8.507001e-03 8.339033e-01 4.212051e-01 4.126981e-01
 2.553793e-04 8.693692e-03 8.258511e-01 4.172724e-01 4.085787e-01
 2.625196e-04 8.884391e-03 8.178727e-01 4.133786e-01 4.044942e-01
 2.698595e-04 9.079182e-03 8.099678e-01 4.095235e-01 4.004443e-01
 2.774047e-04 9.278150e-03 8.021358e-01 4.057070e-01 3.964288e-01
 2.851608e-04 9.481381e-03 7.943763e-01 4.019288e-01 3.924475e-01
 2.931338e-04 9.688965e-03 7.866888e-01 3.981889e-01 3.884999e-01
 3.013297e-04 9.900992e-03 7.790729e-01 3.944869e-01 3.845860e-01
 3.097547e-04 1.011755e-02 7.715281e-01 3.908228e-01 3.807053e-01
 3.184154e-04 1.033874e-02 7.640540e-01 3.871964e-01 3.768576e-01
 3.273181e-04 1.056466e-02 7.566501e-01 3.836074e-01 3.730427e-01
 3.364698e-04 1.079540e-02 7.493161e-01 3.800557e-01 3.692603e-01
 3.458774e-04 1.103106e-02 7.420514e-01 3.765412e-01 3.655102e-01
 3.555480e-04 1.127174e-02 7.348558e-01 3.730638e-01 3.617920e-01
 3.654890e-04 1.151756e-02 7.277286e-01 3.696231e-01 3.581055e-01
 3.757079e-04 1.176860e-02 7.206697e-01 3.662191e-01 3.544505e-01
 3.862125e-04 1.202499e-02 7.136785e-01 3.628517e-01 3.508267e-01
 3.970109e-04 1.228683e-02 7.067546e-01 3.595207e-01 3.472339e-01
 4.081111e-04 1.255423e-02 6.998977e-01 3.562260e-01 3.436717e-01
 4.195218e-04 1.282731e-02 6.931073e-01 3.529673e-01 3.401400e-01
 4.312514e-04 1.310618e-02 6.863832e-01 3.497447e-01 3.366385e-01
 4.433090e-04 1.339097e-02 6.797249e-01 3.465579e-01 3.331669e-01
 4.557038e-04 1.368179e-02 6.731320e-01 3.434069e-01 3.297251e-01
 4.684451e-04 1.397877e-02 6.666042e-01 3.402915e-01 3.263127e-01
 4.815426e-04 1.428203e-02 6.601411e-01 3.372116e-01 3.229295e-01
 4.950064e-04 1.459170e-02 6.537424e-01 3.341670e-01 3.195754e-01
 5.088465e-04 1.490791e-02 6.474077e-01 3.311578e-01 3.162499e-01
 5.230737e-04 1.523080e-02 6.411367e-01 3.281838e-01 3.129530e-01
 5.376986e-04 1.556050e-02 6.349291e-01 3.252448e-01 3.096843e-01
 5.527325e-04 1.589714e-02 6.287844e-01 3.223408e-01 3.064436e-01
 5.681866e-04 1.624088e-02 6.227025e-01 3.194717e-01 3.032308e-01
 5.840729e-04 1.659185e-02 6.166829e-01 3.166374e-01 3.000455e-01
 6.004034e-04 1.695021e-02 6.107254e-01 3.138378e-01 2.968876e-01
 6.171904e-04 1.731609e-02 6.048296e-01 3.110728e-01 2.937568e-01
 6.344468e-04 1.768965e-02 5.989953e-01 3.083425e-01 2.906528e-01
 6.521857e-04 1.807105e-02 5.932221e-01 3.056466e-01 2.875755e-01
 6.704205e-04 1.846044e-02 5.875098e-01 3.029851e-01 2.845247e-01
 6.891652e-04 1.885799e-02 5.818581e-01 3.003581e-01 2.815001e-01
 7.084340e-04 1.926386e-02 5.762667e-01 2.977653e-01 2.785014e-01
 7.282415e-04 1.967821e-02 5.707354e-01 2.952068e-01 2.755286e-01
 7.486029e-04 2.010122e-02 5.652638e-01 2.926825e-01 2.725813e-01
 7.695335e-04 2.053306e-02 5.598517e-01 2.901924e-01 2.696593e-01
 7.910494e-04 2.097391e-02 5.544989e-01 2.877364e-01 2.667625e-01
 8.131668e-04 2.142394e-02 5.492051e-01 2.853145e-01 2.638906e-01
 8.359026e-04 2.188334e-02 5.439701e-01 2.829267e-01 2.610434e-01
 8.592741e-04 2.235230e-02 5.387936e-01 2.805730e-01 2.582207e-01
 8.832991e-04 2.283100e-02 5.336755e-01 2.782532e-01 2.554222e-01
 9.079958e-04 2.331964e-02 5.286154e-01 2.759675e-01 2.526479e-01
 9.333830e-04 2.381841e-02 5.236132e-01 2.737158e-01 2.498974e-01
 9.594800e-04 2.432753e-02 5.186687e-01 2.714981e-01 2.471706e-01
 9.863067e-04 2.484718e-02 5.137817e-01 2.693144e-01 2.444673e-01
 1.013883e-03 2.537758e-02 5.089520e-01 2.671648e-01 2.417872e-01
 1.042231e-03 2.591894e-02 5.041793e-01 2.650491e-01 2.391302e-01
 1.071372e-03 2.647148e-02 4.994636e-01 2.629675e-01 2.364960e-01
 1.101327e-03 2.703541e-02 4.948046e-01 2.609200e-01 2.338846e-01
 1.132119e-03 2.761096e-02 4.902021e-01 2.589065e-01 2.312956e-01
 1.163773e-03 2.819836e-02 4.856561e-01 2.569272e-01 2.287289e-01
 1.196312e-03 2.879784e-02 4.811664e-01 2.549821e-01 2.261843e-01
 1.229760e-03 2.940962e-02 4.767327e-01 2.530712e-01 2.236615e-01
 1.264144e-03 3.003397e-02 4.723550e-01 2.511945e-01 2.211605e-01
 1.299489e-03 3.067110e-02 4.680332e-01 2.493521e-01 2.186810e-01
 1.335822e-03 3.132129e-02 4.637671e-01 2.475442e-01 2.162229e-01
 1.373171e-03 3.198477e-02 4.595566e-01 2.457707e-01 2.137859e-01
 1.411564e-03 3.266181e-02 4.554015e-01 2.440317e-01 2.113699e-01
 1.451031e-03 3.335266e-02 4.513019e-01 2.423273e-01 2.089746e-01
 1.491601e-03 3.405760e-02 4.472575e-01 2.406576e-01 2.066000e-01
 1.533306e-03 3.477689e-02 4.432684e-01 2.390226e-01 2.042457e-01
 1.576176e-03 3.551081e-02 4.393343e-01 2.374226e-01 2.019118e-01
 1.620246e-03 3.625963e-02 4.354553e-01 2.358575e-01 1.995979e-01
 1.665547e-03 3.702366e-02 4.316313e-01 2.343275e-01 1.973038e-01
 1.712115e-03 3.780316e-02 4.278623e-01 2.328327e-01 1.950296e-01
 1.759985e-03 3.859844e-02 4.241481e-01 2.313733e-01 1.927748e-01
 1.809194e-03 3.940980e-02 4.204887e-01 2.299492e-01 1.905394e-01
 1.859778e-03 4.023754e-02 4.168841e-01 2.285608e-01 1.883233e-01
 1.911777e-03 4.108198e-02 4.133343e-01 2.272081e-01 1.861262e-01
 1.965229e-03 4.194342e-02 4.098393e-01 2.258913e-01 1.839479e-01
 2.020176e-03 4.282218e-02 4.063990e-01 2.246106e-01 1.817884e-01
 2.076659e-03 4.371860e-02 4.030134e-01 2.233660e-01 1.796474e-01
 2.134722e-03 4.463299e-02 3.996826e-01 2.221578e-01 1.775248e-01
 2.194408e-03 4.556571e-02 3.964065e-01 2.209861e-01 1.754204e-01
 2.255763e-03 4.651708e-02 3.931853e-01 2.198512e-01 1.733341e-01
 2.318833e-03 4.748745e-02 3.900188e-01 2.187531e-01 1.712657e-01
 2.383667e-03 4.847719e-02 3.869072e-01 2.176922e-01 1.692150e-01
 2.450313e-03 4.948663e-02 3.838505e-01 2.166686e-01 1.671819e-01
 2.518823e-03 5.051615e-02 3.808488e-01 2.156825e-01 1.651663e-01
 2.589248e-03 5.156612e-02 3.779021e-01 2.147341e-01 1.631680e-01
 2.661642e-03 5.263691e-02 3.750104e-01 2.138237e-01 1.611868e-01
 2.736061e-03 5.372890e-02 3.721740e-01 2.129515e-01 1.592225e-01
 2.812560e-03 5.484248e-02 3.693928e-01 2.121177e-01 1.572752e-01
 2.891198e-03 5.597803e-02 3.666670e-01 2.113225e-01 1.553445e-01
 2.972035e-03 5.713597e-02 3.639967e-01 2.105663e-01 1.534304e-01
 3.055132e-03 5.831667e-02 3.613819e-01 2.098493e-01 1.515326e-01
 3.140552e-03 5.952057e-02 3.588229e-01 2.091717e-01 1.496512e-01
 3.228361e-03 6.074808e-02 3.563197e-01 2.085339e-01 1.477858e-01
 3.318624e-03 6.199960e-02 3.538725e-01 2.079361e-01 1.459365e-01
 3.411412e-03 6.327558e-02 3.514815e-01 2.073785e-01 1.441030e-01
 3.506793e-03 6.457645e-02 3.491468e-01 2.068616e-01 1.422852e-01
 3.604842e-03 6.590264e-02 3.468685e-01 2.063856e-01 1.404829e-01
 3.705632e-03 6.725459e-02 3.446469e-01 2.059508e-01 1.386962e-01
 3.809240e-03 6.863277e-02 3.424822e-01 2.055575e-01 1.369247e-01
 3.915745e-03 7.003763e-02 3.403745e-01 2.052061e-01 1.351684e-01
 4.025227e-03 7.146963e-02 3.383241e-01 2.048968e-01 1.334272e-01
 4.137771e-03 7.292925e-02 3.363311e-01 2.046302e-01 1.317009e-01
 4.253462e-03 7.441694e-02 3.343958e-01 2.044064e-01 1.299894e-01
 4.372387e-03 7.593321e-02 3.325184e-01 2.042258e-01 1.282926e-01
 4.494637e-03 7.747853e-02 3.306992e-01 2.040889e-01 1.266103e-01
 4.620305e-03 7.905340e-02 3.289385e-01 2.039959e-01 1.249425e-01
 4.749487e-03 8.065832e-02 3.272364e-01 2.039473e-01 1.232890e-01
 4.882281e-03 8.229379e-02 3.255932e-01 2.039435e-01 1.216497e-01
 5.018787e-03 8.396032e-02 3.240093e-01 2.039848e-01 1.200245e-01
 5.159111e-03 8.565843e-02 3.224849e-01 2.040717e-01 1.184132e-01
 5.303357e-03 8.738865e-02 3.210203e-01 2.042045e-01 1.168158e-01
 5.451637e-03 8.915149e-02 3.196158e-01 2.043836e-01 1.152322e-01
 5.604063e-03 9.094750e-02 3.182717e-01 2.046096e-01 1.136621e-01
 5.760750e-03 9.277721e-02 3.169884e-01 2.048828e-01 1.121056e-01
 5.921818e-03 9.464117e-02 3.157662e-01 2.052037e-01 1.105625e-01
 6.087390e-03 9.653992e-02 3.146054e-01 2.055727e-01 1.090328e-01
 6.257591e-03 9.847402e-02 3.135064e-01 2.059902e-01 1.075162e-01
 6.432551e-03 1.004440e-01 3.124695e-01 2.064568e-01 1.060127e-01
 6.612403e-03 1.024505e-01 3.114951e-01 2.069728e-01 1.045223e-01
 6.797283e-03 1.044941e-01 3.105835e-01 2.075388e-01 1.030447e-01
 6.987332e-03 1.065752e-01 3.097352e-01 2.081552e-01 1.015800e-01
 7.182695e-03 1.086945e-01 3.089505e-01 2.088225e-01 1.001280e-01
 7.383520e-03 1.108526e-01 3.082298e-01 2.095412e-01 9.868858e-02
 7.589961e-03 1.130501e-01 3.075735e-01 2.103118e-01 9.726171e-02
 7.802173e-03 1.152875e-01 3.069821e-01 2.111348e-01 9.584728e-02
 8.020319e-03 1.175655e-01 3.064559e-01 2.120107e-01 9.444520e-02
 8.244563e-03 1.198846e-01 3.059954e-01 2.129400e-01 9.305537e-02
 8.475078e-03 1.222454e-01 3.056009e-01 2.139232e-01 9.167772e-02
 8.712038e-03 1.246486e-01 3.052730e-01 2.149608e-01 9.031217e-02
 8.955623e-03 1.270947e-01 3.050120e-01 2.160533e-01 8.895862e-02
 9.206019e-03 1.295844e-01 3.048184e-01 2.172014e-01 8.761699e-02
 9.463415e-03 1.321182e-01 3.046926e-01 2.184054e-01 8.628722e-02
 9.728009e-03 1.346968e-01 3.046352e-01 2.196660e-01 8.496921e-02
 1.000000e-02 1.373207e-01 3.046465e-01 2.209836e-01 8.366290e-02
 1.027960e-02 1.399906e-01 3.047270e-01 2.223588e-01 8.236820e-02
 1.056701e-02 1.427070e-01 3.048772e-01 2.237921e-01 8.108506e-02
 1.086246e-02 1.454707e-01 3.050975e-01 2.252841e-01 7.981338e-02
 1.116617e-02 1.482821e-01 3.053884e-01 2.268353e-01 7.855312e-02
 1.147837e-02 1.511420e-01 3.057504e-01 2.284462e-01 7.730419e-02
 1.179930e-02 1.540508e-01 3.061839e-01 2.301173e-01 7.606653e-02
 1.212920e-02 1.570092e-01 3.066894e-01 2.318493e-01 7.484008e-02
 1.246833e-02 1.600178e-01 3.072674e-01 2.336426e-01 7.362477e-02
 1.281694e-02 1.630772e-01 3.079183e-01 2.354977e-01 7.242054e-02
 1.317530e-02 1.661879e-01 3.086426e-01 2.374153e-01 7.122734e-02
 1.354368e-02 1.693506e-01 3.094408e-01 2.393957e-01 7.004510e-02
 1.392235e-02 1.725657e-01 3.103132e-01 2.414395e-01 6.887376e-02
 1.431161e-02 1.758339e-01 3.112605e-01 2.435472e-01 6.771328e-02
 1.471176e-02 1.791557e-01 3.122829e-01 2.457193e-01 6.656360e-02
 1.512310e-02 1.825317e-01 3.133810e-01 2.479564e-01 6.542467e-02
 1.554593e-02 1.859623e-01 3.145552e-01 2.502588e-01 6.429643e-02
 1.598059e-02 1.894482e-01 3.158059e-01 2.526270e-01 6.317885e-02
 1.642740e-02 1.929897e-01 3.171335e-01 2.550616e-01 6.207186e-02
 1.688670e-02 1.965875e-01 3.185383e-01 2.575629e-01 6.097543e-02
 1.735885e-02 2.002419e-01 3.200209e-01 2.601314e-01 5.988951e-02
 1.784420e-02 2.039535e-01 3.215816e-01 2.627675e-01 5.881407e-02
 1.834311e-02 2.077226e-01 3.232207e-01 2.654717e-01 5.774905e-02
 1.885598e-02 2.115497e-01 3.249386e-01 2.682441e-01 5.669442e-02
 1.938319e-02 2.154352e-01 3.267355e-01 2.710854e-01 5.565014e-02
 1.992513e-02 2.193795e-01 3.286119e-01 2.739957e-01 5.461619e-02
 2.048223e-02 2.233829e-01 3.305679e-01 2.769754e-01 5.359251e-02
 2.105491e-02 2.274457e-01 3.326038e-01 2.800248e-01 5.257908e-02
 2.164359e-02 2.315682e-01 3.347200e-01 2.831441e-01 5.157586e-02
 2.224874e-02 2.357508e-01 3.369164e-01 2.863336e-01 5.058283e-02
 2.287080e-02 2.399935e-01 3.391934e-01 2.895935e-01 4.959996e-02
 2.351026e-02 2.442967e-01 3.415511e-01 2.929239e-01 4.862722e-02
 2.416760e-02 2.486604e-01 3.439895e-01 2.963250e-01 4.766458e-02
 2.484332e-02 2.530848e-01 3.465088e-01 2.997968e-01 4.671202e-02
 2.553793e-02 2.575700e-01 3.491090e-01 3.033395e-01 4.576951e-02
 2.625196e-02 2.621159e-01 3.517900e-01 3.069530e-01 4.483704e-02
 2.698595e-02 2.667227e-01 3.545518e-01 3.106373e-01 4.391457e-02
 2.774047e-02 2.713901e-01 3.573943e-01 3.143922e-01 4.300210e-02
 2.851608e-02 2.761182e-01 3.603174e-01 3.182178e-01 4.209960e-02
 2.931338e-02 2.809066e-01 3.633207e-01 3.221137e-01 4.120705e-02
 3.013297e-02 2.857552e-01 3.664041e-01 3.260797e-01 4.032445e-02
 3.097547e-02 2.906637e-01 3.695672e-01 3.301155e-01 3.945177e-02
 3.184154e-02 2.956317e-01 3.728097e-01 3.342207e-01 3.858900e-02
 3.273181e-02 3.006587e-01 3.761309e-01 3.383948e-01 3.773612e-02
 3.364698e-02 3.057442e-01 3.795305e-01 3.426374e-01 3.689314e-02
 3.458774e-02 3.108877e-01 3.830078e-01 3.469477e-01 3.606003e-02
 3.555480e-02 3.160885e-01 3.865620e-01 3.513252e-01 3.523678e-02
 3.654890e-02 3.213457e-01 3.901925e-01 3.557691e-01 3.442339e-02
 3.757079e-02 3.266586e-01 3.938983e-01 3.602784e-01 3.361985e-02
 3.862125e-02 3.320261e-01 3.976784e-01 3.648522e-01 3.282616e-02
 3.970109e-02 3.374472e-01 4.015318e-01 3.694895e-01 3.204230e-02
 4.081111e-02 3.429208e-01 4.054574e-01 3.741891e-01 3.126826e-02
 4.195218e-02 3.484456e-01 4.094537e-01 3.789496e-01 3.050406e-02
 4.312514e-02 3.540201e-01 4.135194e-01 3.837697e-01 2.974968e-02
 4.433090e-02 3.596428e-01 4.176530e-01 3.886479e-01 2.900511e-02
 4.557038e-02 3.653121e-01 4.218528e-01 3.935824e-01 2.827036e-02
 4.684451e-02 3.710261e-01 4.261169e-01 3.985715e-01 2.754542e-02
 4.815426e-02 3.767830e-01 4.304436e-01 4.036133e-01 2.683030e-02
 4.950064e-02 3.825805e-01 4.348305e-01 4.087055e-01 2.612499e-02
 5.088465e-02 3.884166e-01 4.392755e-01 4.138461e-01 2.542949e-02
 5.230737e-02 3.942886e-01 4.437762e-01 4.190324e-01 2.474379e-02
 5.376986e-02 4.001941e-01 4.483299e-01 4.242620e-01 2.406791e-02
 5.527325e-02 4.061303e-01 4.529339e-01 4.295321e-01 2.340184e-02
 5.681866e-02 4.120940e-01 4.575852e-01 4.348396e-01 2.274557e-02
 5.840729e-02 4.180823e-01 4.622806e-01 4.401814e-01 2.209912e-02
 6.004034e-02 4.240917e-01 4.670166e-01 4.455541e-01 2.146248e-02
 6.171904e-02 4.301185e-01 4.717898e-01 4.509541e-01 2.083566e-02
 6.344468e-02 4.361589e-01 4.765962e-01 4.563775e-01 2.021865e-02
 6.521857e-02 4.422088e-01 4.814317e-01 4.618203e-01 1.961145e-02
 6.704205e-02 4.482640e-01 4.862921e-01 4.672780e-01 1.901406e-02
 6.891652e-02 4.543197e-01 4.911727e-01 4.727462e-01 1.842650e-02
 7.084340e-02 4.603711e-01 4.960686e-01 4.782198e-01 1.784874e-02
 7.282415e-02 4.664130e-01 5.009746e-01 4.836938e-01 1.728080e-02
 7.486029e-02 4.724400e-01 5.058854e-01 4.891627e-01 1.672268e-02
 7.695335e-02 4.784462e-01 5.107950e-01 4.946206e-01 1.617437e-02
 7.910494e-02 4.844257e-01 5.156974e-01 5.000615e-01 1.563587e-02
 8.131668e-02 4.903718e-01 5.205862e-01 5.054790e-01 1.510719e-02
 8.359026e-02 4.962779e-01 5.254545e-01 5.108662e-01 1.458831e-02
 8.592741e-02 5.021367e-01 5.302952e-01 5.162159e-01 1.407923e-02
 8.832991e-02 5.079407e-01 5.351006e-01 5.215207e-01 1.357996e-02
 9.079958e-02 5.136820e-01 5.398630e-01 5.267725e-01 1.309048e-02
 9.333830e-02 5.193522e-01 5.445738e-01 5.319630e-01 1.261079e-02
 9.594800e-02 5.249425e-01 5.492243e-01 5.370834e-01 1.214088e-02
 9.863067e-02 5.304437e-01 5.538052e-01 5.421245e-01 1.168074e-02
 1.013883e-01 5.358462e-01 5.583069e-01 5.470766e-01 1.123037e-02
 1.042231e-01 5.411397e-01 5.627192e-01 5.519295e-01 1.078976e-02
 1.071372e-01 5.463136e-01 5.670314e-01 5.566725e-01 1.035889e-02
 1.101327e-01 5.513569e-01 5.712324e-01 5.612946e-01 9.937744e-03
 1.132119e-01 5.562577e-01 5.753103e-01 5.657840e-01 9.526315e-03
 1.163773e-01 5.610040e-01 5.792531e-01 5.701285e-01 9.124586e-03
 1.196312e-01 5.655829e-01 5.830479e-01 5.743154e-01 8.732537e-03
 1.229760e-01 5.699811e-01 5.866814e-01 5.783313e-01 8.350148e-03
 1.264144e-01 5.741848e-01 5.901396e-01 5.821622e-01 7.977398e-03
 1.299489e-01 5.781795e-01 5.934080e-01 5.857937e-01 7.614264e-03
 1.335822e-01 5.819500e-01 5.964714e-01 5.892107e-01 7.260719e-03
 1.373171e-01 5.854807e-01 5.993142e-01 5.923975e-01 6.916734e-03
 1.411564e-01 5.887554e-01 6.019199e-01 5.953376e-01 6.582280e-03
 1.451031e-01 5.917569e-01 6.042716e-01 5.980143e-01 6.257324e-03
 1.491601e-01 5.944679e-01 6.063515e-01 6.004097e-01 5.941828e-03
 1.533306e-01 5.968700e-01 6.081415e-01 6.025058e-01 5.635755e-03
 1.576176e-01 5.989445e-01 6.096227e-01 6.042836e-01 5.339063e-03
 1.620246e-01 6.006720e-01 6.107754e-01 6.057237e-01 5.051707e-03
 1.665547e-01 6.020323e-01 6.115796e-01 6.068060e-01 4.773639e-03
 1.712115e-01 6.030050e-01 6.120146e-01 6.075098e-01 4.504807e-03
 1.759985e-01 6.035688e-01 6.120591e-01 6.078139e-01 4.245155e-03
 1.809194e-01 6.037020e-01 6.116912e-01 6.076966e-01 3.994624e-03
 1.859778e-01 6.033824e-01 6.108887e-01 6.071355e-01 3.753150e-03
 1.911777e-01 6.025873e-01 6.096287e-01 6.061080e-01 3.520665e-03
 1.965229e-01 6.012939e-01 6.078881e-01 6.045910e-01 3.297096e-03
 2.020176e-01 5.994788e-01 6.056435e-01 6.025611e-01 3.082366e-03
 2.076659e-01 5.971184e-01 6.028712e-01 5.999948e-01 2.876392e-03
 2.134722e-01 5.941891e-01 5.995473e-01 5.968682e-01 2.679085e-03
 2.194408e-01 5.906674e-01 5.956481e-01 5.931577e-01 2.490352e-03
 2.255763e-01 5.865297e-01 5.911499e-01 5.888398e-01 2.310092e-03
 2.318833e-01 5.817529e-01 5.860293e-01 5.838911e-01 2.138199e-03
 2.383667e-01 5.763144e-01 5.802636e-01 5.782890e-01 1.974560e-03
 2.450313e-01 5.701924e-01 5.738305e-01 5.720114e-01 1.819055e-03
 2.518823e-01 5.633658e-01 5.667089e-01 5.650373e-01 1.671557e-03
 2.589248e-01 5.558150e-01 5.588789e-01 5.573469e-01 1.531931e-03
 2.661642e-01 5.475219e-01 5.503220e-01 5.489220e-01 1.400035e-03
 2.736061e-01 5.384704e-01 5.410218e-01 5.397461e-01 1.275718e-03
 2.812560e-01 5.286463e-01 5.309639e-01 5.298051e-01 1.158822e-03
 2.891198e-01 5.180384e-01 5.201368e-01 5.190876e-01 1.049179e-03
 2.972035e-01 5.066388e-01 5.085320e-01 5.075854e-01 9.466120e-04
 3.055132e-01 4.944431e-01 4.961449e-01 4.952940e-01 8.509369e-04
 3.140552e-01 4.814511e-01 4.829750e-01 4.822131e-01 7.619591e-04
 3.228361e-01 4.676677e-01 4.690266e-01 4.683471e-01 6.794756e-04
 3.318624e-01 4.531029e-01 4.543094e-01 4.537062e-01 6.032738e-04
 3.411412e-01 4.377731e-01 4.388394e-01 4.383062e-01 5.331327e-04
 3.506793e-01 4.217015e-01 4.226391e-01 4.221703e-01 4.688222e-04
 3.604842e-01 4.049188e-01 4.057390e-01 4.053289e-01 4.101037e-04
 3.705632e-01 3.874638e-01 3.881773e-01 3.878205e-01 3.567308e-04
 3.809240e-01 3.693843e-01 3.700012e-01 3.696927e-01 3.084494e-04
 3.915745e-01 3.507373e-01 3.512673e-01 3.510023e-01 2.649984e-04
 4.025227e-01 3.315900e-01 3.320422e-01 3.318161e-01 2.261109e-04
 4.137771e-01 3.120199e-01 3.124029e-01 3.122114e-01 1.915148e-04
 4.253462e-01 2.921151e-01 2.924369e-01 2.922760e-01 1.609339e-04
 4.372387e-01 2.719743e-01 2.722425e-01 2.721084e-01 1.340896e-04
 4.494637e-01 2.517069e-01 2.519283e-01 2.518176e-01 1.107018e-04
 4.620305e-01 2.314324e-01 2.316134e-01 2.315229e-01 9.049077e-05
 4.749487e-01 2.112793e-01 2.114257e-01 2.113525e-01 7.317881e-05
 4.882281e-01 1.913838e-01 1.915008e-01 1.914423e-01 5.849213e-05
 5.018787e-01 1.718882e-01 1.719805e-01 1.719343e-01 4.616269e-05
 5.159111e-01 1.529383e-01 1.530102e-01 1.529743e-01 3.593022e-05
 5.303357e-01 1.346813e-01 1.347364e-01 1.347088e-01 2.754421e-05
 5.451637e-01 1.172613e-01 1.173028e-01 1.172820e-01 2.076583e-05
 5.604063e-01 1.008161e-01 1.008469e-01 1.008315e-01 1.536982e-05
 5.760750e-01 8.547306e-02 8.549535e-02 8.548421e-02 1.114619e-05
 5.921818e-01 7.134368e-02 7.135949e-02 7.135158e-02 7.901696e-06
 6.087390e-01 5.851960e-02 5.853052e-02 5.852506e-02 5.461061e-06
 6.257591e-01 4.706769e-02 4.707503e-02 4.707136e-02 3.667831e-06
 6.432551e-01 3.702606e-02 3.703083e-02 3.702844e-02 2.384840e-06
 6.612403e-01 2.840077e-02 2.840376e-02 2.840227e-02 1.494243e-06
 6.797283e-01 2.116388e-02 2.116567e-02 2.116477e-02 8.970862e-07
 6.987332e-01 1.525298e-02 1.525401e-02 1.525350e-02 5.124237e-07
 7.182695e-01 1.057291e-02 1.057346e-02 1.057319e-02 2.759961e-07
 7.383520e-01 6.999514e-03 6.999791e-03 6.999652e-03 1.385398e-07
 7.589961e-01 4.385800e-03 4.385928e-03 4.385864e-03 6.380292e-08
 7.802173e-01 2.570087e-03 2.570140e-03 2.570114e-03 2.637938e-08
 8.020319e-01 1.385771e-03 1.385790e-03 1.385780e-03 9.487552e-09
 8.244563e-01 6.718271e-04 6.718327e-04 6.718299e-04 2.827503e-09
 8.475078e-01 2.829879e-04 2.829892e-04 2.829885e-04 6.435517e-10
 8.712038e-01 9.809586e-05 9.809605e-05 9.809596e-05 9.567649e-11
 8.955623e-01 2.547451e-05 2.547452e-05 2.547452e-05 6.337305e-12
 9.206019e-01 4.115752e-06 4.115752e-06 4.115752e-06 2.763512e-14
 9.463415e-01 2.597201e-07 2.597201e-07 2.597201e-07 0.000000e+00
 9.728009e-01 9.137201e-10 9.137201e-10 9.137201e-10 0.000000e+00