
 1.000000e-06 4.474569e-05 4.515073e+01 2.257539e+01 2.257534e+01
 1.027960e-06 4.577089e-05 4.467572e+01 2.233788e+01 2.233784e+01
 1.056701e-06 4.681940e-05 4.420532e+01 2.210268e+01 2.210263e+01
 1.086246e-06 4.789172e-05 4.373948e+01 2.186976e+01 2.186972e+01
 1.116617e-06 4.898840e-05 4.327817e+01 2.163911e+01 2.163906e+01
 1.147837e-06 5.010998e-05 4.282135e+01 2.141070e+01 2.141065e+01
 1.179930e-06 5.125703e-05 4.236897e+01 2.118451e+01 2.118446e+01
 1.212920e-06 5.243012e-05 4.192099e+01 2.096052e+01 2.096047e+01
 1.246833e-06 5.362982e-05 4.147738e+01 2.073872e+01 2.073866e+01
 1.281694e-06 5.485675e-05 4.103810e+01 2.051908e+01 2.051902e+01
 1.317530e-06 5.611151e-05 4.060311e+01 2.030158e+01 2.030153e+01
 1.354368e-06 5.739472e-05 4.017236e+01 2.008621e+01 2.008615e+01
 1.392235e-06 5.870704e-05 3.974582e+01 1.987294e+01 1.987288e+01
 1.431161e-06 6.004910e-05 3.932346e+01 1.966176e+01 1.966170e+01
 1.471176e-06 6.142158e-05 3.890523e+01 1.945265e+01 1.945259e+01
 1.512310e-06 6.282515e-05 3.849110e+01 1.924558e+01 1.924552e+01
 1.554593e-06 6.426053e-05 3.808103e+01 1.904055e+01 1.904048e+01
 1.598059e-06 6.572842e-05 3.767498e+01 1.883752e+01 1.883746e+01
 1.642740e-06 6.722955e-05 3.727292e+01 1.863650e+01 1.863643e+01
 1.688670e-06 6.876466e-05 3.687482e+01 1.843744e+01 1.843737e+01
 1.735885e-06 7.033452e-05 3.648062e+01 1.824035e+01 1.824028e+01
 1.784420e-06 7.193991e-05 3.609031e+01 1.804519e+01 1.804512e+01
 1.834311e-06 7.358162e-05 3.570384e+01 1.785196e+01 1.785188e+01
 1.885598e-06 7.526046e-05 3.532118e+01 1.766063e+01 1.766055e+01
 1.938319e-06 7.697727e-05 3.494230e+01 1.747119e+01 1.747111e+01
 1.992513e-06 7.873289e-05 3.456715e+01 1.728362e+01 1.728354e+01
 2.048223e-06 8.052820e-05 3.419572e+01 1.709790e+01 1.709782e+01
 2.105491e-06 8.236409e-05 3.382796e+01 1.691402e+01 1.691394e+01
 2.164359e-06 8.424145e-05 3.346383e+01 1.673196e+01 1.673187e+01
 2.224874e-06 8.616122e-05 3.310331e+01 1.655170e+01 1.655161e+01
 2.287080e-06 8.812435e-05 3.274637e+01 1.637323e+01 1.637314e+01
 2.351026e-06 9.013180e-05 3.239297e+01 1.619653e+01 1.619644e+01
 2.416760e-06 9.218457e-05 3.204307e+01 1.602158e+01 1.602149e+01
 2.484332e-06 9.428367e-05 3.169665e+01 1.584837e+01 1.584828e+01
 2.553793e-06 9.643013e-05 3.135368e+01 1.567689e+01 1.567679e+01
 2.625196e-06 9.862500e-05 3.101412e+01 1.550711e+01 1.550701e+01
 2.698595e-06 1.008694e-04 3.067794e+01 1.533902e+01 1.533892e+01
 2.774047e-06 1.031644e-04 3.034511e+01 1.517260e+01 1.517250e+01
 2.851608e-06 1.055111e-04 3.001560e+01 1.500785e+01 1.500775e+01
 2.931338e-06 1.079107e-04 2.968938e+01 1.484474e+01 1.484463e+01
 3.013297e-06 1.103644e-04 2.936642e+01 1.468326e+01 1.468315e+01
 3.097547e-06 1.128733e-04 2.904668e+01 1.452340e+01 1.452329e+01
 3.184154e-06 1.154387e-04 2.873015e+01 1.436513e+01 1.436502e+01
 3.273181e-06 1.180620e-04 2.841679e+01 1.420845e+01 1.420834e+01
 3.364698e-06 1.207442e-04 2.810657e+01 1.405334e+01 1.405322e+01
 3.458774e-06 1.234868e-04 2.779946e+01 1.389979e+01 1.389967e+01
 3.555480e-06 1.262912e-04 2.749543e+01 1.374778e+01 1.374765e+01
 3.654890e-06 1.291586e-04 2.719446e+01 1.359729e+01 1.359717e+01
 3.757079e-06 1.320905e-04 2.689651e+01 1.344832e+01 1.344819e+01
 3.862125e-06 1.350883e-04 2.660157e+01 1.330085e+01 1.330072e+01
 3.970109e-06 1.381534e-04 2.630959e+01 1.315486e+01 1.315473e+01
 4.081111e-06 1.412875e-04 2.602055e+01 1.301035e+01 1.301021e+01
 4.195218e-06 1.444920e-04 2.573444e+01 1.286729e+01 1.286715e+01
 4.312514e-06 1.477685e-04 2.545121e+01 1.272568e+01 1.272553e+01
 4.433090e-06 1.511185e-04 2.517084e+01 1.258549e+01 1.258534e+01
 4.557038e-06 1.545437e-04 2.489331e+01 1.244673e+01 1.244658e+01
 4.684451e-06 1.580458e-04 2.461858e+01 1.230937e+01 1.230921e+01
 4.815426e-06 1.616265e-04 2.434664e+01 1.217340e+01 1.217324e+01
 4.950064e-06 1.652876e-04 2.407746e+01 1.203881e+01 1.203865e+01
 5.088465e-06 1.690307e-04 2.381101e+01 1.190559e+01 1.190542e+01
 5.230737e-06 1.728577e-04 2.354726e+01 1.177372e+01 1.177354e+01
 5.376986e-06 1.767706e-04 2.328619e+01 1.164318e+01 1.164301e+01
 5.527325e-06 1.807711e-04 2.302778e+01 1.151398e+01 1.151380e+01
 5.681866e-06 1.848613e-04 2.277200e+01 1.138609e+01 1.138591e+01
 5.840729e-06 1.890431e-04 2.251882e+01 1.125951e+01 1.125932e+01
 6.004034e-06 1.933185e-04 2.226823e+01 1.113421e+01 1.113402e+01
 6.171904e-06 1.976896e-04 2.202020e+01 1.101020e+01 1.101000e+01
 6.344468e-06 2.021586e-04 2.177469e+01 1.088745e+01 1.088725e+01
 6.521857e-06 2.067275e-04 2.153170e+01 1.076595e+01 1.076575e+01
 6.704205e-06 2.113987e-04 2.129119e+01 1.064570e+01 1.064549e+01
 6.891652e-06 2.161743e-04 2.105315e+01 1.052668e+01 1.052647e+01
 7.084340e-06 2.210568e-04 2.081755e+01 1.040888e+01 1.040866e+01
 7.282415e-06 2.260483e-04 2.058436e+01 1.029229e+01 1.029207e+01
 7.486029e-06 2.311514e-04 2.035356e+01 1.017690e+01 1.017667e+01
 7.695335e-06 2.363685e-04 2.012514e+01 1.006269e+01 1.006245e+01
 7.910494e-06 2.417021e-04 1.989907e+01 9.949654e+00 9.949413e+00
 8.131668e-06 2.471548e-04 1.967532e+01 9.837784e+00 9.837536e+00
 8.359026e-06 2.527292e-04 1.945388e+01 9.727065e+00 9.726812e+00
 8.592741e-06 2.584281e-04 1.923472e+01 9.617488e+00 9.617230e+00
 8.832991e-06 2.642540e-04 1.901782e+01 9.509042e+00 9.508778e+00
 9.079958e-06 2.702099e-04 1.880316e+01 9.401716e+00 9.401446e+00
 9.333830e-06 2.762987e-04 1.859072e+01 9.295500e+00 9.295223e+00
 9.594800e-06 2.825231e-04 1.838048e+01 9.190382e+00 9.190100e+00
 9.863067e-06 2.888863e-04 1.817242e+01 9.086353e+00 9.086064e+00
 1.013883e-05 2.953913e-04 1.796651e+01 8.983402e+00 8.983106e+00
 1.042231e-05 3.020411e-04 1.776274e+01 8.881519e+00 8.881217e+00
 1.071372e-05 3.088391e-04 1.756108e+01 8.780693e+00 8.780385e+00
 1.101327e-05 3.157883e-04 1.736152e+01 8.680916e+00 8.680600e+00
 1.132119e-05 3.228923e-04 1.716403e+01 8.582176e+00 8.581853e+00
 1.163773e-05 3.301543e-04 1.696860e+01 8.484464e+00 8.484133e+00
 1.196312e-05 3.375778e-04 1.677520e+01 8.387769e+00 8.387432e+00
 1.229760e-05 3.451664e-04 1.658382e+01 8.292084e+00 8.291738e+00
 1.264144e-05 3.529237e-04 1.639444e+01 8.197396e+00 8.197044e+00
 1.299489e-05 3.608534e-04 1.620704e+01 8.103698e+00 8.103338e+00
 1.335822e-05 3.689593e-04 1.602159e+01 8.010980e+00 8.010611e+00
 1.373171e-05 3.772452e-04 1.583809e+01 7.919232e+00 7.918855e+00
 1.411564e-05 3.857151e-04 1.565650e+01 7.828445e+00 7.828059e+00
 1.451031e-05 3.943731e-04 1.547682e+01 7.738609e+00 7.738215e+00
 1.491601e-05 4.032232e-04 1.529903e+01 7.649716e+00 7.649313e+00
 1.533306e-05 4.122696e-04 1.512310e+01 7.561757e+00 7.561345e+00
 1.576176e-05 4.215167e-04 1.494902e+01 7.474722e+00 7.474301e+00
 1.620246e-05 4.309689e-04 1.477678e+01 7.388603e+00 7.388172e+00
 1.665547e-05 4.406305e-04 1.460634e+01 7.303391e+00 7.302951e+00
 1.712115e-05 4.505063e-04 1.443770e+01 7.219077e+00 7.218627e+00
 1.759985e-05 4.606009e-04 1.427084e+01 7.135653e+00 7.135192e+00
 1.809194e-05 4.709190e-04 1.410575e+01 7.053109e+00 7.052638e+00
 1.859778e-05 4.814656e-04 1.394239e+01 6.971438e+00 6.970956e+00
 1.911777e-05 4.922457e-04 1.378077e+01 6.890630e+00 6.890138e+00
 1.965229e-05 5.032643e-04 1.362085e+01 6.810679e+00 6.810176e+00
 2.020176e-05 5.145266e-04 1.346263e+01 6.731574e+00 6.731060e+00
 2.076659e-05 5.260380e-04 1.330609e+01 6.653309e+00 6.652783e+00
 2.134722e-05 5.378039e-04 1.315121e+01 6.575875e+00 6.575337e+00
 2.194408e-05 5.498298e-04 1.299798e+01 6.499263e+00 6.498713e+00
 2.255763e-05 5.621214e-04 1.284637e+01 6.423467e+00 6.422904e+00
 2.318833e-05 5.746846e-04 1.269638e+01 6.348477e+00 6.347902e+00
 2.383667e-05 5.875251e-04 1.254799e+01 6.274287e+00 6.273699e+00
 2.450313e-05 6.006491e-04 1.240117e+01 6.200887e+00 6.200287e+00
 2.518823e-05 6.140627e-04 1.225593e+01 6.128272e+00 6.127658e+00
 2.589248e-05 6.277722e-04 1.211224e+01 6.056432e+00 6.055805e+00
 2.661642e-05 6.417841e-04 1.197008e+01 5.985361e+00 5.984720e+00
 2.736061e-05 6.561049e-04 1.182945e+01 5.915051e+00 5.914395e+00
 2.812560e-05 6.707413e-04 1.169032e+01 5.845494e+00 5.844824e+00
 2.891198e-05 6.857003e-04 1.155268e+01 5.776684e+00 5.775998e+00
 2.972035e-05 7.009887e-04 1.141652e+01 5.708612e+00 5.707911e+00
 3.055132e-05 7.166137e-04 1.128183e+01 5.641272e+00 5.640555e+00
 3.140552e-05 7.325827e-04 1.114858e+01 5.574656e+00 5.573923e+00
 3.228361e-05 7.489032e-04 1.101677e+01 5.508757e+00 5.508009e+00
 3.318624e-05 7.655826e-04 1.088637e+01 5.443569e+00 5.442804e+00
 3.411412e-05 7.826289e-04 1.075739e+01 5.379084e+00 5.378301e+00
 3.506793e-05 8.000499e-04 1.062979e+01 5.315295e+00 5.314495e+00
 3.604842e-05 8.178538e-04 1.050357e+01 5.252196e+00 5.251378e+00
 3.705632e-05 8.360488e-04 1.037872e+01 5.189779e+00 5.188943e+00
 3.809240e-05 8.546435e-04 1.025522e+01 5.128039e+00 5.127184e+00
 3.915745e-05 8.736465e-04 1.013306e+01 5.066967e+00 5.066094e+00
 4.025227e-05 8.930665e-04 1.001222e+01 5.006559e+00 5.005666e+00
 4.137771e-05 9.129127e-04 9.892699e+00 4.946806e+00 4.945893e+00
 4.253462e-05 9.331941e-04 9.774473e+00 4.887703e+00 4.886770e+00
 4.372387e-05 9.539203e-04 9.657532e+00 4.829243e+00 4.828289e+00
 4.494637e-05 9.751009e-04 9.541865e+00 4.771420e+00 4.770445e+00
 4.620305e-05 9.967455e-04 9.427459e+00 4.714228e+00 4.713231e+00
 4.749487e-05 1.018864e-03 9.314300e+00 4.657659e+00 4.656641e+00
 4.882281e-05 1.041467e-03 9.202377e+00 4.601709e+00 4.600668e+00
 5.018787e-05 1.064565e-03 9.091677e+00 4.546371e+00 4.545306e+00
 5.159111e-05 1.088169e-03 8.982188e+00 4.491638e+00 4.490550e+00
 5.303357e-05 1.112289e-03 8.873899e+00 4.437505e+00 4.436393e+00
 5.451637e-05 1.136936e-03 8.766796e+00 4.383966e+00 4.382829e+00
 5.604063e-05 1.162122e-03 8.660868e+00 4.331015e+00 4.329853e+00
 5.760750e-05 1.187859e-03 8.556104e+00 4.278646e+00 4.277458e+00
 5.921818e-05 1.214157e-03 8.452492e+00 4.226853e+00 4.225639e+00
 6.087390e-05 1.241031e-03 8.350020e+00 4.175631e+00 4.174390e+00
 6.257591e-05 1.268490e-03 8.248677e+00 4.124973e+00 4.123704e+00
 6.432551e-05 1.296550e-03 8.148451e+00 4.074874e+00 4.073577e+00
 6.612403e-05 1.325221e-03 8.049332e+00 4.025328e+00 4.024003e+00
 6.797283e-05 1.354517e-03 7.951307e+00 3.976331e+00 3.974976e+00
 6.987332e-05 1.384453e-03 7.854367e+00 3.927876e+00 3.926491e+00
 7.182695e-05 1.415040e-03 7.758500e+00 3.879958e+00 3.878543e+00
 7.383520e-05 1.446294e-03 7.663696e+00 3.832571e+00 3.831125e+00
 7.589961e-05 1.478229e-03 7.569943e+00 3.785711e+00 3.784232e+00
 7.802173e-05 1.510859e-03 7.477231e+00 3.739371e+00 3.737860e+00
 8.020319e-05 1.544199e-03 7.385550e+00 3.693547e+00 3.692003e+00
 8.244563e-05 1.578265e-03 7.294889e+00 3.648234e+00 3.646655e+00
 8.475078e-05 1.613071e-03 7.205238e+00 3.603425e+00 3.601812e+00
 8.712038e-05 1.648634e-03 7.116586e+00 3.559117e+00 3.557469e+00
 8.955623e-05 1.684970e-03 7.028924e+00 3.515304e+00 3.513619e+00
 9.206019e-05 1.722096e-03 6.942241e+00 3.471982e+00 3.470259e+00
 9.463415e-05 1.760027e-03 6.856528e+00 3.429144e+00 3.427384e+00
 9.728009e-05 1.798782e-03 6.771774e+00 3.386786e+00 3.384988e+00
 1.000000e-04 1.838378e-03 6.687970e+00 3.344904e+00 3.343066e+00
 1.027960e-04 1.878833e-03 6.605106e+00 3.303492e+00 3.301614e+00
 1.056701e-04 1.920166e-03 6.523173e+00 3.262546e+00 3.260626e+00
 1.086246e-04 1.962394e-03 6.442161e+00 3.222061e+00 3.220099e+00
 1.116617e-04 2.005538e-03 6.362060e+00 3.182033e+00 3.180027e+00
 1.147837e-04 2.049616e-03 6.282862e+00 3.142456e+00 3.140406e+00
 1.179930e-04 2.094648e-03 6.204557e+00 3.103326e+00 3.101231e+00
 1.212920e-04 2.140655e-03 6.127136e+00 3.064638e+00 3.062498e+00
 1.246833e-04 2.187658e-03 6.050590e+00 3.026389e+00 3.024201e+00
 1.281694e-04 2.235677e-03 5.974909e+00 2.988573e+00 2.986337e+00
 1.317530e-04 2.284735e-03 5.900086e+00 2.951185e+00 2.948901e+00
 1.354368e-04 2.334853e-03 5.826111e+00 2.914223e+00 2.911888e+00
 1.392235e-04 2.386054e-03 5.752976e+00 2.877681e+00 2.875295e+00
 1.431161e-04 2.438361e-03 5.680671e+00 2.841555e+00 2.839116e+00
 1.471176e-04 2.491797e-03 5.609189e+00 2.805840e+00 2.803349e+00
 1.512310e-04 2.546386e-03 5.538521e+00 2.770534e+00 2.767987e+00
 1.554593e-04 2.602153e-03 5.468658e+00 2.735630e+00 2.733028e+00
 1.598059e-04 2.659122e-03 5.399592e+00 2.701125e+00 2.698466e+00
 1.642740e-04 2.717320e-03 5.331315e+00 2.667016e+00 2.664299e+00
 1.688670e-04 2.776772e-03 5.263818e+00 2.633298e+00 2.630521e+00
 1.735885e-04 2.837504e-03 5.197095e+00 2.599966e+00 2.597129e+00
 1.784420e-04 2.899545e-03 5.131135e+00 2.567018e+00 2.564118e+00
 1.834311e-04 2.962920e-03 5.065933e+00 2.534448e+00 2.531485e+00
 1.885598e-04 3.027660e-03 5.001479e+00 2.502253e+00 2.499226e+00
 1.938319e-04 3.093792e-03 4.937767e+00 2.470430e+00 2.467336e+00
 1.992513e-04 3.161345e-03 4.874787e+00 2.438974e+00 2.435813e+00
 2.048223e-04 3.230351e-03 4.812533e+00 2.407882e+00 2.404652e+00
 2.105491e-04 3.300839e-03 4.750998e+00 2.377149e+00 2.373848e+00
 2.164359e-04 3.372841e-03 4.690173e+00 2.346773e+00 2.343400e+00
 2.224874e-04 3.446388e-03 4.630051e+00 2.316749e+00 2.313302e+00
 2.287080e-04 3.521514e-03 4.570625e+00 2.287073e+00 2.283552e+00
 2.351026e-04 3.598252e-03 4.511887e+00 2.257743e+00 2.254145e+00
 2.416760e-04 3.676634e-03 4.453831e+00 2.228754e+00 2.225077e+00
 2.484332e-04 3.756697e-03 4.396449e+00 2.200103e+00 2.196346e+00
 2.553793e-04 3.838476e-03 4.339734e+00 2.171786e+00 2.167948e+00
 2.625196e-04 3.922006e-03 4.283679e+00 2.143801e+00 2.139879e+00
 2.698595e-04 4.007325e-03 4.228278e+00 2.116143e+00 2.112135e+00
 2.774047e-04 4.094469e-03 4.173523e+00 2.088809e+00 2.084714e+00
 2.851608e-04 4.183478e-03 4.119407e+00 2.061795e+00 2.057612e+00
 2.931338e-04 4.274390e-03 4.065924e+00 2.035099e+00 2.030825e+00
 3.013297e-04 4.367246e-03 4.013067e+00 2.008717e+00 2.004350e+00
 3.097547e-04 4.462086e-03 3.960829e+00 1.982646e+00 1.978184e+00
 3.184154e-04 4.558952e-03 3.909205e+00 1.956882e+00 1.952323e+00
 3.273181e-04 4.657887e-03 3.858186e+00 1.931422e+00 1.926764e+00
 3.364698e-04 4.758933e-03 3.807768e+00 1.906264e+00 1.901505e+00
 3.458774e-04 4.862135e-03 3.757944e+00 1.881403e+00 1.876541e+00
 3.555480e-04 4.967538e-03 3.708707e+00 1.856837e+00 1.851870e+00
 3.654890e-04 5.075188e-03 3.660051e+00 1.832563e+00 1.827488e+00
 3.757079e-04 5.185133e-03 3.611970e+00 1.808577e+00 1.803392e+00
 3.862125e-04 5.297420e-03 3.564458e+00 1.784877e+00 1.779580e+00
 3.970109e-04 5.412098e-03 3.517508e+00 1.761460e+00 1.756048e+00
 4.081111e-04 5.529218e-03 3.471116e+00 1.738322e+00 1.732793e+00
 4.195218e-04 5.648830e-03 3.425274e+00 1.715461e+00 1.709813e+00
 4.312514e-04 5.770986e-03 3.379977e+00 1.692874e+00 1.687103e+00
 4.433090e-04 5.895740e-03 3.335220e+00 1.670558e+00 1.664662e+00
 4.557038e-04 6.023145e-03 3.290996e+00 1.648509e+00 1.642486e+00
 4.684451e-04 6.153258e-03 3.247299e+00 1.626726e+00 1.620573e+00
 4.815426e-04 6.286134e-03 3.204125e+00 1.605205e+00 1.598919e+00
 4.950064e-04 6.421832e-03 3.161467e+00 1.583944e+00 1.577523e+00
 5.088465e-04 6.560410e-03 3.119320e+00 1.562940e+00 1.556380e+00
 5.230737e-04 6.701928e-03 3.077679e+00 1.542190e+00 1.535488e+00
 5.376986e-04 6.846447e-03 3.036537e+00 1.521692e+00 1.514845e+00
 5.527325e-04 6.994031e-03 2.995890e+00 1.501442e+00 1.494448e+00
 5.681866e-04 7.144742e-03 2.955733e+00 1.481439e+00 1.474294e+00
 5.840729e-04 7.298646e-03 2.916059e+00 1.461679e+00 1.454380e+00
 6.004034e-04 7.455810e-03 2.876865e+00 1.442160e+00 1.434705e+00
 6.171904e-04 7.616301e-03 2.838144e+00 1.422880e+00 1.415264e+00
 6.344468e-04 7.780189e-03 2.799892e+00 1.403836e+00 1.396056e+00
 6.521857e-04 7.947544e-03 2.762103e+00 1.385025e+00 1.377078e+00
 6.704205e-04 8.118438e-03 2.724773e+00 1.366446e+00 1.358327e+00
 6.891652e-04 8.292945e-03 2.687897e+00 1.348095e+00 1.339802e+00
 7.084340e-04 8.471141e-03 2.651469e+00 1.329970e+00 1.321499e+00
 7.282415e-04 8.653101e-03 2.615485e+00 1.312069e+00 1.303416e+00
 7.486029e-04 8.838904e-03 2.579940e+00 1.294389e+00 1.285551e+00
 7.695335e-04 9.028630e-03 2.544829e+00 1.276929e+00 1.267900e+00
 7.910494e-04 9.222361e-03 2.510148e+00 1.259685e+00 1.250463e+00
 8.131668e-04 9.420179e-03 2.475892e+00 1.242656e+00 1.233236e+00
 8.359026e-04 9.622170e-03 2.442056e+00 1.225839e+00 1.216217e+00
 8.592741e-04 9.828420e-03 2.408636e+00 1.209232e+00 1.199404e+00
 8.832991e-04 1.003902e-02 2.375627e+00 1.192833e+00 1.182794e+00
 9.079958e-04 1.025405e-02 2.343025e+00 1.176640e+00 1.166385e+00
 9.333830e-04 1.047362e-02 2.310825e+00 1.160649e+00 1.150176e+00
 9.594800e-04 1.069781e-02 2.279023e+00 1.144861e+00 1.134163e+00
 9.863067e-04 1.092672e-02 2.247615e+00 1.129271e+00 1.118344e+00
 1.013883e-03 1.116045e-02 2.216596e+00 1.113878e+00 1.102718e+00
 1.042231e-03 1.139910e-02 2.185963e+00 1.098681e+00 1.087282e+00
 1.071372e-03 1.164276e-02 2.155710e+00 1.083676e+00 1.072034e+00
 1.101327e-03 1.189155e-02 2.125834e+00 1.068863e+00 1.056971e+00
 1.132119e-03 1.214558e-02 2.096331e+00 1.054238e+00 1.042093e+00
 1.163773e-03 1.240494e-02 2.067196e+00 1.039801e+00 1.027396e+00
 1.196312e-03 1.266975e-02 2.038427e+00 1.025548e+00 1.012878e+00
 1.229760e-03 1.294013e-02 2.010017e+00 1.011479e+00 9.985385e-01
 1.264144e-03 1.321619e-02 1.981965e+00 9.975904e-01 9.843742e-01
 1.299489e-03 1.349804e-02 1.954265e+00 9.838815e-01 9.703834e-01
 1.335822e-03 1.378581e-02 1.926914e+00 9.703500e-01 9.565642e-01
 1.373171e-03 1.407962e-02 1.899909e+00 9.569941e-01 9.429145e-01
 1.411564e-03 1.437960e-02 1.873245e+00 9.438121e-01 9.294325e-01
 1.451031e-03 1.468587e-02 1.846918e+00 9.308020e-01 9.161161e-01
 1.491601e-03 1.499857e-02 1.820926e+00 9.179622e-01 9.029636e-01
 1.533306e-03 1.531782e-02 1.795264e+00 9.052909e-01 8.899730e-01
 1.576176e-03 1.564378e-02 1.769929e+00 8.927863e-01 8.771425e-01
 1.620246e-03 1.597656e-02 1.744917e+00 8.804468e-01 8.644702e-01
 1.665547e-03 1.631633e-02 1.720225e+00 8.682707e-01 8.519543e-01
 1.712115e-03 1.666321e-02 1.695849e+00 8.562562e-01 8.395930e-01
 1.759985e-03 1.701737e-02 1.671786e+00 8.444018e-01 8.273845e-01
 1.809194e-03 1.737895e-02 1.648033e+00 8.327059e-01 8.153270e-01
 1.859778e-03 1.774810e-02 1.624586e+00 8.211668e-01 8.034187e-01
 1.911777e-03 1.812500e-02 1.601441e+00 8.097830e-01 7.916580e-01
 1.965229e-03 1.850978e-02 1.578596e+00 7.985529e-01 7.800431e-01
 2.020176e-03 1.890263e-02 1.556047e+00 7.874750e-01 7.685724e-01
 2.076659e-03 1.930371e-02 1.533792e+00 7.765477e-01 7.572440e-01
 2.134722e-03 1.971319e-02 1.511826e+00 7.657696e-01 7.460565e-01
 2.194408e-03 2.013125e-02 1.490147e+00 7.551393e-01 7.350080e-01
 2.255763e-03 2.055807e-02 1.468752e+00 7.446551e-01 7.240971e-01
 2.318833e-03 2.099383e-02 1.447638e+00 7.343158e-01 7.133220e-01
 2.383667e-03 2.143871e-02 1.426801e+00 7.241199e-01 7.026812e-01
 2.450313e-03 2.189292e-02 1.406239e+00 7.140660e-01 6.921731e-01
 2.518823e-03 2.235664e-02 1.385949e+00 7.041528e-01 6.817962e-01
 2.589248e-03 2.283008e-02 1.365928e+00 6.943789e-01 6.715488e-01
 2.661642e-03 2.331343e-02 1.346172e+00 6.847429e-01 6.614295e-01
 2.736061e-03 2.380692e-02 1.326680e+00 6.752437e-01 6.514368e-01
 2.812560e-03 2.431075e-02 1.307449e+00 6.658798e-01 6.415691e-01
 2.891198e-03 2.482513e-02 1.288475e+00 6.566501e-01 6.318250e-01
 2.972035e-03 2.535031e-02 1.269756e+00 6.475533e-01 6.222030e-01
 3.055132e-03 2.588649e-02 1.251290e+00 6.385881e-01 6.127016e-01
 3.140552e-03 2.643392e-02 1.233073e+00 6.297534e-01 6.033195e-01
 3.228361e-03 2.699283e-02 1.215103e+00 6.210480e-01 5.940551e-01
 3.318624e-03 2.756346e-02 1.197378e+00 6.124707e-01 5.849072e-01
 3.411412e-03 2.814608e-02 1.179895e+00 6.040204e-01 5.758743e-01
 3.506793e-03 2.874092e-02 1.162651e+00 5.956959e-01 5.669550e-01
 3.604842e-03 2.934825e-02 1.145644e+00 5.874963e-01 5.581480e-01
 3.705632e-03 2.996834e-02 1.128872e+00 5.794203e-01 5.494520e-01
 3.809240e-03 3.060145e-02 1.112333e+00 5.714670e-01 5.408656e-01
 3.915745e-03 3.124788e-02 1.096023e+00 5.636353e-01 5.323874e-01
 4.025227e-03 3.190789e-02 1.079940e+00 5.559242e-01 5.240163e-01
 4.137771e-03 3.258179e-02 1.064084e+00 5.483327e-01 5.157509e-01
 4.253462e-03 3.326988e-02 1.048450e+00 5.408598e-01 5.075899e-01
 4.372387e-03 3.397244e-02 1.033037e+00 5.335046e-01 4.995321e-01
 4.494637e-03 3.468981e-02 1.017843e+00 5.262662e-01 4.915763e-01
 4.620305e-03 3.542229e-02 1.002865e+00 5.191436e-01 4.837213e-01
 4.749487e-03 3.617022e-02 9.881017e-01 5.121359e-01 4.759657e-01
 4.882281e-03 3.693393e-02 9.735509e-01 5.052424e-01 4.683085e-01
 5.018787e-03 3.771376e-02 9.592106e-01 4.984622e-01 4.607484e-01
 5.159111e-03 3.851005e-02 9.450787e-01 4.917944e-01 4.532843e-01
 5.303357e-03 3.932318e-02 9.311532e-01 4.852382e-01 4.459150e-01
 5.451637e-03 4.015350e-02 9.174323e-01 4.787929e-01 4.386394e-01
 5.604063e-03 4.100140e-02 9.039140e-01 4.724577e-01 4.314563e-01
 5.760750e-03 4.186725e-02 8.905966e-01 4.662319e-01 4.243647e-01
 5.921818e-03 4.275145e-02 8.774782e-01 4.601148e-01 4.173634e-01
 6.087390e-03 4.365440e-02 8.645570e-01 4.541057e-01 4.104513e-01
 6.257591e-03 4.457651e-02 8.518314e-01 4.482039e-01 4.036274e-01
 6.432551e-03 4.551821e-02 8.392995e-01 4.424089e-01 3.968906e-01
 6.612403e-03 4.647993e-02 8.269598e-01 4.367199e-01 3.902399e-01
 6.797283e-03 4.746211e-02 8.148106e-01 4.311363e-01 3.836742e-01
 6.987332e-03 4.846520e-02 8.028503e-01 4.256577e-01 3.771925e-01
 7.182695e-03 4.948968e-02 7.910774e-01 4.202835e-01 3.707938e-01
 7.383520e-03 5.053600e-02 7.794903e-01 4.150132e-01 3.644772e-01
 7.589961e-03 5.160467e-02 7.680877e-01 4.098462e-01 3.582415e-01
 7.802173e-03 5.269618e-02 7.568679e-01 4.047820e-01 3.520859e-01
 8.020319e-03 5.381104e-02 7.458297e-01 3.998204e-01 3.460093e-01
 8.244563e-03 5.494977e-02 7.349717e-01 3.949607e-01 3.400110e-01
 8.475078e-03 5.611291e-02 7.242925e-01 3.902027e-01 3.340898e-01
 8.712038e-03 5.730100e-02 7.137908e-01 3.855459e-01 3.282449e-01
 8.955623e-03 5.851462e-02 7.034655e-01 3.809900e-01 3.224754e-01
 9.206019e-03 5.975433e-02 6.933152e-01 3.765348e-01 3.167804e-01
 9.463415e-03 6.102072e-02 6.833388e-01 3.721798e-01 3.111590e-01
 9.728009e-03 6.231440e-02 6.735352e-01 3.679248e-01 3.056104e-01
 1.000000e-02 6.363598e-02 6.639033e-01 3.637696e-01 3.001336e-01
 1.027960e-02 6.498610e-02 6.544419e-01 3.597140e-01 2.947279e-01
 1.056701e-02 6.636540e-02 6.451502e-01 3.557578e-01 2.893924e-01
 1.086246e-02 6.777455e-02 6.360270e-01 3.519008e-01 2.841262e-01
 1.116617e-02 6.921423e-02 6.270715e-01 3.481429e-01 2.789286e-01
 1.147837e-02 7.068512e-02 6.182828e-01 3.444840e-01 2.737988e-01
 1.179930e-02 7.218795e-02 6.096600e-01 3.409240e-01 2.687360e-01
 1.212920e-02 7.372343e-02 6.012022e-01 3.374628e-01 2.637394e-01
 1.246833e-02 7.529231e-02 5.929087e-01 3.341005e-01 2.588082e-01
 1.281694e-02 7.689535e-02 5.847788e-01 3.308371e-01 2.539417e-01
 1.317530e-02 7.853333e-02 5.768117e-01 3.276725e-01 2.491392e-01
 1.354368e-02 8.020705e-02 5.690068e-01 3.246069e-01 2.443999e-01
 1.392235e-02 8.191732e-02 5.613634e-01 3.216404e-01 2.397231e-01
 1.431161e-02 8.366497e-02 5.538811e-01 3.187730e-01 2.351080e-01
 1.471176e-02 8.545084e-02 5.465591e-01 3.160050e-01 2.305541e-01
 1.512310e-02 8.727581e-02 5.393971e-01 3.133365e-01 2.260607e-01
 1.554593e-02 8.914075e-02 5.323946e-01 3.107677e-01 2.216269e-01
 1.598059e-02 9.104658e-02 5.255511e-01 3.082988e-01 2.172523e-01
 1.642740e-02 9.299421e-02 5.188663e-01 3.059302e-01 2.129360e-01
 1.688670e-02 9.498458e-02 5.123398e-01 3.036622e-01 2.086776e-01
 1.735885e-02 9.701864e-02 5.059713e-01 3.014950e-01 2.044763e-01
 1.784420e-02 9.909737e-02 4.997606e-01 2.994290e-01 2.003316e-01
 1.834311e-02 1.012218e-01 4.937074e-01 2.974646e-01 1.962428e-01
 1.885598e-02 1.033928e-01 4.878115e-01 2.956022e-01 1.922094e-01
 1.938319e-02 1.056115e-01 4.820729e-01 2.938422e-01 1.882307e-01
 1.992513e-02 1.078790e-01 4.764913e-01 2.921852e-01 1.843062e-01
 2.048223e-02 1.101962e-01 4.710668e-01 2.906315e-01 1.804353e-01
 2.105491e-02 1.125643e-01 4.657991e-01 2.891817e-01 1.766174e-01
 2.164359e-02 1.149843e-01 4.606884e-01 2.878364e-01 1.728521e-01
 2.224874e-02 1.174573e-01 4.557347e-01 2.865960e-01 1.691387e-01
 2.287080e-02 1.199844e-01 4.509380e-01 2.854612e-01 1.654768e-01
 2.351026e-02 1.225668e-01 4.462984e-01 2.844326e-01 1.618658e-01
 2.416760e-02 1.252055e-01 4.418159e-01 2.835107e-01 1.583052e-01
 2.484332e-02 1.279016e-01 4.374908e-01 2.826962e-01 1.547946e-01
 2.553793e-02 1.306563e-01 4.333232e-01 2.819897e-01 1.513334e-01
 2.625196e-02 1.334707e-01 4.293131e-01 2.813919e-01 1.479212e-01
 2.698595e-02 1.363460e-01 4.254610e-01 2.809035e-01 1.445575e-01
 2.774047e-02 1.392831e-01 4.217668e-01 2.805250e-01 1.412418e-01
 2.851608e-02 1.422834e-01 4.182309e-01 2.802571e-01 1.379738e-01
 2.931338e-02 1.453477e-01 4.148534e-01 2.801006e-01 1.347528e-01
 3.013297e-02 1.484773e-01 4.116346e-01 2.800559e-01 1.315787e-01
 3.097547e-02 1.516731e-01 4.085746e-01 2.801239e-01 1.284508e-01
 3.184154e-02 1.549362e-01 4.056738e-01 2.803050e-01 1.253688e-01
 3.273181e-02 1.582675e-01 4.029321e-01 2.805998e-01 1.223323e-01
 3.364698e-02 1.616681e-01 4.003499e-01 2.810090e-01 1.193409e-01
 3.458774e-02 1.651388e-01 3.979273e-01 2.815330e-01 1.163942e-01
 3.555480e-02 1.686805e-01 3.956643e-01 2.821724e-01 1.134919e-01
 3.654890e-02 1.722939e-01 3.935610e-01 2.829275e-01 1.106335e-01
 3.757079e-02 1.759798e-01 3.916174e-01 2.837986e-01 1.078188e-01
 3.862125e-02 1.797389e-01 3.898334e-01 2.847861e-01 1.050473e-01
 3.970109e-02 1.835715e-01 3.882089e-01 2.858902e-01 1.023187e-01
 4.081111e-02 1.874783e-01 3.867437e-01 2.871110e-01 9.963268e-02
 4.195218e-02 1.914595e-01 3.854374e-01 2.884485e-01 9.698893e-02
 4.312514e-02 1.955153e-01 3.842896e-01 2.899025e-01 9.438712e-02
 4.433090e-02 1.996458e-01 3.832997e-01 2.914728e-01 9.182693e-02
 4.557038e-02 2.038509e-01 3.824670e-01 2.931590e-01 8.930806e-02
 4.684451e-02 2.081302e-01 3.817907e-01 2.949605e-01 8.683021e-02
 4.815426e-02 2.124834e-01 3.812696e-01 2.968765e-01 8.439310e-02
 4.950064e-02 2.169097e-01 3.809026e-01 2.989061e-01 8.199645e-02
 5.088465e-02 2.214082e-01 3.806881e-01 3.010481e-01 7.963997e-02
 5.230737e-02 2.259777e-01 3.806245e-01 3.033011e-01 7.732341e-02
 5.376986e-02 2.306168e-01 3.807099e-01 3.056634e-01 7.504650e-02
 5.527325e-02 2.353238e-01 3.809418e-01 3.081328e-01 7.280899e-02
 5.681866e-02 2.400966e-01 3.813179e-01 3.107073e-01 7.061063e-02
 5.840729e-02 2.449328e-01 3.818352e-01 3.133840e-01 6.845118e-02
 6.004034e-02 2.498296e-01 3.824905e-01 3.161601e-01 6.633041e-02
 6.171904e-02 2.547839e-01 3.832801e-01 3.190320e-01 6.424808e-02
 6.344468e-02 2.597921e-01 3.842001e-01 3.219961e-01 6.220398e-02
 6.521857e-02 2.648504e-01 3.852461e-01 3.250483e-01 6.019788e-02
 6.704205e-02 2.699544e-01 3.864135e-01 3.281839e-01 5.822958e-02
 6.891652e-02 2.750994e-01 3.876971e-01 3.313983e-01 5.629886e-02
 7.084340e-02 2.802804e-01 3.890915e-01 3.346860e-01 5.440553e-02
 7.282415e-02 2.854920e-01 3.905907e-01 3.380413e-01 5.254938e-02
 7.486029e-02 2.907280e-01 3.921884e-01 3.414582e-01 5.073022e-02
 7.695335e-02 2.959821e-01 3.938778e-01 3.449300e-01 4.894787e-02
 7.910494e-02 3.012474e-01 3.956516e-01 3.484495e-01 4.720212e-02
 8.131668e-02 3.065164e-01 3.975020e-01 3.520092e-01 4.549281e-02
 8.359026e-02 3.117813e-01 3.994208e-01 3.556011e-01 4.381974e-02
 8.592741e-02 3.170336e-01 4.013991e-01 3.592163e-01 4.218275e-02
 8.832991e-02 3.222642e-01 4.034275e-01 3.628458e-01 4.058165e-02
 9.079958e-02 3.274635e-01 4.054961e-01 3.664798e-01 3.901627e-02
 9.333830e-02 3.326215e-01 4.075943e-01 3.701079e-01 3.748644e-02
 9.594800e-02 3.377272e-01 4.097112e-01 3.737192e-01 3.599198e-02
 9.863067e-02 3.427695e-01 4.118349e-01 3.773022e-01 3.453272e-02
 1.013883e-01 3.477362e-01 4.139532e-01 3.808447e-01 3.310850e-02
 1.042231e-01 3.526148e-01 4.160531e-01 3.843340e-01 3.171914e-02
 1.071372e-01 3.573922e-01 4.181211e-01 3.877567e-01 3.036446e-02
 1.101327e-01 3.620545e-01 4.201430e-01 3.910988e-01 2.904428e-02
 1.132119e-01 3.665872e-01 4.221041e-01 3.943457e-01 2.775844e-02
 1.163773e-01 3.709755e-01 4.239890e-01 3.974822e-01 2.650675e-02
 1.196312e-01 3.752037e-01 4.257817e-01 4.004927e-01 2.528902e-02
 1.229760e-01 3.792558e-01 4.274660e-01 4.033609e-01 2.410506e-02
 1.264144e-01 3.831154e-01 4.290247e-01 4.060701e-01 2.295469e-02
 1.299489e-01 3.867653e-01 4.304407e-01 4.086030e-01 2.183769e-02
 1.335822e-01 3.901883e-01 4.316960e-01 4.109421e-01 2.075386e-02
 1.373171e-01 3.933665e-01 4.327725e-01 4.130695e-01 1.970299e-02
 1.411564e-01 3.962821e-01 4.336518e-01 4.149670e-01 1.868486e-02
 1.451031e-01 3.989167e-01 4.343152e-01 4.166160e-01 1.769923e-02
 1.491601e-01 4.012521e-01 4.347438e-01 4.179979e-01 1.674585e-02
 1.533306e-01 4.032697e-01 4.349187e-01 4.190942e-01 1.582449e-02
 1.576176e-01 4.049512e-01 4.348209e-01 4.198861e-01 1.493487e-02
 1.620246e-01 4.062783e-01 4.344317e-01 4.203550e-01 1.407671e-02
 1.665547e-01 4.072329e-01 4.337324e-01 4.204827e-01 1.324973e-02
 1.712115e-01 4.077973e-01 4.327045e-01 4.202509e-01 1.245362e-02
 1.759985e-01 4.079537e-01 4.313298e-01 4.196417e-01 1.168807e-02
 1.809194e-01 4.076849e-01 4.295903e-01 4.186376e-01 1.095272e-02
 1.859778e-01 4.069740e-01 4.274685e-01 4.172213e-01 1.024725e-02
 1.911777e-01 4.058050e-01 4.249475e-01 4.153763e-01 9.571266e-03
 1.965229e-01 4.041624e-01 4.220112e-01 4.130868e-01 8.924389e-03
 2.020176e-01 4.020317e-01 4.186442e-01 4.103379e-01 8.306209e-03
 2.076659e-01 3.993998e-01 4.148324e-01 4.071161e-01 7.716298e-03
 2.134722e-01 3.962547e-01 4.105631e-01 4.034089e-01 7.154209e-03
 2.194408e-01 3.925859e-01 4.058249e-01 3.992054e-01 6.619470e-03
 2.255763e-01 3.883848e-01 4.006080e-01 3.944964e-01 6.111591e-03
 2.318833e-01 3.836443e-01 3.949045e-01 3.892744e-01 5.630057e-03
 2.383667e-01 3.783595e-01 3.887082e-01 3.835339e-01 5.174332e-03
 2.450313e-01 3.725277e-01 3.820154e-01 3.772715e-01 4.743856e-03
 2.518823e-01 3.661486e-01 3.748247e-01 3.704866e-01 4.338046e-03
 2.589248e-01 3.592248e-01 3.671374e-01 3.631811e-01 3.956297e-03
 2.661642e-01 3.517618e-01 3.589578e-01 3.553598e-01 3.597980e-03
 2.736061e-01 3.437683e-01 3.502932e-01 3.470307e-01 3.262443e-03
 2.812560e-01 3.352557e-01 3.411537e-01 3.382047e-01 2.949012e-03
 2.891198e-01 3.262386e-01 3.315526e-01 3.288956e-01 2.656993e-03
 2.972035e-01 3.167347e-01 3.215061e-01 3.191204e-01 2.385667e-03
 3.055132e-01 3.067651e-01 3.110337e-01 3.088994e-01 2.134300e-03
 3.140552e-01 2.963545e-01 3.001587e-01 2.982566e-01 1.902136e-03
 3.228361e-01 2.855311e-01 2.889079e-01 2.872195e-01 1.688403e-03
 3.318624e-01 2.743270e-01 2.773116e-01 2.758193e-01 1.492313e-03
 3.411412e-01 2.627776e-01 2.654037e-01 2.640906e-01 1.313063e-03
 3.506793e-01 2.509219e-01 2.532216e-01 2.520718e-01 1.149840e-03
 3.604842e-01 2.388027e-01 2.408064e-01 2.398045e-01 1.001820e-03
 3.705632e-01 2.264662e-01 2.282025e-01 2.273343e-01 8.681724e-04
 3.809240e-01 2.139618e-01 2.154580e-01 2.147099e-01 7.480629e-04
 3.915745e-01 2.013420e-01 2.026233e-01 2.019827e-01 6.406549e-04
 4.025227e-01 1.886614e-01 1.897517e-01 1.892066e-01 5.451136e-04
 4.137771e-01 1.759772e-01 1.768984e-01 1.764378e-01 4.606094e-04
 4.253462e-01 1.633484e-01 1.641210e-01 1.637347e-01 3.863209e-04
 4.372387e-01 1.508359e-01 1.514787e-01 1.511573e-01 3.214387e-04
 4.494637e-01 1.385021e-01 1.390324e-01 1.387673e-01 2.651687e-04
 4.620305e-01 1.264106e-01 1.268440e-01 1.266273e-01 2.167365e-04
 4.749487e-01 1.146252e-01 1.149760e-01 1.148006e-01 1.753902e-04
 4.882281e-01 1.032094e-01 1.034902e-01 1.033498e-01 1.404049e-04
 5.018787e-01 9.222475e-02 9.244692e-02 9.233583e-02 1.110858e-04
 5.159111e-01 8.172994e-02 8.190349e-02 8.181672e-02 8.677150e-05
 5.303357e-01 7.177975e-02 7.191342e-02 7.184659e-02 6.683751e-05
 5.451637e-01 6.242349e-02 6.252488e-02 6.247418e-02 5.069877e-05
 5.604063e-01 5.370346e-02 5.377908e-02 5.374127e-02 3.781216e-05
 5.760750e-01 4.565390e-02 4.570926e-02 4.568158e-02 2.767839e-05
 5.921818e-01 3.830049e-02 3.834017e-02 3.832033e-02 1.984344e-05
 6.087390e-01 3.166070e-02 3.168850e-02 3.167460e-02 1.389935e-05
 6.257591e-01 2.574311e-02 2.576208e-02 2.575260e-02 9.484500e-06
 6.432551e-01 2.054618e-02 2.055875e-02 2.055246e-02 6.283075e-06
 6.612403e-01 1.605699e-02 1.606504e-02 1.606102e-02 4.023942e-06
 6.797283e-01 1.225054e-02 1.225550e-02 1.225302e-02 2.478752e-06
 6.987332e-01 9.090223e-03 9.093142e-03 9.091682e-03 1.459354e-06
 7.182695e-01 6.530100e-03 6.531729e-03 6.530915e-03 8.146151e-07
 7.383520e-01 4.515440e-03 4.516294e-03 4.515867e-03 4.266900e-07
 7.589961e-01 2.983767e-03 2.984180e-03 2.983974e-03 2.068633e-07
 7.802173e-01 1.866476e-03 1.866658e-03 1.866567e-03 9.110394e-08
 8.020319e-01 1.090958e-03 1.091029e-03 1.090993e-03 3.548983e-08
 8.244563e-01 5.851925e-04 5.852160e-04 5.852043e-04 1.174977e-08
 8.475078e-01 2.805875e-04 2.805937e-04 2.805906e-04 3.099078e-09
 8.712038e-01 1.155000e-04 1.155012e-04 1.155006e-04 5.790268e-10
 8.955623e-01 3.818481e-05 3.818493e-05 3.818487e-05 6.008690e-11
 9.206019e-01 8.871686e-06 8.871690e-06 8.871688e-06 1.992592e-12
 9.463415e-01 1.068214e-06 1.068214e-06 1.068214e-06 8.470329e-22
 9.728009e-01 3.442108e-08 3.442108e-08 3.442108e-08 0.000000e+00