
 1.000000e-06 6.631871e-05 1.089344e+01 5.446751e+00 5.446685e+00
 1.027960e-06 6.782390e-05 1.079322e+01 5.396646e+00 5.396578e+00
 1.056701e-06 6.936290e-05 1.069386e+01 5.346962e+00 5.346893e+00
 1.086246e-06 7.093644e-05 1.059532e+01 5.297696e+00 5.297625e+00
 1.116617e-06 7.254531e-05 1.049762e+01 5.248845e+00 5.248772e+00
 1.147837e-06 7.419028e-05 1.040074e+01 5.200405e+00 5.200331e+00
 1.179930e-06 7.587216e-05 1.030467e+01 5.152373e+00 5.152297e+00
 1.212920e-06 7.759175e-05 1.020942e+01 5.104746e+00 5.104669e+00
 1.246833e-06 7.934990e-05 1.011496e+01 5.057522e+00 5.057442e+00
 1.281694e-06 8.114747e-05 1.002131e+01 5.010696e+00 5.010615e+00
 1.317530e-06 8.298531e-05 9.928449e+00 4.964266e+00 4.964183e+00
 1.354368e-06 8.486433e-05 9.836373e+00 4.918229e+00 4.918144e+00
 1.392235e-06 8.678543e-05 9.745076e+00 4.872581e+00 4.872495e+00
 1.431161e-06 8.874954e-05 9.654553e+00 4.827321e+00 4.827232e+00
 1.471176e-06 9.075762e-05 9.564796e+00 4.782444e+00 4.782353e+00
 1.512310e-06 9.281064e-05 9.475802e+00 4.737947e+00 4.737854e+00
 1.554593e-06 9.490959e-05 9.387562e+00 4.693829e+00 4.693734e+00
 1.598059e-06 9.705548e-05 9.300073e+00 4.650085e+00 4.649988e+00
 1.642740e-06 9.924935e-05 9.213327e+00 4.606713e+00 4.606614e+00
 1.688670e-06 1.014923e-04 9.127319e+00 4.563710e+00 4.563609e+00
 1.735885e-06 1.037853e-04 9.042044e+00 4.521074e+00 4.520970e+00
 1.784420e-06 1.061295e-04 8.957495e+00 4.478801e+00 4.478694e+00
 1.834311e-06 1.085261e-04 8.873667e+00 4.436888e+00 4.436779e+00
 1.885598e-06 1.109763e-04 8.790554e+00 4.395333e+00 4.395222e+00
 1.938319e-06 1.134811e-04 8.708151e+00 4.354132e+00 4.354019e+00
 1.992513e-06 1.160418e-04 8.626453e+00 4.313284e+00 4.313168e+00
 2.048223e-06 1.186596e-04 8.545453e+00 4.272786e+00 4.272667e+00
 2.105491e-06 1.213358e-04 8.465146e+00 4.232634e+00 4.232512e+00
 2.164359e-06 1.240716e-04 8.385527e+00 4.192826e+00 4.192702e+00
 2.224874e-06 1.268684e-04 8.306591e+00 4.153359e+00 4.153232e+00
 2.287080e-06 1.297276e-04 8.228331e+00 4.114231e+00 4.114101e+00
 2.351026e-06 1.326504e-04 8.150744e+00 4.075438e+00 4.075306e+00
 2.416760e-06 1.356383e-04 8.073823e+00 4.036979e+00 4.036844e+00
 2.484332e-06 1.386928e-04 7.997563e+00 3.998851e+00 3.998712e+00
 2.553793e-06 1.418151e-04 7.921960e+00 3.961051e+00 3.960909e+00
 2.625196e-06 1.450070e-04 7.847007e+00 3.923576e+00 3.923431e+00
 2.698595e-06 1.482698e-04 7.772701e+00 3.886424e+00 3.886276e+00
 2.774047e-06 1.516052e-04 7.699035e+00 3.849593e+00 3.849441e+00
 2.851608e-06 1.550148e-04 7.626004e+00 3.813080e+00 3.812925e+00
 2.931338e-06 1.585000e-04 7.553605e+00 3.776882e+00 3.776723e+00
 3.013297e-06 1.620627e-04 7.481831e+00 3.740997e+00 3.740835e+00
 3.097547e-06 1.657045e-04 7.410678e+00 3.705422e+00 3.705256e+00
 3.184154e-06 1.694272e-04 7.340141e+00 3.670155e+00 3.669986e+00
 3.273181e-06 1.732324e-04 7.270215e+00 3.635194e+00 3.635021e+00
 3.364698e-06 1.771221e-04 7.200896e+00 3.600536e+00 3.600359e+00
 3.458774e-06 1.810981e-04 7.132178e+00 3.566179e+00 3.565998e+00
 3.555480e-06 1.851622e-04 7.064056e+00 3.532121e+00 3.531935e+00
 3.654890e-06 1.893163e-04 6.996526e+00 3.498358e+00 3.498169e+00
 3.757079e-06 1.935625e-04 6.929584e+00 3.464889e+00 3.464695e+00
 3.862125e-06 1.979028e-04 6.863224e+00 3.431711e+00 3.431513e+00
 3.970109e-06 2.023391e-04 6.797443e+00 3.398823e+00 3.398620e+00
 4.081111e-06 2.068737e-04 6.732234e+00 3.366221e+00 3.366014e+00
 4.195218e-06 2.115086e-04 6.667595e+00 3.333903e+00 3.333692e+00
 4.312514e-06 2.162460e-04 6.603520e+00 3.301868e+00 3.301652e+00
 4.433090e-06 2.210882e-04 6.540005e+00 3.270113e+00 3.269892e+00
 4.557038e-06 2.260374e-04 6.477045e+00 3.238635e+00 3.238409e+00
 4.684451e-06 2.310960e-04 6.414636e+00 3.207433e+00 3.207202e+00
 4.815426e-06 2.362663e-04 6.352773e+00 3.176505e+00 3.176269e+00
 4.950064e-06 2.415508e-04 6.291453e+00 3.145847e+00 3.145606e+00
 5.088465e-06 2.469520e-04 6.230671e+00 3.115459e+00 3.115212e+00
 5.230737e-06 2.524724e-04 6.170422e+00 3.085337e+00 3.085085e+00
 5.376986e-06 2.581145e-04 6.110703e+00 3.055481e+00 3.055222e+00
 5.527325e-06 2.638811e-04 6.051509e+00 3.025886e+00 3.025622e+00
 5.681866e-06 2.697748e-04 5.992835e+00 2.996553e+00 2.996283e+00
 5.840729e-06 2.757985e-04 5.934679e+00 2.967477e+00 2.967201e+00
 6.004034e-06 2.819548e-04 5.877035e+00 2.938658e+00 2.938376e+00
 6.171904e-06 2.882467e-04 5.819899e+00 2.910094e+00 2.909805e+00
 6.344468e-06 2.946771e-04 5.763268e+00 2.881781e+00 2.881487e+00
 6.521857e-06 3.012490e-04 5.707137e+00 2.853719e+00 2.853418e+00
 6.704205e-06 3.079656e-04 5.651502e+00 2.825905e+00 2.825597e+00
 6.891652e-06 3.148298e-04 5.596360e+00 2.798338e+00 2.798023e+00
 7.084340e-06 3.218449e-04 5.541706e+00 2.771014e+00 2.770692e+00
 7.282415e-06 3.290143e-04 5.487537e+00 2.743933e+00 2.743604e+00
 7.486029e-06 3.363411e-04 5.433848e+00 2.717092e+00 2.716756e+00
 7.695335e-06 3.438288e-04 5.380636e+00 2.690490e+00 2.690146e+00
 7.910494e-06 3.514809e-04 5.327896e+00 2.664124e+00 2.663772e+00
 8.131668e-06 3.593009e-04 5.275626e+00 2.637993e+00 2.637633e+00
 8.359026e-06 3.672925e-04 5.223820e+00 2.612094e+00 2.611727e+00
 8.592741e-06 3.754594e-04 5.172477e+00 2.586426e+00 2.586051e+00
 8.832991e-06 3.838052e-04 5.121590e+00 2.560987e+00 2.560603e+00
 9.079958e-06 3.923340e-04 5.071158e+00 2.535775e+00 2.535383e+00
 9.333830e-06 4.010495e-04 5.021177e+00 2.510789e+00 2.510388e+00
 9.594800e-06 4.099560e-04 4.971641e+00 2.486026e+00 2.485616e+00
 9.863067e-06 4.190573e-04 4.922549e+00 2.461484e+00 2.461065e+00
 1.013883e-05 4.283578e-04 4.873897e+00 2.437162e+00 2.436734e+00
 1.042231e-05 4.378618e-04 4.825680e+00 2.413059e+00 2.412621e+00
 1.071372e-05 4.475735e-04 4.777895e+00 2.389171e+00 2.388724e+00
 1.101327e-05 4.574975e-04 4.730540e+00 2.365499e+00 2.365041e+00
 1.132119e-05 4.676383e-04 4.683609e+00 2.342038e+00 2.341571e+00
 1.163773e-05 4.780006e-04 4.637101e+00 2.318789e+00 2.318311e+00
 1.196312e-05 4.885891e-04 4.591011e+00 2.295750e+00 2.295261e+00
 1.229760e-05 4.994086e-04 4.545336e+00 2.272918e+00 2.272418e+00
 1.264144e-05 5.104642e-04 4.500072e+00 2.250291e+00 2.249781e+00
 1.299489e-05 5.217608e-04 4.455217e+00 2.227869e+00 2.227348e+00
 1.335822e-05 5.333036e-04 4.410767e+00 2.205650e+00 2.205117e+00
 1.373171e-05 5.450980e-04 4.366718e+00 2.183632e+00 2.183087e+00
 1.411564e-05 5.571492e-04 4.323068e+00 2.161812e+00 2.161255e+00
 1.451031e-05 5.694628e-04 4.279812e+00 2.140191e+00 2.139621e+00
 1.491601e-05 5.820444e-04 4.236949e+00 2.118765e+00 2.118183e+00
 1.533306e-05 5.948996e-04 4.194474e+00 2.097534e+00 2.096940e+00
 1.576176e-05 6.080344e-04 4.152384e+00 2.076496e+00 2.075888e+00
 1.620246e-05 6.214547e-04 4.110677e+00 2.055649e+00 2.055028e+00
 1.665547e-05 6.351665e-04 4.069349e+00 2.034992e+00 2.034357e+00
 1.712115e-05 6.491762e-04 4.028397e+00 2.014523e+00 2.013874e+00
 1.759985e-05 6.634899e-04 3.987817e+00 1.994240e+00 1.993577e+00
 1.809194e-05 6.781143e-04 3.947608e+00 1.974143e+00 1.973465e+00
 1.859778e-05 6.930559e-04 3.907765e+00 1.954229e+00 1.953536e+00
 1.911777e-05 7.083215e-04 3.868286e+00 1.934497e+00 1.933789e+00
 1.965229e-05 7.239179e-04 3.829168e+00 1.914946e+00 1.914222e+00
 2.020176e-05 7.398521e-04 3.790407e+00 1.895573e+00 1.894834e+00
 2.076659e-05 7.561315e-04 3.752001e+00 1.876379e+00 1.875623e+00
 2.134722e-05 7.727632e-04 3.713947e+00 1.857360e+00 1.856587e+00
 2.194408e-05 7.897547e-04 3.676242e+00 1.838516e+00 1.837726e+00
 2.255763e-05 8.071137e-04 3.638883e+00 1.819845e+00 1.819038e+00
 2.318833e-05 8.248479e-04 3.601867e+00 1.801346e+00 1.800521e+00
 2.383667e-05 8.429654e-04 3.565192e+00 1.783017e+00 1.782174e+00
 2.450313e-05 8.614742e-04 3.528854e+00 1.764858e+00 1.763996e+00
 2.518823e-05 8.803825e-04 3.492851e+00 1.746866e+00 1.745985e+00
 2.589248e-05 8.996989e-04 3.457179e+00 1.729040e+00 1.728140e+00
 2.661642e-05 9.194319e-04 3.421837e+00 1.711378e+00 1.710459e+00
 2.736061e-05 9.395903e-04 3.386821e+00 1.693880e+00 1.692941e+00
 2.812560e-05 9.601832e-04 3.352129e+00 1.676545e+00 1.675585e+00
 2.891198e-05 9.812197e-04 3.317758e+00 1.659370e+00 1.658388e+00
 2.972035e-05 1.002709e-03 3.283705e+00 1.642354e+00 1.641351e+00
 3.055132e-05 1.024661e-03 3.249968e+00 1.625496e+00 1.624472e+00
 3.140552e-05 1.047085e-03 3.216544e+00 1.608796e+00 1.607748e+00
 3.228361e-05 1.069991e-03 3.183430e+00 1.592250e+00 1.591180e+00
 3.318624e-05 1.093390e-03 3.150624e+00 1.575859e+00 1.574766e+00
 3.411412e-05 1.117291e-03 3.118124e+00 1.559621e+00 1.558503e+00
 3.506793e-05 1.141705e-03 3.085926e+00 1.543534e+00 1.542392e+00
 3.604842e-05 1.166644e-03 3.054028e+00 1.527597e+00 1.526431e+00
 3.705632e-05 1.192117e-03 3.022428e+00 1.511810e+00 1.510618e+00
 3.809240e-05 1.218137e-03 2.991122e+00 1.496170e+00 1.494952e+00
 3.915745e-05 1.244714e-03 2.960110e+00 1.480677e+00 1.479433e+00
 4.025227e-05 1.271860e-03 2.929388e+00 1.465330e+00 1.464058e+00
 4.137771e-05 1.299588e-03 2.898953e+00 1.450126e+00 1.448827e+00
 4.253462e-05 1.327909e-03 2.868804e+00 1.435066e+00 1.433738e+00
 4.372387e-05 1.356835e-03 2.838937e+00 1.420147e+00 1.418790e+00
 4.494637e-05 1.386380e-03 2.809351e+00 1.405369e+00 1.403982e+00
 4.620305e-05 1.416557e-03 2.780044e+00 1.390730e+00 1.389314e+00
 4.749487e-05 1.447378e-03 2.751012e+00 1.376230e+00 1.374782e+00
 4.882281e-05 1.478857e-03 2.722253e+00 1.361866e+00 1.360387e+00
 5.018787e-05 1.511007e-03 2.693766e+00 1.347639e+00 1.346128e+00
 5.159111e-05 1.543843e-03 2.665548e+00 1.333546e+00 1.332002e+00
 5.303357e-05 1.577379e-03 2.637596e+00 1.319587e+00 1.318009e+00
 5.451637e-05 1.611630e-03 2.609909e+00 1.305760e+00 1.304148e+00
 5.604063e-05 1.646610e-03 2.582483e+00 1.292065e+00 1.290418e+00
 5.760750e-05 1.682334e-03 2.555318e+00 1.278500e+00 1.276818e+00
 5.921818e-05 1.718818e-03 2.528410e+00 1.265064e+00 1.263346e+00
 6.087390e-05 1.756078e-03 2.501758e+00 1.251757e+00 1.250001e+00
 6.257591e-05 1.794129e-03 2.475359e+00 1.238576e+00 1.236782e+00
 6.432551e-05 1.832989e-03 2.449211e+00 1.225522e+00 1.223689e+00
 6.612403e-05 1.872673e-03 2.423312e+00 1.212592e+00 1.210720e+00
 6.797283e-05 1.913199e-03 2.397660e+00 1.199787e+00 1.197874e+00
 6.987332e-05 1.954585e-03 2.372253e+00 1.187104e+00 1.185149e+00
 7.182695e-05 1.996847e-03 2.347089e+00 1.174543e+00 1.172546e+00
 7.383520e-05 2.040005e-03 2.322165e+00 1.162103e+00 1.160063e+00
 7.589961e-05 2.084076e-03 2.297480e+00 1.149782e+00 1.147698e+00
 7.802173e-05 2.129080e-03 2.273032e+00 1.137580e+00 1.135451e+00
 8.020319e-05 2.175035e-03 2.248818e+00 1.125496e+00 1.123321e+00
 8.244563e-05 2.221962e-03 2.224836e+00 1.113529e+00 1.111307e+00
 8.475078e-05 2.269880e-03 2.201086e+00 1.101678e+00 1.099408e+00
 8.712038e-05 2.318809e-03 2.177563e+00 1.089941e+00 1.087622e+00
 8.955623e-05 2.368770e-03 2.154268e+00 1.078318e+00 1.075949e+00
 9.206019e-05 2.419785e-03 2.131197e+00 1.066808e+00 1.064388e+00
 9.463415e-05 2.471875e-03 2.108348e+00 1.055410e+00 1.052938e+00
 9.728009e-05 2.525063e-03 2.085721e+00 1.044123e+00 1.041598e+00
 1.000000e-04 2.579369e-03 2.063313e+00 1.032946e+00 1.030367e+00
 1.027960e-04 2.634818e-03 2.041121e+00 1.021878e+00 1.019243e+00
 1.056701e-04 2.691433e-03 2.019145e+00 1.010918e+00 1.008227e+00
 1.086246e-04 2.749238e-03 1.997382e+00 1.000066e+00 9.973164e-01
 1.116617e-04 2.808256e-03 1.975831e+00 9.893195e-01 9.865113e-01
 1.147837e-04 2.868513e-03 1.954489e+00 9.786789e-01 9.758104e-01
 1.179930e-04 2.930034e-03 1.933356e+00 9.681428e-01 9.652128e-01
 1.212920e-04 2.992844e-03 1.912428e+00 9.577104e-01 9.547176e-01
 1.246833e-04 3.056970e-03 1.891705e+00 9.473809e-01 9.443239e-01
 1.281694e-04 3.122439e-03 1.871184e+00 9.371533e-01 9.340308e-01
 1.317530e-04 3.189277e-03 1.850864e+00 9.270268e-01 9.238375e-01
 1.354368e-04 3.257513e-03 1.830744e+00 9.170005e-01 9.137430e-01
 1.392235e-04 3.327175e-03 1.810820e+00 9.070737e-01 9.037465e-01
 1.431161e-04 3.398292e-03 1.791092e+00 8.972454e-01 8.938471e-01
 1.471176e-04 3.470893e-03 1.771559e+00 8.875148e-01 8.840439e-01
 1.512310e-04 3.545008e-03 1.752217e+00 8.778812e-01 8.743362e-01
 1.554593e-04 3.620667e-03 1.733067e+00 8.683437e-01 8.647230e-01
 1.598059e-04 3.697903e-03 1.714105e+00 8.589014e-01 8.552035e-01
 1.642740e-04 3.776746e-03 1.695331e+00 8.495537e-01 8.457769e-01
 1.688670e-04 3.857230e-03 1.676742e+00 8.402996e-01 8.364424e-01
 1.735885e-04 3.939386e-03 1.658338e+00 8.311385e-01 8.271991e-01
 1.784420e-04 4.023250e-03 1.640116e+00 8.220695e-01 8.180462e-01
 1.834311e-04 4.108854e-03 1.622075e+00 8.130918e-01 8.089830e-01
 1.885598e-04 4.196235e-03 1.604213e+00 8.042048e-01 8.000085e-01
 1.938319e-04 4.285426e-03 1.586530e+00 7.954075e-01 7.911221e-01
 1.992513e-04 4.376466e-03 1.569022e+00 7.866994e-01 7.823229e-01
 2.048223e-04 4.469391e-03 1.551690e+00 7.780796e-01 7.736102e-01
 2.105491e-04 4.564238e-03 1.534530e+00 7.695473e-01 7.649831e-01
 2.164359e-04 4.661046e-03 1.517543e+00 7.611020e-01 7.564409e-01
 2.224874e-04 4.759854e-03 1.500726e+00 7.527428e-01 7.479829e-01
 2.287080e-04 4.860702e-03 1.484077e+00 7.444690e-01 7.396083e-01
 2.351026e-04 4.963630e-03 1.467596e+00 7.362799e-01 7.313163e-01
 2.416760e-04 5.068681e-03 1.451281e+00 7.281749e-01 7.231062e-01
 2.484332e-04 5.175895e-03 1.435130e+00 7.201531e-01 7.149772e-01
 2.553793e-04 5.285316e-03 1.419143e+00 7.122140e-01 7.069287e-01
 2.625196e-04 5.396988e-03 1.403317e+00 7.043568e-01 6.989598e-01
 2.698595e-04 5.510956e-03 1.387651e+00 6.965808e-01 6.910699e-01
 2.774047e-04 5.627264e-03 1.372144e+00 6.888855e-01 6.832582e-01
 2.851608e-04 5.745960e-03 1.356794e+00 6.812701e-01 6.755241e-01
 2.931338e-04 5.867089e-03 1.341601e+00 6.737339e-01 6.678668e-01
 3.013297e-04 5.990701e-03 1.326562e+00 6.662763e-01 6.602856e-01
 3.097547e-04 6.116843e-03 1.311677e+00 6.588968e-01 6.527799e-01
 3.184154e-04 6.245567e-03 1.296943e+00 6.515945e-01 6.453489e-01
 3.273181e-04 6.376922e-03 1.282361e+00 6.443689e-01 6.379920e-01
 3.364698e-04 6.510961e-03 1.267928e+00 6.372194e-01 6.307085e-01
 3.458774e-04 6.647735e-03 1.253643e+00 6.301454e-01 6.234977e-01
 3.555480e-04 6.787299e-03 1.239505e+00 6.231462e-01 6.163589e-01
 3.654890e-04 6.929707e-03 1.225513e+00 6.162212e-01 6.092915e-01
 3.757079e-04 7.075015e-03 1.211665e+00 6.093699e-01 6.022949e-01
 3.862125e-04 7.223279e-03 1.197960e+00 6.025916e-01 5.953683e-01
 3.970109e-04 7.374556e-03 1.184397e+00 5.958857e-01 5.885111e-01
 4.081111e-04 7.528906e-03 1.170974e+00 5.892517e-01 5.817228e-01
 4.195218e-04 7.686389e-03 1.157691e+00 5.826889e-01 5.750026e-01
 4.312514e-04 7.847065e-03 1.144547e+00 5.761969e-01 5.683499e-01
 4.433090e-04 8.010995e-03 1.131539e+00 5.697751e-01 5.617641e-01
 4.557038e-04 8.178244e-03 1.118667e+00 5.634228e-01 5.552446e-01
 4.684451e-04 8.348875e-03 1.105930e+00 5.571396e-01 5.487907e-01
 4.815426e-04 8.522953e-03 1.093327e+00 5.509249e-01 5.424019e-01
 4.950064e-04 8.700546e-03 1.080856e+00 5.447781e-01 5.360776e-01
 5.088465e-04 8.881720e-03 1.068516e+00 5.386988e-01 5.298171e-01
 5.230737e-04 9.066545e-03 1.056306e+00 5.326864e-01 5.236198e-01
 5.376986e-04 9.255091e-03 1.044226e+00 5.267403e-01 5.174852e-01
 5.527325e-04 9.447429e-03 1.032273e+00 5.208601e-01 5.114127e-01
 5.681866e-04 9.643633e-03 1.020447e+00 5.150453e-01 5.054017e-01
 5.840729e-04 9.843775e-03 1.008747e+00 5.092953e-01 4.994515e-01
 6.004034e-04 1.004793e-02 9.971714e-01 5.036097e-01 4.935618e-01
 6.171904e-04 1.025618e-02 9.857197e-01 4.979879e-01 4.877317e-01
 6.344468e-04 1.046859e-02 9.743905e-01 4.924295e-01 4.819609e-01
 6.521857e-04 1.068526e-02 9.631828e-01 4.869340e-01 4.762488e-01
 6.704205e-04 1.090625e-02 9.520957e-01 4.815010e-01 4.705947e-01
 6.891652e-04 1.113165e-02 9.411281e-01 4.761299e-01 4.649982e-01
 7.084340e-04 1.136155e-02 9.302790e-01 4.708203e-01 4.594587e-01
 7.282415e-04 1.159602e-02 9.195474e-01 4.655717e-01 4.539757e-01
 7.486029e-04 1.183516e-02 9.089323e-01 4.603837e-01 4.485485e-01
 7.695335e-04 1.207906e-02 8.984327e-01 4.552559e-01 4.431768e-01
 7.910494e-04 1.232779e-02 8.880477e-01 4.501878e-01 4.378600e-01
 8.131668e-04 1.258146e-02 8.777764e-01 4.451789e-01 4.325975e-01
 8.359026e-04 1.284016e-02 8.676177e-01 4.402289e-01 4.273888e-01
 8.592741e-04 1.310397e-02 8.575708e-01 4.353374e-01 4.222334e-01
 8.832991e-04 1.337301e-02 8.476347e-01 4.305038e-01 4.171308e-01
 9.079958e-04 1.364735e-02 8.378085e-01 4.257279e-01 4.120806e-01
 9.333830e-04 1.392711e-02 8.280913e-01 4.210092e-01 4.070821e-01
 9.594800e-04 1.421238e-02 8.184822e-01 4.163473e-01 4.021349e-01
 9.863067e-04 1.450326e-02 8.089803e-01 4.117418e-01 3.972385e-01
 1.013883e-03 1.479986e-02 7.995848e-01 4.071923e-01 3.923925e-01
 1.042231e-03 1.510229e-02 7.902947e-01 4.026985e-01 3.875962e-01
 1.071372e-03 1.541064e-02 7.811093e-01 3.982600e-01 3.828493e-01
 1.101327e-03 1.572504e-02 7.720277e-01 3.938764e-01 3.781513e-01
 1.132119e-03 1.604559e-02 7.630490e-01 3.895473e-01 3.735017e-01
 1.163773e-03 1.637240e-02 7.541724e-01 3.852724e-01 3.689000e-01
 1.196312e-03 1.670559e-02 7.453972e-01 3.810514e-01 3.643458e-01
 1.229760e-03 1.704528e-02 7.367224e-01 3.768839e-01 3.598386e-01
 1.264144e-03 1.739158e-02 7.281474e-01 3.727695e-01 3.553779e-01
 1.299489e-03 1.774461e-02 7.196713e-01 3.687079e-01 3.509633e-01
 1.335822e-03 1.810450e-02 7.112933e-01 3.646989e-01 3.465944e-01
 1.373171e-03 1.847137e-02 7.030127e-01 3.607420e-01 3.422706e-01
 1.411564e-03 1.884534e-02 6.948287e-01 3.568370e-01 3.379917e-01
 1.451031e-03 1.922655e-02 6.867406e-01 3.529836e-01 3.337570e-01
 1.491601e-03 1.961512e-02 6.787476e-01 3.491813e-01 3.295662e-01
 1.533306e-03 2.001119e-02 6.708490e-01 3.454301e-01 3.254189e-01
 1.576176e-03 2.041488e-02 6.630441e-01 3.417295e-01 3.213146e-01
 1.620246e-03 2.082634e-02 6.553322e-01 3.380793e-01 3.172529e-01
 1.665547e-03 2.124570e-02 6.477125e-01 3.344791e-01 3.132334e-01
 1.712115e-03 2.167311e-02 6.401845e-01 3.309288e-01 3.092557e-01
 1.759985e-03 2.210870e-02 6.327473e-01 3.274280e-01 3.053193e-01
 1.809194e-03 2.255262e-02 6.254004e-01 3.239765e-01 3.014239e-01
 1.859778e-03 2.300502e-02 6.181430e-01 3.205740e-01 2.975690e-01
 1.911777e-03 2.346605e-02 6.109746e-01 3.172203e-01 2.937543e-01
 1.965229e-03 2.393585e-02 6.038944e-01 3.139151e-01 2.899793e-01
 2.020176e-03 2.441458e-02 5.969018e-01 3.106582e-01 2.862436e-01
 2.076659e-03 2.490239e-02 5.899963e-01 3.074493e-01 2.825470e-01
 2.134722e-03 2.539945e-02 5.831772e-01 3.042883e-01 2.788889e-01
 2.194408e-03 2.590591e-02 5.764438e-01 3.011749e-01 2.752689e-01
 2.255763e-03 2.642194e-02 5.697956e-01 2.981088e-01 2.716869e-01
 2.318833e-03 2.694769e-02 5.632321e-01 2.950899e-01 2.681422e-01
 2.383667e-03 2.748334e-02 5.567525e-01 2.921179e-01 2.646346e-01
 2.450313e-03 2.802905e-02 5.503564e-01 2.891927e-01 2.611637e-01
 2.518823e-03 2.858500e-02 5.440432e-01 2.863141e-01 2.577291e-01
 2.589248e-03 2.915136e-02 5.378124e-01 2.834819e-01 2.543305e-01
 2.661642e-03 2.972830e-02 5.316633e-01 2.806958e-01 2.509675e-01
 2.736061e-03 3.031600e-02 5.255955e-01 2.779558e-01 2.476398e-01
 2.812560e-03 3.091465e-02 5.196084e-01 2.752615e-01 2.443469e-01
 2.891198e-03 3.152443e-02 5.137016e-01 2.726130e-01 2.410886e-01
 2.972035e-03 3.214551e-02 5.078745e-01 2.700100e-01 2.378645e-01
 3.055132e-03 3.277810e-02 5.021266e-01 2.674523e-01 2.346742e-01
 3.140552e-03 3.342237e-02 4.964574e-01 2.649399e-01 2.315175e-01
 3.228361e-03 3.407853e-02 4.908665e-01 2.624725e-01 2.283940e-01
 3.318624e-03 3.474676e-02 4.853533e-01 2.600500e-01 2.253033e-01
 3.411412e-03 3.542726e-02 4.799175e-01 2.576724e-01 2.222451e-01
 3.506793e-03 3.612023e-02 4.745585e-01 2.553394e-01 2.192191e-01
 3.604842e-03 3.682588e-02 4.692759e-01 2.530509e-01 2.162250e-01
 3.705632e-03 3.754441e-02 4.640694e-01 2.508069e-01 2.132625e-01
 3.809240e-03 3.827601e-02 4.589384e-01 2.486072e-01 2.103312e-01
 3.915745e-03 3.902091e-02 4.538825e-01 2.464517e-01 2.074308e-01
 4.025227e-03 3.977931e-02 4.489013e-01 2.443403e-01 2.045610e-01
 4.137771e-03 4.055143e-02 4.439945e-01 2.422730e-01 2.017215e-01
 4.253462e-03 4.133748e-02 4.391616e-01 2.402495e-01 1.989121e-01
 4.372387e-03 4.213767e-02 4.344023e-01 2.382700e-01 1.961323e-01
 4.494637e-03 4.295223e-02 4.297161e-01 2.363342e-01 1.933819e-01
 4.620305e-03 4.378138e-02 4.251027e-01 2.344421e-01 1.906607e-01
 4.749487e-03 4.462533e-02 4.205618e-01 2.325936e-01 1.879682e-01
 4.882281e-03 4.548433e-02 4.160930e-01 2.307887e-01 1.853043e-01
 5.018787e-03 4.635859e-02 4.116960e-01 2.290273e-01 1.826687e-01
 5.159111e-03 4.724835e-02 4.073703e-01 2.273093e-01 1.800610e-01
 5.303357e-03 4.815384e-02 4.031158e-01 2.256348e-01 1.774810e-01
 5.451637e-03 4.907528e-02 3.989320e-01 2.240036e-01 1.749284e-01
 5.604063e-03 5.001292e-02 3.948187e-01 2.224158e-01 1.724029e-01
 5.760750e-03 5.096699e-02 3.907755e-01 2.208713e-01 1.699043e-01
 5.921818e-03 5.193773e-02 3.868022e-01 2.193700e-01 1.674323e-01
 6.087390e-03 5.292539e-02 3.828985e-01 2.179120e-01 1.649866e-01
 6.257591e-03 5.393019e-02 3.790641e-01 2.164972e-01 1.625670e-01
 6.432551e-03 5.495240e-02 3.752988e-01 2.151256e-01 1.601732e-01
 6.612403e-03 5.599224e-02 3.716021e-01 2.137972e-01 1.578049e-01
 6.797283e-03 5.704997e-02 3.679740e-01 2.125120e-01 1.554620e-01
 6.987332e-03 5.812584e-02 3.644142e-01 2.112700e-01 1.531442e-01
 7.182695e-03 5.922009e-02 3.609223e-01 2.100712e-01 1.508511e-01
 7.383520e-03 6.033297e-02 3.574983e-01 2.089156e-01 1.485826e-01
 7.589961e-03 6.146473e-02 3.541417e-01 2.078032e-01 1.463385e-01
 7.802173e-03 6.261562e-02 3.508525e-01 2.067341e-01 1.441185e-01
 8.020319e-03 6.378590e-02 3.476304e-01 2.057082e-01 1.419223e-01
 8.244563e-03 6.497581e-02 3.444752e-01 2.047255e-01 1.397497e-01
 8.475078e-03 6.618561e-02 3.413867e-01 2.037862e-01 1.376005e-01
 8.712038e-03 6.741555e-02 3.383647e-01 2.028901e-01 1.354746e-01
 8.955623e-03 6.866588e-02 3.354090e-01 2.020374e-01 1.333715e-01
 9.206019e-03 6.993685e-02 3.325193e-01 2.012281e-01 1.312912e-01
 9.463415e-03 7.122872e-02 3.296957e-01 2.004622e-01 1.292335e-01
 9.728009e-03 7.254173e-02 3.269377e-01 1.997397e-01 1.271980e-01
 1.000000e-02 7.387614e-02 3.242454e-01 1.990608e-01 1.251846e-01
 1.027960e-02 7.523220e-02 3.216184e-01 1.984253e-01 1.231931e-01
 1.056701e-02 7.661014e-02 3.190567e-01 1.978334e-01 1.212233e-01
 1.086246e-02 7.801023e-02 3.165601e-01 1.972852e-01 1.192750e-01
 1.116617e-02 7.943270e-02 3.141285e-01 1.967806e-01 1.173479e-01
 1.147837e-02 8.087779e-02 3.117616e-01 1.963197e-01 1.154419e-01
 1.179930e-02 8.234576e-02 3.094594e-01 1.959026e-01 1.135568e-01
 1.212920e-02 8.383682e-02 3.072216e-01 1.955292e-01 1.116924e-01
 1.246833e-02 8.535123e-02 3.050483e-01 1.951997e-01 1.098485e-01
 1.281694e-02 8.688921e-02 3.029391e-01 1.949142e-01 1.080249e-01
 1.317530e-02 8.845099e-02 3.008940e-01 1.946725e-01 1.062215e-01
 1.354368e-02 9.003679e-02 2.989129e-01 1.944748e-01 1.044380e-01
 1.392235e-02 9.164684e-02 2.969955e-01 1.943212e-01 1.026743e-01
 1.431161e-02 9.328135e-02 2.951419e-01 1.942116e-01 1.009303e-01
 1.471176e-02 9.494054e-02 2.933517e-01 1.941461e-01 9.920560e-02
 1.512310e-02 9.662460e-02 2.916250e-01 1.941248e-01 9.750021e-02
 1.554593e-02 9.833373e-02 2.899616e-01 1.941477e-01 9.581392e-02
 1.598059e-02 1.000681e-01 2.883613e-01 1.942147e-01 9.414656e-02
 1.642740e-02 1.018280e-01 2.868240e-01 1.943260e-01 9.249798e-02
 1.688670e-02 1.036135e-01 2.853495e-01 1.944815e-01 9.086801e-02
 1.735885e-02 1.054248e-01 2.839378e-01 1.946813e-01 8.925651e-02
 1.784420e-02 1.072621e-01 2.825887e-01 1.949254e-01 8.766330e-02
 1.834311e-02 1.091255e-01 2.813020e-01 1.952137e-01 8.608825e-02
 1.885598e-02 1.110151e-01 2.800776e-01 1.955464e-01 8.453121e-02
 1.938319e-02 1.129312e-01 2.789153e-01 1.959232e-01 8.299203e-02
 1.992513e-02 1.148738e-01 2.778149e-01 1.963444e-01 8.147056e-02
 2.048223e-02 1.168431e-01 2.767764e-01 1.968097e-01 7.996668e-02
 2.105491e-02 1.188390e-01 2.757995e-01 1.973193e-01 7.848023e-02
 2.164359e-02 1.208618e-01 2.748840e-01 1.978729e-01 7.701108e-02
 2.224874e-02 1.229115e-01 2.740298e-01 1.984706e-01 7.555911e-02
 2.287080e-02 1.249882e-01 2.732365e-01 1.991124e-01 7.412417e-02
 2.351026e-02 1.270919e-01 2.725042e-01 1.997980e-01 7.270614e-02
 2.416760e-02 1.292226e-01 2.718324e-01 2.005275e-01 7.130490e-02
 2.484332e-02 1.313803e-01 2.712210e-01 2.013007e-01 6.992032e-02
 2.553793e-02 1.335651e-01 2.706697e-01 2.021174e-01 6.855228e-02
 2.625196e-02 1.357770e-01 2.701783e-01 2.029776e-01 6.720066e-02
 2.698595e-02 1.380157e-01 2.697464e-01 2.038811e-01 6.586534e-02
 2.774047e-02 1.402814e-01 2.693738e-01 2.048276e-01 6.454622e-02
 2.851608e-02 1.425739e-01 2.690603e-01 2.058171e-01 6.324317e-02
 2.931338e-02 1.448931e-01 2.688053e-01 2.068492e-01 6.195609e-02
 3.013297e-02 1.472389e-01 2.686086e-01 2.079238e-01 6.068488e-02
 3.097547e-02 1.496111e-01 2.684699e-01 2.090405e-01 5.942941e-02
 3.184154e-02 1.520095e-01 2.683887e-01 2.101991e-01 5.818960e-02
 3.273181e-02 1.544339e-01 2.683646e-01 2.113992e-01 5.696534e-02
 3.364698e-02 1.568841e-01 2.683971e-01 2.126406e-01 5.575653e-02
 3.458774e-02 1.593598e-01 2.684859e-01 2.139228e-01 5.456307e-02
 3.555480e-02 1.618606e-01 2.686304e-01 2.152455e-01 5.338487e-02
 3.654890e-02 1.643864e-01 2.688300e-01 2.166082e-01 5.222184e-02
 3.757079e-02 1.669366e-01 2.690843e-01 2.180104e-01 5.107388e-02
 3.862125e-02 1.695108e-01 2.693926e-01 2.194517e-01 4.994091e-02
 3.970109e-02 1.721087e-01 2.697543e-01 2.209315e-01 4.882283e-02
 4.081111e-02 1.747297e-01 2.701688e-01 2.224492e-01 4.771956e-02
 4.195218e-02 1.773733e-01 2.706353e-01 2.240043e-01 4.663102e-02
 4.312514e-02 1.800389e-01 2.711532e-01 2.255960e-01 4.555712e-02
 4.433090e-02 1.827259e-01 2.717215e-01 2.272237e-01 4.449779e-02
 4.557038e-02 1.854337e-01 2.723396e-01 2.288866e-01 4.345294e-02
 4.684451e-02 1.881615e-01 2.730065e-01 2.305840e-01 4.242250e-02
 4.815426e-02 1.909085e-01 2.737213e-01 2.323149e-01 4.140639e-02
 4.950064e-02 1.936740e-01 2.744831e-01 2.340786e-01 4.040454e-02
 5.088465e-02 1.964571e-01 2.752908e-01 2.358739e-01 3.941687e-02
 5.230737e-02 1.992568e-01 2.761434e-01 2.377001e-01 3.844332e-02
 5.376986e-02 2.020721e-01 2.770397e-01 2.395559e-01 3.748381e-02
 5.527325e-02 2.049020e-01 2.779786e-01 2.414403e-01 3.653827e-02
 5.681866e-02 2.077454e-01 2.789587e-01 2.433521e-01 3.560664e-02
 5.840729e-02 2.106011e-01 2.799788e-01 2.452899e-01 3.468884e-02
 6.004034e-02 2.134678e-01 2.810375e-01 2.472526e-01 3.378482e-02
 6.171904e-02 2.163442e-01 2.821333e-01 2.492388e-01 3.289451e-02
 6.344468e-02 2.192290e-01 2.832647e-01 2.512468e-01 3.201785e-02
 6.521857e-02 2.221205e-01 2.844301e-01 2.532753e-01 3.115477e-02
 6.704205e-02 2.250174e-01 2.856278e-01 2.553226e-01 3.030522e-02
 6.891652e-02 2.279178e-01 2.868561e-01 2.573870e-01 2.946913e-02
 7.084340e-02 2.308202e-01 2.881131e-01 2.594666e-01 2.864644e-02
 7.282415e-02 2.337227e-01 2.893968e-01 2.615598e-01 2.783709e-02
 7.486029e-02 2.366233e-01 2.907054e-01 2.636643e-01 2.704104e-02
 7.695335e-02 2.395201e-01 2.920365e-01 2.657783e-01 2.625821e-02
 7.910494e-02 2.424110e-01 2.933881e-01 2.678996e-01 2.548855e-02
 8.131668e-02 2.452938e-01 2.947578e-01 2.700258e-01 2.473201e-02
 8.359026e-02 2.481662e-01 2.961432e-01 2.721547e-01 2.398852e-02
 8.592741e-02 2.510257e-01 2.975418e-01 2.742837e-01 2.325804e-02
 8.832991e-02 2.538699e-01 2.989509e-01 2.764104e-01 2.254051e-02
 9.079958e-02 2.566960e-01 3.003678e-01 2.785319e-01 2.183587e-02
 9.333830e-02 2.595015e-01 3.017896e-01 2.806456e-01 2.114406e-02
 9.594800e-02 2.622834e-01 3.032134e-01 2.827484e-01 2.046504e-02
 9.863067e-02 2.650386e-01 3.046361e-01 2.848373e-01 1.979874e-02
 1.013883e-01 2.677641e-01 3.060544e-01 2.869093e-01 1.914511e-02
 1.042231e-01 2.704567e-01 3.074649e-01 2.889608e-01 1.850410e-02
 1.071372e-01 2.731130e-01 3.088643e-01 2.909886e-01 1.787565e-02
 1.101327e-01 2.757294e-01 3.102488e-01 2.929891e-01 1.725970e-02
 1.132119e-01 2.783023e-01 3.116147e-01 2.949585e-01 1.665621e-02
 1.163773e-01 2.808278e-01 3.129580e-01 2.968929e-01 1.606510e-02
 1.196312e-01 2.833022e-01 3.142749e-01 2.987885e-01 1.548632e-02
 1.229760e-01 2.857213e-01 3.155609e-01 3.006411e-01 1.491983e-02
 1.264144e-01 2.880808e-01 3.168119e-01 3.024463e-01 1.436555e-02
 1.299489e-01 2.903764e-01 3.180232e-01 3.041998e-01 1.382342e-02
 1.335822e-01 2.926036e-01 3.191903e-01 3.058969e-01 1.329340e-02
 1.373171e-01 2.947576e-01 3.203084e-01 3.075330e-01 1.277541e-02
 1.411564e-01 2.968336e-01 3.213724e-01 3.091030e-01 1.226939e-02
 1.451031e-01 2.988267e-01 3.223773e-01 3.106020e-01 1.177529e-02
 1.491601e-01 3.007316e-01 3.233177e-01 3.120247e-01 1.129303e-02
 1.533306e-01 3.025431e-01 3.241882e-01 3.133657e-01 1.082255e-02
 1.576176e-01 3.042557e-01 3.249833e-01 3.146195e-01 1.036379e-02
 1.620246e-01 3.058638e-01 3.256971e-01 3.157804e-01 9.916670e-03
 1.665547e-01 3.073615e-01 3.263237e-01 3.168426e-01 9.481125e-03
 1.712115e-01 3.087429e-01 3.268571e-01 3.178000e-01 9.057082e-03
 1.759985e-01 3.100020e-01 3.272909e-01 3.186464e-01 8.644467e-03
 1.809194e-01 3.111324e-01 3.276188e-01 3.193756e-01 8.243205e-03
 1.859778e-01 3.121279e-01 3.278343e-01 3.199811e-01 7.853219e-03
 1.911777e-01 3.129818e-01 3.279306e-01 3.204562e-01 7.474428e-03
 1.965229e-01 3.136875e-01 3.279010e-01 3.207942e-01 7.106750e-03
 2.020176e-01 3.142382e-01 3.277384e-01 3.209883e-01 6.750103e-03
 2.076659e-01 3.146269e-01 3.274357e-01 3.210313e-01 6.404398e-03
 2.134722e-01 3.148467e-01 3.269858e-01 3.209163e-01 6.069548e-03
 2.194408e-01 3.148904e-01 3.263813e-01 3.206359e-01 5.745459e-03
 2.255763e-01 3.147508e-01 3.256148e-01 3.201828e-01 5.432039e-03
 2.318833e-01 3.144205e-01 3.246788e-01 3.195497e-01 5.129188e-03
 2.383667e-01 3.138921e-01 3.235658e-01 3.187289e-01 4.836807e-03
 2.450313e-01 3.131584e-01 3.222680e-01 3.177132e-01 4.554792e-03
 2.518823e-01 3.122117e-01 3.207778e-01 3.164947e-01 4.283035e-03
 2.589248e-01 3.110447e-01 3.190875e-01 3.150661e-01 4.021427e-03
 2.661642e-01 3.096499e-01 3.171896e-01 3.134197e-01 3.769853e-03
 2.736061e-01 3.080198e-01 3.150762e-01 3.115480e-01 3.528196e-03
 2.812560e-01 3.061472e-01 3.127399e-01 3.094436e-01 3.296333e-03
 2.891198e-01 3.040249e-01 3.101732e-01 3.070990e-01 3.074138e-03
 2.972035e-01 3.016457e-01 3.073687e-01 3.045072e-01 2.861481e-03
 3.055132e-01 2.990027e-01 3.043192e-01 3.016609e-01 2.658228e-03
 3.140552e-01 2.960892e-01 3.010177e-01 2.985535e-01 2.464239e-03
 3.228361e-01 2.928988e-01 2.974575e-01 2.951781e-01 2.279370e-03
 3.318624e-01 2.894253e-01 2.936322e-01 2.915287e-01 2.103472e-03
 3.411412e-01 2.856629e-01 2.895357e-01 2.875993e-01 1.936390e-03
 3.506793e-01 2.816063e-01 2.851622e-01 2.833843e-01 1.777964e-03
 3.604842e-01 2.772507e-01 2.805068e-01 2.788787e-01 1.628030e-03
 3.705632e-01 2.725918e-01 2.755646e-01 2.740782e-01 1.486416e-03
 3.809240e-01 2.676259e-01 2.703318e-01 2.689788e-01 1.352946e-03
 3.915745e-01 2.623501e-01 2.648050e-01 2.635776e-01 1.227436e-03
 4.025227e-01 2.567624e-01 2.589818e-01 2.578721e-01 1.109697e-03
 4.137771e-01 2.508615e-01 2.528605e-01 2.518610e-01 9.995324e-04
 4.253462e-01 2.446472e-01 2.464407e-01 2.455439e-01 8.967408e-04
 4.372387e-01 2.381205e-01 2.397228e-01 2.389216e-01 8.011128e-04
 4.494637e-01 2.312837e-01 2.327086e-01 2.319961e-01 7.124322e-04
 4.620305e-01 2.241403e-01 2.254013e-01 2.247708e-01 6.304764e-04
 4.749487e-01 2.166956e-01 2.178056e-01 2.172506e-01 5.550153e-04
 4.882281e-01 2.089563e-01 2.099280e-01 2.094422e-01 4.858123e-04
 5.018787e-01 2.009313e-01 2.017765e-01 2.013539e-01 4.226234e-04
 5.159111e-01 1.926311e-01 1.933615e-01 1.929963e-01 3.651981e-04
 5.303357e-01 1.840688e-01 1.846954e-01 1.843821e-01 3.132789e-04
 5.451637e-01 1.752598e-01 1.757930e-01 1.755264e-01 2.666020e-04
 5.604063e-01 1.662223e-01 1.666721e-01 1.664472e-01 2.248972e-04
 5.760750e-01 1.569772e-01 1.573529e-01 1.571651e-01 1.878885e-04
 5.921818e-01 1.475487e-01 1.478593e-01 1.477040e-01 1.552947e-04
 6.087390e-01 1.379644e-01 1.382181e-01 1.380912e-01 1.268298e-04
 6.257591e-01 1.282557e-01 1.284601e-01 1.283579e-01 1.022037e-04
 6.432551e-01 1.184578e-01 1.186201e-01 1.185390e-01 8.112337e-05
 6.612403e-01 1.086106e-01 1.087372e-01 1.086739e-01 6.329376e-05
 6.797283e-01 9.875840e-02 9.885523e-02 9.880681e-02 4.841904e-05
 6.987332e-01 8.895057e-02 8.902297e-02 8.898677e-02 3.620408e-05
 7.182695e-01 7.924207e-02 7.929479e-02 7.926843e-02 2.635614e-05
 7.383520e-01 6.969371e-02 6.973088e-02 6.971230e-02 1.858679e-05
 7.589961e-01 6.037239e-02 6.039762e-02 6.038500e-02 1.261406e-05
 7.802173e-01 5.135172e-02 5.136805e-02 5.135988e-02 8.164895e-06
 8.020319e-01 4.271254e-02 4.272249e-02 4.271752e-02 4.977879e-06
 8.244563e-01 3.454322e-02 3.454883e-02 3.454602e-02 2.806239e-06
 8.475078e-01 2.694021e-02 2.694305e-02 2.694163e-02 1.421128e-06
 8.712038e-01 2.000849e-02 2.000972e-02 2.000910e-02 6.151567e-07
 8.955623e-01 1.386252e-02 1.386293e-02 1.386273e-02 2.061593e-07
 9.206019e-01 8.627013e-03 8.627095e-03 8.627054e-03 4.109178e-08
 9.463415e-01 4.440424e-03 4.440424e-03 4.440424e-03 0.000000e+00
 9.728009e-01 1.467803e-03 1.467803e-03 1.467803e-03 0.000000e+00