
 1.000000e-06 -3.354213e-07 7.954995e-03 3.977330e-03  3.977665e-03
 1.027960e-06 -3.430965e-07 7.877658e-03 3.938658e-03  3.939001e-03
 1.056701e-06 -3.509458e-07 7.801016e-03 3.900332e-03  3.900683e-03
 1.086246e-06 -3.589731e-07 7.725061e-03 3.862351e-03  3.862710e-03
 1.116617e-06 -3.671826e-07 7.649788e-03 3.824711e-03  3.825078e-03
 1.147837e-06 -3.755781e-07 7.575192e-03 3.787408e-03  3.787784e-03
 1.179930e-06 -3.841641e-07 7.501268e-03 3.750442e-03  3.750826e-03
 1.212920e-06 -3.929446e-07 7.428008e-03 3.713808e-03  3.714200e-03
 1.246833e-06 -4.019241e-07 7.355408e-03 3.677503e-03  3.677905e-03
 1.281694e-06 -4.111070e-07 7.283463e-03 3.641526e-03  3.641937e-03
 1.317530e-06 -4.204980e-07 7.212167e-03 3.605873e-03  3.606294e-03
 1.354368e-06 -4.301016e-07 7.141514e-03 3.570542e-03  3.570972e-03
 1.392235e-06 -4.399226e-07 7.071499e-03 3.535530e-03  3.535969e-03
 1.431161e-06 -4.499660e-07 7.002117e-03 3.500834e-03  3.501284e-03
 1.471176e-06 -4.602366e-07 6.933362e-03 3.466451e-03  3.466911e-03
 1.512310e-06 -4.707397e-07 6.865230e-03 3.432380e-03  3.432850e-03
 1.554593e-06 -4.814803e-07 6.797715e-03 3.398617e-03  3.399098e-03
 1.598059e-06 -4.924638e-07 6.730811e-03 3.365159e-03  3.365652e-03
 1.642740e-06 -5.036957e-07 6.664514e-03 3.332005e-03  3.332509e-03
 1.688670e-06 -5.151815e-07 6.598819e-03 3.299152e-03  3.299667e-03
 1.735885e-06 -5.269269e-07 6.533721e-03 3.266597e-03  3.267124e-03
 1.784420e-06 -5.389377e-07 6.469213e-03 3.234337e-03  3.234876e-03
 1.834311e-06 -5.512198e-07 6.405293e-03 3.202371e-03  3.202922e-03
 1.885598e-06 -5.637793e-07 6.341954e-03 3.170695e-03  3.171259e-03
 1.938319e-06 -5.766224e-07 6.279192e-03 3.139308e-03  3.139884e-03
 1.992513e-06 -5.897554e-07 6.217001e-03 3.108206e-03  3.108796e-03
 2.048223e-06 -6.031849e-07 6.155378e-03 3.077387e-03  3.077991e-03
 2.105491e-06 -6.169174e-07 6.094317e-03 3.046850e-03  3.047467e-03
 2.164359e-06 -6.309597e-07 6.033813e-03 3.016591e-03  3.017222e-03
 2.224874e-06 -6.453187e-07 5.973863e-03 2.986609e-03  2.987254e-03
 2.287080e-06 -6.600015e-07 5.914460e-03 2.956900e-03  2.957560e-03
 2.351026e-06 -6.750153e-07 5.855601e-03 2.927463e-03  2.928138e-03
 2.416760e-06 -6.903674e-07 5.797281e-03 2.898295e-03  2.898985e-03
 2.484332e-06 -7.060656e-07 5.739495e-03 2.869394e-03  2.870100e-03
 2.553793e-06 -7.221173e-07 5.682238e-03 2.840758e-03  2.841480e-03
 2.625196e-06 -7.385306e-07 5.625507e-03 2.812384e-03  2.813123e-03
 2.698595e-06 -7.553135e-07 5.569297e-03 2.784271e-03  2.785026e-03
 2.774047e-06 -7.724742e-07 5.513604e-03 2.756416e-03  2.757188e-03
 2.851608e-06 -7.900211e-07 5.458422e-03 2.728816e-03  2.729606e-03
 2.931338e-06 -8.079629e-07 5.403748e-03 2.701470e-03  2.702278e-03
 3.013297e-06 -8.263082e-07 5.349577e-03 2.674375e-03  2.675202e-03
 3.097547e-06 -8.450662e-07 5.295905e-03 2.647530e-03  2.648375e-03
 3.184154e-06 -8.642459e-07 5.242728e-03 2.620932e-03  2.621796e-03
 3.273181e-06 -8.838568e-07 5.190042e-03 2.594579e-03  2.595463e-03
 3.364698e-06 -9.039084e-07 5.137842e-03 2.568469e-03  2.569373e-03
 3.458774e-06 -9.244106e-07 5.086124e-03 2.542600e-03  2.543524e-03
 3.555480e-06 -9.453733e-07 5.034884e-03 2.516969e-03  2.517915e-03
 3.654890e-06 -9.668067e-07 4.984118e-03 2.491576e-03  2.492542e-03
 3.757079e-06 -9.887214e-07 4.933822e-03 2.466417e-03  2.467405e-03
 3.862125e-06 -1.011128e-06 4.883992e-03 2.441490e-03  2.442502e-03
 3.970109e-06 -1.034037e-06 4.834624e-03 2.416795e-03  2.417829e-03
 4.081111e-06 -1.057461e-06 4.785714e-03 2.392328e-03  2.393386e-03
 4.195218e-06 -1.081410e-06 4.737257e-03 2.368088e-03  2.369169e-03
 4.312514e-06 -1.105895e-06 4.689251e-03 2.344073e-03  2.345179e-03
 4.433090e-06 -1.130930e-06 4.641691e-03 2.320280e-03  2.321411e-03
 4.557038e-06 -1.156526e-06 4.594574e-03 2.296709e-03  2.297865e-03
 4.684451e-06 -1.182695e-06 4.547895e-03 2.273356e-03  2.274539e-03
 4.815426e-06 -1.209451e-06 4.501650e-03 2.250221e-03  2.251430e-03
 4.950064e-06 -1.236806e-06 4.455837e-03 2.227300e-03  2.228537e-03
 5.088465e-06 -1.264773e-06 4.410451e-03 2.204593e-03  2.205858e-03
 5.230737e-06 -1.293366e-06 4.365489e-03 2.182098e-03  2.183391e-03
 5.376986e-06 -1.322599e-06 4.320946e-03 2.159812e-03  2.161135e-03
 5.527325e-06 -1.352487e-06 4.276820e-03 2.137734e-03  2.139086e-03
 5.681866e-06 -1.383042e-06 4.233107e-03 2.115862e-03  2.117245e-03
 5.840729e-06 -1.414281e-06 4.189802e-03 2.094194e-03  2.095608e-03
 6.004034e-06 -1.446218e-06 4.146904e-03 2.072729e-03  2.074175e-03
 6.171904e-06 -1.478869e-06 4.104407e-03 2.051464e-03  2.052943e-03
 6.344468e-06 -1.512250e-06 4.062308e-03 2.030398e-03  2.031910e-03
 6.521857e-06 -1.546376e-06 4.020605e-03 2.009529e-03  2.011076e-03
 6.704205e-06 -1.581265e-06 3.979294e-03 1.988856e-03  1.990437e-03
 6.891652e-06 -1.616932e-06 3.938370e-03 1.968377e-03  1.969994e-03
 7.084340e-06 -1.653395e-06 3.897832e-03 1.948089e-03  1.949742e-03
 7.282415e-06 -1.690672e-06 3.857674e-03 1.927992e-03  1.929683e-03
 7.486029e-06 -1.728780e-06 3.817895e-03 1.908083e-03  1.909812e-03
 7.695335e-06 -1.767739e-06 3.778491e-03 1.888362e-03  1.890129e-03
 7.910494e-06 -1.807566e-06 3.739458e-03 1.868825e-03  1.870633e-03
 8.131668e-06 -1.848280e-06 3.700794e-03 1.849473e-03  1.851321e-03
 8.359026e-06 -1.889902e-06 3.662494e-03 1.830302e-03  1.832192e-03
 8.592741e-06 -1.932452e-06 3.624557e-03 1.811312e-03  1.813245e-03
 8.832991e-06 -1.975948e-06 3.586978e-03 1.792501e-03  1.794477e-03
 9.079958e-06 -2.020414e-06 3.549754e-03 1.773867e-03  1.775887e-03
 9.333830e-06 -2.065869e-06 3.512883e-03 1.755409e-03  1.757475e-03
 9.594800e-06 -2.112335e-06 3.476361e-03 1.737125e-03  1.739237e-03
 9.863067e-06 -2.159835e-06 3.440186e-03 1.719013e-03  1.721173e-03
 1.013883e-05 -2.208392e-06 3.404353e-03 1.701072e-03  1.703281e-03
 1.042231e-05 -2.258028e-06 3.368860e-03 1.683301e-03  1.685559e-03
 1.071372e-05 -2.308768e-06 3.333705e-03 1.665698e-03  1.668007e-03
 1.101327e-05 -2.360635e-06 3.298884e-03 1.648261e-03  1.650622e-03
 1.132119e-05 -2.413655e-06 3.264393e-03 1.630990e-03  1.633403e-03
 1.163773e-05 -2.467852e-06 3.230231e-03 1.613882e-03  1.616350e-03
 1.196312e-05 -2.523252e-06 3.196394e-03 1.596936e-03  1.599459e-03
 1.229760e-05 -2.579882e-06 3.162880e-03 1.580150e-03  1.582730e-03
 1.264144e-05 -2.637768e-06 3.129685e-03 1.563524e-03  1.566161e-03
 1.299489e-05 -2.696939e-06 3.096806e-03 1.547055e-03  1.549752e-03
 1.335822e-05 -2.757422e-06 3.064242e-03 1.530742e-03  1.533500e-03
 1.373171e-05 -2.819246e-06 3.031988e-03 1.514585e-03  1.517404e-03
 1.411564e-05 -2.882440e-06 3.000043e-03 1.498580e-03  1.501463e-03
 1.451031e-05 -2.947034e-06 2.968403e-03 1.482728e-03  1.485675e-03
 1.491601e-05 -3.013060e-06 2.937066e-03 1.467026e-03  1.470040e-03
 1.533306e-05 -3.080547e-06 2.906029e-03 1.451474e-03  1.454555e-03
 1.576176e-05 -3.149528e-06 2.875289e-03 1.436070e-03  1.439219e-03
 1.620246e-05 -3.220037e-06 2.844844e-03 1.420812e-03  1.424032e-03
 1.665547e-05 -3.292105e-06 2.814691e-03 1.405699e-03  1.408991e-03
 1.712115e-05 -3.365767e-06 2.784827e-03 1.390731e-03  1.394096e-03
 1.759985e-05 -3.441058e-06 2.755250e-03 1.375904e-03  1.379346e-03
 1.809194e-05 -3.518013e-06 2.725957e-03 1.361220e-03  1.364738e-03
 1.859778e-05 -3.596669e-06 2.696946e-03 1.346675e-03  1.350271e-03
 1.911777e-05 -3.677063e-06 2.668213e-03 1.332268e-03  1.335945e-03
 1.965229e-05 -3.759232e-06 2.639758e-03 1.317999e-03  1.321758e-03
 2.020176e-05 -3.843215e-06 2.611576e-03 1.303866e-03  1.307709e-03
 2.076659e-05 -3.929052e-06 2.583665e-03 1.289868e-03  1.293797e-03
 2.134722e-05 -4.016783e-06 2.556024e-03 1.276004e-03  1.280020e-03
 2.194408e-05 -4.106449e-06 2.528649e-03 1.262271e-03  1.266378e-03
 2.255763e-05 -4.198093e-06 2.501538e-03 1.248670e-03  1.252868e-03
 2.318833e-05 -4.291756e-06 2.474689e-03 1.235199e-03  1.239491e-03
 2.383667e-05 -4.387484e-06 2.448100e-03 1.221856e-03  1.226244e-03
 2.450313e-05 -4.485321e-06 2.421767e-03 1.208641e-03  1.213126e-03
 2.518823e-05 -4.585312e-06 2.395689e-03 1.195552e-03  1.200137e-03
 2.589248e-05 -4.687505e-06 2.369863e-03 1.182588e-03  1.187275e-03
 2.661642e-05 -4.791948e-06 2.344287e-03 1.169747e-03  1.174539e-03
 2.736061e-05 -4.898688e-06 2.318958e-03 1.157030e-03  1.161928e-03
 2.812560e-05 -5.007776e-06 2.293875e-03 1.144433e-03  1.149441e-03
 2.891198e-05 -5.119263e-06 2.269035e-03 1.131958e-03  1.137077e-03
 2.972035e-05 -5.233200e-06 2.244435e-03 1.119601e-03  1.124834e-03
 3.055132e-05 -5.349642e-06 2.220074e-03 1.107362e-03  1.112712e-03
 3.140552e-05 -5.468641e-06 2.195949e-03 1.095240e-03  1.100709e-03
 3.228361e-05 -5.590254e-06 2.172059e-03 1.083234e-03  1.088825e-03
 3.318624e-05 -5.714536e-06 2.148400e-03 1.071343e-03  1.077057e-03
 3.411412e-05 -5.841546e-06 2.124971e-03 1.059565e-03  1.065406e-03
 3.506793e-05 -5.971343e-06 2.101770e-03 1.047899e-03  1.053871e-03
 3.604842e-05 -6.103986e-06 2.078794e-03 1.036345e-03  1.042449e-03
 3.705632e-05 -6.239537e-06 2.056042e-03 1.024901e-03  1.031141e-03
 3.809240e-05 -6.378060e-06 2.033510e-03 1.013566e-03  1.019944e-03
 3.915745e-05 -6.519617e-06 2.011198e-03 1.002339e-03  1.008859e-03
 4.025227e-05 -6.664275e-06 1.989103e-03 9.912194e-04  9.978837e-04
 4.137771e-05 -6.812100e-06 1.967223e-03 9.802054e-04  9.870175e-04
 4.253462e-05 -6.963161e-06 1.945556e-03 9.692963e-04  9.762594e-04
 4.372387e-05 -7.117528e-06 1.924099e-03 9.584909e-04  9.656085e-04
 4.494637e-05 -7.275270e-06 1.902852e-03 9.477884e-04  9.550636e-04
 4.620305e-05 -7.436463e-06 1.881812e-03 9.371875e-04  9.446240e-04
 4.749487e-05 -7.601178e-06 1.860976e-03 9.266874e-04  9.342886e-04
 4.882281e-05 -7.769493e-06 1.840343e-03 9.162869e-04  9.240564e-04
 5.018787e-05 -7.941485e-06 1.819912e-03 9.059851e-04  9.139266e-04
 5.159111e-05 -8.117232e-06 1.799679e-03 8.957810e-04  9.038982e-04
 5.303357e-05 -8.296815e-06 1.779644e-03 8.856734e-04  8.939703e-04
 5.451637e-05 -8.480318e-06 1.759803e-03 8.756616e-04  8.841419e-04
 5.604063e-05 -8.667823e-06 1.740156e-03 8.657443e-04  8.744122e-04
 5.760750e-05 -8.859417e-06 1.720701e-03 8.559208e-04  8.647802e-04
 5.921818e-05 -9.055187e-06 1.701435e-03 8.461899e-04  8.552451e-04
 6.087390e-05 -9.255224e-06 1.682357e-03 8.365507e-04  8.458059e-04
 6.257591e-05 -9.459618e-06 1.663464e-03 8.270023e-04  8.364619e-04
 6.432551e-05 -9.668463e-06 1.644756e-03 8.175436e-04  8.272121e-04
 6.612403e-05 -9.881854e-06 1.626229e-03 8.081738e-04  8.180557e-04
 6.797283e-05 -1.009989e-05 1.607884e-03 7.988918e-04  8.089917e-04
 6.987332e-05 -1.032267e-05 1.589716e-03 7.896968e-04  8.000195e-04
 7.182695e-05 -1.055029e-05 1.571726e-03 7.805877e-04  7.911380e-04
 7.383520e-05 -1.078286e-05 1.553910e-03 7.715637e-04  7.823465e-04
 7.589961e-05 -1.102048e-05 1.536268e-03 7.626237e-04  7.736442e-04
 7.802173e-05 -1.126326e-05 1.518797e-03 7.537670e-04  7.650302e-04
 8.020319e-05 -1.151132e-05 1.501496e-03 7.449924e-04  7.565038e-04
 8.244563e-05 -1.176476e-05 1.484363e-03 7.362993e-04  7.480640e-04
 8.475078e-05 -1.202370e-05 1.467397e-03 7.276865e-04  7.397102e-04
 8.712038e-05 -1.228826e-05 1.450595e-03 7.191533e-04  7.314415e-04
 8.955623e-05 -1.255855e-05 1.433956e-03 7.106986e-04  7.232572e-04
 9.206019e-05 -1.283470e-05 1.417478e-03 7.023217e-04  7.151564e-04
 9.463415e-05 -1.311683e-05 1.401160e-03 6.940215e-04  7.071384e-04
 9.728009e-05 -1.340508e-05 1.385000e-03 6.857973e-04  6.992024e-04
 1.000000e-04 -1.369956e-05 1.368996e-03 6.776481e-04  6.913477e-04
 1.027960e-04 -1.400042e-05 1.353147e-03 6.695731e-04  6.835735e-04
 1.056701e-04 -1.430779e-05 1.337450e-03 6.615713e-04  6.758790e-04
 1.086246e-04 -1.462180e-05 1.321905e-03 6.536418e-04  6.682636e-04
 1.116617e-04 -1.494260e-05 1.306510e-03 6.457839e-04  6.607265e-04
 1.147837e-04 -1.527034e-05 1.291264e-03 6.379966e-04  6.532670e-04
 1.179930e-04 -1.560515e-05 1.276163e-03 6.302791e-04  6.458843e-04
 1.212920e-04 -1.594720e-05 1.261208e-03 6.226305e-04  6.385777e-04
 1.246833e-04 -1.629663e-05 1.246396e-03 6.150499e-04  6.313465e-04
 1.281694e-04 -1.665360e-05 1.231727e-03 6.075365e-04  6.241901e-04
 1.317530e-04 -1.701826e-05 1.217197e-03 6.000894e-04  6.171077e-04
 1.354368e-04 -1.739079e-05 1.202806e-03 5.927078e-04  6.100986e-04
 1.392235e-04 -1.777135e-05 1.188553e-03 5.853908e-04  6.031622e-04
 1.431161e-04 -1.816011e-05 1.174435e-03 5.781376e-04  5.962977e-04
 1.471176e-04 -1.855724e-05 1.160452e-03 5.709473e-04  5.895046e-04
 1.512310e-04 -1.896293e-05 1.146601e-03 5.638191e-04  5.827820e-04
 1.554593e-04 -1.937734e-05 1.132882e-03 5.567521e-04  5.761295e-04
 1.598059e-04 -1.980066e-05 1.119292e-03 5.497456e-04  5.695462e-04
 1.642740e-04 -2.023309e-05 1.105830e-03 5.427986e-04  5.630317e-04
 1.688670e-04 -2.067482e-05 1.092495e-03 5.359103e-04  5.565851e-04
 1.735885e-04 -2.112604e-05 1.079286e-03 5.290799e-04  5.502059e-04
 1.784420e-04 -2.158694e-05 1.066200e-03 5.223066e-04  5.438935e-04
 1.834311e-04 -2.205775e-05 1.053237e-03 5.155895e-04  5.376472e-04
 1.885598e-04 -2.253866e-05 1.040394e-03 5.089278e-04  5.314664e-04
 1.938319e-04 -2.302988e-05 1.027671e-03 5.023207e-04  5.253505e-04
 1.992513e-04 -2.353164e-05 1.015066e-03 4.957673e-04  5.192989e-04
 2.048223e-04 -2.404416e-05 1.002578e-03 4.892668e-04  5.133110e-04
 2.105491e-04 -2.456766e-05 9.902045e-04 4.828184e-04  5.073861e-04
 2.164359e-04 -2.510238e-05 9.779449e-04 4.764213e-04  5.015237e-04
 2.224874e-04 -2.564854e-05 9.657977e-04 4.700746e-04  4.957231e-04
 2.287080e-04 -2.620640e-05 9.537614e-04 4.637775e-04  4.899839e-04
 2.351026e-04 -2.677619e-05 9.418347e-04 4.575292e-04  4.843054e-04
 2.416760e-04 -2.735816e-05 9.300160e-04 4.513289e-04  4.786871e-04
 2.484332e-04 -2.795258e-05 9.183040e-04 4.451757e-04  4.731283e-04
 2.553793e-04 -2.855970e-05 9.066974e-04 4.390688e-04  4.676285e-04
 2.625196e-04 -2.917979e-05 8.951947e-04 4.330074e-04  4.621872e-04
 2.698595e-04 -2.981313e-05 8.837945e-04 4.269907e-04  4.568038e-04
 2.774047e-04 -3.045998e-05 8.724955e-04 4.210178e-04  4.514778e-04
 2.851608e-04 -3.112063e-05 8.612964e-04 4.150879e-04  4.462085e-04
 2.931338e-04 -3.179538e-05 8.501957e-04 4.092001e-04  4.409955e-04
 3.013297e-04 -3.248451e-05 8.391920e-04 4.033538e-04  4.358383e-04
 3.097547e-04 -3.318833e-05 8.282841e-04 3.975479e-04  4.307362e-04
 3.184154e-04 -3.390715e-05 8.174705e-04 3.917817e-04  4.256888e-04
 3.273181e-04 -3.464127e-05 8.067499e-04 3.860543e-04  4.206956e-04
 3.364698e-04 -3.539102e-05 7.961210e-04 3.803650e-04  4.157560e-04
 3.458774e-04 -3.615672e-05 7.855824e-04 3.747128e-04  4.108695e-04
 3.555480e-04 -3.693872e-05 7.751327e-04 3.690970e-04  4.060357e-04
 3.654890e-04 -3.773734e-05 7.647706e-04 3.635166e-04  4.012540e-04
 3.757079e-04 -3.855293e-05 7.544947e-04 3.579709e-04  3.965238e-04
 3.862125e-04 -3.938585e-05 7.443038e-04 3.524590e-04  3.918448e-04
 3.970109e-04 -4.023647e-05 7.341964e-04 3.469800e-04  3.872164e-04
 4.081111e-04 -4.110514e-05 7.241713e-04 3.415331e-04  3.826382e-04
 4.195218e-04 -4.199225e-05 7.142271e-04 3.361174e-04  3.781097e-04
 4.312514e-04 -4.289818e-05 7.043624e-04 3.307321e-04  3.736303e-04
 4.433090e-04 -4.382332e-05 6.945759e-04 3.253763e-04  3.691996e-04
 4.557038e-04 -4.476807e-05 6.848663e-04 3.200491e-04  3.648172e-04
 4.684451e-04 -4.573284e-05 6.752322e-04 3.147497e-04  3.604825e-04
 4.815426e-04 -4.671805e-05 6.656724e-04 3.094772e-04  3.561952e-04
 4.950064e-04 -4.772413e-05 6.561854e-04 3.042306e-04  3.519548e-04
 5.088465e-04 -4.875149e-05 6.467700e-04 2.990092e-04  3.477607e-04
 5.230737e-04 -4.980060e-05 6.374247e-04 2.938120e-04  3.436126e-04
 5.376986e-04 -5.087189e-05 6.281483e-04 2.886382e-04  3.395101e-04
 5.527325e-04 -5.196584e-05 6.189393e-04 2.834867e-04  3.354526e-04
 5.681866e-04 -5.308291e-05 6.097966e-04 2.783568e-04  3.314397e-04
 5.840729e-04 -5.422358e-05 6.007186e-04 2.732475e-04  3.274711e-04
 6.004034e-04 -5.538835e-05 5.917042e-04 2.681579e-04  3.235463e-04
 6.171904e-04 -5.657771e-05 5.827518e-04 2.630870e-04  3.196647e-04
 6.344468e-04 -5.779217e-05 5.738602e-04 2.580340e-04  3.158262e-04
 6.521857e-04 -5.903226e-05 5.650280e-04 2.529979e-04  3.120301e-04
 6.704205e-04 -6.029850e-05 5.562538e-04 2.479777e-04  3.082762e-04
 6.891652e-04 -6.159144e-05 5.475364e-04 2.429725e-04  3.045639e-04
 7.084340e-04 -6.291164e-05 5.388742e-04 2.379813e-04  3.008929e-04
 7.282415e-04 -6.425965e-05 5.302660e-04 2.330032e-04  2.972628e-04
 7.486029e-04 -6.563606e-05 5.217104e-04 2.280372e-04  2.936732e-04
 7.695335e-04 -6.704145e-05 5.132059e-04 2.230822e-04  2.901237e-04
 7.910494e-04 -6.847642e-05 5.047512e-04 2.181374e-04  2.866138e-04
 8.131668e-04 -6.994160e-05 4.963450e-04 2.132017e-04  2.831433e-04
 8.359026e-04 -7.143760e-05 4.879857e-04 2.082741e-04  2.797117e-04
 8.592741e-04 -7.296506e-05 4.796721e-04 2.033535e-04  2.763186e-04
 8.832991e-04 -7.452463e-05 4.714026e-04 1.984390e-04  2.729636e-04
 9.079958e-04 -7.611699e-05 4.631759e-04 1.935295e-04  2.696465e-04
 9.333830e-04 -7.774281e-05 4.549906e-04 1.886239e-04  2.663667e-04
 9.594800e-04 -7.940278e-05 4.468452e-04 1.837212e-04  2.631240e-04
 9.863067e-04 -8.109761e-05 4.387382e-04 1.788203e-04  2.599179e-04
 1.013883e-03 -8.282802e-05 4.306683e-04 1.739201e-04  2.567482e-04
 1.042231e-03 -8.459476e-05 4.226339e-04 1.690196e-04  2.536144e-04
 1.071372e-03 -8.639857e-05 4.146337e-04 1.641176e-04  2.505161e-04
 1.101327e-03 -8.824023e-05 4.066661e-04 1.592129e-04  2.474531e-04
 1.132119e-03 -9.012051e-05 3.987296e-04 1.543045e-04  2.444250e-04
 1.163773e-03 -9.204022e-05 3.908227e-04 1.493912e-04  2.414315e-04
 1.196312e-03 -9.400018e-05 3.829440e-04 1.444719e-04  2.384721e-04
 1.229760e-03 -9.600122e-05 3.750919e-04 1.395453e-04  2.355466e-04
 1.264144e-03 -9.804420e-05 3.672648e-04 1.346103e-04  2.326545e-04
 1.299489e-03 -1.001300e-04 3.594613e-04 1.296657e-04  2.297957e-04
 1.335822e-03 -1.022594e-04 3.516798e-04 1.247102e-04  2.269696e-04
 1.373171e-03 -1.044335e-04 3.439187e-04 1.197426e-04  2.241761e-04
 1.411564e-03 -1.066531e-04 3.361764e-04 1.147617e-04  2.214148e-04
 1.451031e-03 -1.089192e-04 3.284514e-04 1.097661e-04  2.186853e-04
 1.491601e-03 -1.112327e-04 3.207420e-04 1.047546e-04  2.159873e-04
 1.533306e-03 -1.135946e-04 3.130465e-04 9.972594e-05  2.133206e-04
 1.576176e-03 -1.160060e-04 3.053634e-04 9.467871e-05  2.106847e-04
 1.620246e-03 -1.184678e-04 2.976910e-04 8.961160e-05  2.080794e-04
 1.665547e-03 -1.209812e-04 2.900277e-04 8.452323e-05  2.055044e-04
 1.712115e-03 -1.235471e-04 2.823716e-04 7.941224e-05  2.029594e-04
 1.759985e-03 -1.261667e-04 2.747211e-04 7.427721e-05  2.004439e-04
 1.809194e-03 -1.288411e-04 2.670746e-04 6.911671e-05  1.979579e-04
 1.859778e-03 -1.315715e-04 2.594301e-04 6.392931e-05  1.955008e-04
 1.911777e-03 -1.343590e-04 2.517860e-04 5.871354e-05  1.930725e-04
 1.965229e-03 -1.372047e-04 2.441405e-04 5.346790e-05  1.906726e-04
 2.020176e-03 -1.401101e-04 2.364918e-04 4.819087e-05  1.883009e-04
 2.076659e-03 -1.430761e-04 2.288380e-04 4.288093e-05  1.859571e-04
 2.134722e-03 -1.461043e-04 2.211773e-04 3.753650e-05  1.836408e-04
 2.194408e-03 -1.491957e-04 2.135077e-04 3.215599e-05  1.813517e-04
 2.255763e-03 -1.523519e-04 2.058275e-04 2.673780e-05  1.790897e-04
 2.318833e-03 -1.555741e-04 1.981346e-04 2.128027e-05  1.768543e-04
 2.383667e-03 -1.588637e-04 1.904271e-04 1.578174e-05  1.746454e-04
 2.450313e-03 -1.622221e-04 1.827031e-04 1.024051e-05  1.724626e-04
 2.518823e-03 -1.656508e-04 1.749605e-04 4.654844e-06  1.703057e-04
 2.589248e-03 -1.691513e-04 1.671973e-04 -9.770058e-07  1.681743e-04
 2.661642e-03 -1.727251e-04 1.594115e-04 -6.656833e-06  1.660683e-04
 2.736061e-03 -1.763738e-04 1.516008e-04 -1.238646e-05  1.639873e-04
 2.812560e-03 -1.800988e-04 1.437633e-04 -1.816773e-05  1.619311e-04
 2.891198e-03 -1.839019e-04 1.358968e-04 -2.400255e-05  1.598993e-04
 2.972035e-03 -1.877847e-04 1.279990e-04 -2.989282e-05  1.578918e-04
 3.055132e-03 -1.917488e-04 1.200678e-04 -3.584051e-05  1.559083e-04
 3.140552e-03 -1.957961e-04 1.121009e-04 -4.184762e-05  1.539485e-04
 3.228361e-03 -1.999283e-04 1.040960e-04 -4.791616e-05  1.520121e-04
 3.318624e-03 -2.041472e-04 9.605074e-05 -5.404821e-05  1.500990e-04
 3.411412e-03 -2.084546e-04 8.796282e-05 -6.024589e-05  1.482087e-04
 3.506793e-03 -2.128525e-04 7.982979e-05 -6.651133e-05  1.463411e-04
 3.604842e-03 -2.173427e-04 7.164923e-05 -7.284674e-05  1.444960e-04
 3.705632e-03 -2.219273e-04 6.341864e-05 -7.925434e-05  1.426730e-04
 3.809240e-03 -2.266083e-04 5.513549e-05 -8.573642e-05  1.408719e-04
 3.915745e-03 -2.313878e-04 4.679722e-05 -9.229531e-05  1.390925e-04
 4.025227e-03 -2.362679e-04 3.840119e-05 -9.893336e-05  1.373345e-04
 4.137771e-03 -2.412508e-04 2.994475e-05 -1.056530e-04  1.355978e-04
 4.253462e-03 -2.463386e-04 2.142518e-05 -1.124567e-04  1.338819e-04
 4.372387e-03 -2.515337e-04 1.283972e-05 -1.193470e-04  1.321867e-04
 4.494637e-03 -2.568384e-04 4.185550e-06 -1.263264e-04  1.305120e-04
 4.620305e-03 -2.622552e-04 -4.540186e-06 -1.333977e-04  1.288575e-04
 4.749487e-03 -2.677863e-04 -1.334041e-05 -1.405634e-04  1.272229e-04
 4.882281e-03 -2.734344e-04 -2.221810e-05 -1.478262e-04  1.256081e-04
 5.018787e-03 -2.792020e-04 -3.117629e-05 -1.551891e-04  1.240128e-04
 5.159111e-03 -2.850917e-04 -4.021807e-05 -1.626549e-04  1.224368e-04
 5.303357e-03 -2.911062e-04 -4.934660e-05 -1.702264e-04  1.208798e-04
 5.451637e-03 -2.972483e-04 -5.856507e-05 -1.779067e-04  1.193416e-04
 5.604063e-03 -3.035207e-04 -6.787678e-05 -1.856988e-04  1.178220e-04
 5.760750e-03 -3.099265e-04 -7.728507e-05 -1.936058e-04  1.163207e-04
 5.921818e-03 -3.164684e-04 -8.679335e-05 -2.016309e-04  1.148375e-04
 6.087390e-03 -3.231496e-04 -9.640510e-05 -2.097774e-04  1.133723e-04
 6.257591e-03 -3.299732e-04 -1.061239e-04 -2.180485e-04  1.119247e-04
 6.432551e-03 -3.369423e-04 -1.159533e-04 -2.264478e-04  1.104945e-04
 6.612403e-03 -3.440602e-04 -1.258971e-04 -2.349786e-04  1.090816e-04
 6.797283e-03 -3.513302e-04 -1.359590e-04 -2.436446e-04  1.076856e-04
 6.987332e-03 -3.587558e-04 -1.461429e-04 -2.524494e-04  1.063065e-04
 7.182695e-03 -3.663405e-04 -1.564528e-04 -2.613966e-04  1.049439e-04
 7.383520e-03 -3.740878e-04 -1.668926e-04 -2.704902e-04  1.035976e-04
 7.589961e-03 -3.820014e-04 -1.774665e-04 -2.797339e-04  1.022675e-04
 7.802173e-03 -3.900852e-04 -1.881787e-04 -2.891319e-04  1.009533e-04
 8.020319e-03 -3.983429e-04 -1.990334e-04 -2.986882e-04  9.965474e-05
 8.244563e-03 -4.067786e-04 -2.100352e-04 -3.084069e-04  9.837171e-05
 8.475078e-03 -4.153963e-04 -2.211884e-04 -3.182923e-04  9.710395e-05
 8.712038e-03 -4.242001e-04 -2.324976e-04 -3.283488e-04  9.585126e-05
 8.955623e-03 -4.331944e-04 -2.439675e-04 -3.385810e-04  9.461342e-05
 9.206019e-03 -4.423834e-04 -2.556030e-04 -3.489932e-04  9.339023e-05
 9.463415e-03 -4.517718e-04 -2.674088e-04 -3.595903e-04  9.218147e-05
 9.728009e-03 -4.613640e-04 -2.793901e-04 -3.703771e-04  9.098695e-05
 1.000000e-02 -4.711648e-04 -2.915519e-04 -3.813583e-04  8.980645e-05
 1.027960e-02 -4.811789e-04 -3.038994e-04 -3.925392e-04  8.863977e-05
 1.056701e-02 -4.914114e-04 -3.164380e-04 -4.039247e-04  8.748671e-05
 1.086246e-02 -5.018672e-04 -3.291731e-04 -4.155202e-04  8.634707e-05
 1.116617e-02 -5.125516e-04 -3.421103e-04 -4.273310e-04  8.522065e-05
 1.147837e-02 -5.234699e-04 -3.552554e-04 -4.393626e-04  8.410724e-05
 1.179930e-02 -5.346274e-04 -3.686141e-04 -4.516207e-04  8.300666e-05
 1.212920e-02 -5.460297e-04 -3.821923e-04 -4.641110e-04  8.191869e-05
 1.246833e-02 -5.576825e-04 -3.959962e-04 -4.768394e-04  8.084314e-05
 1.281694e-02 -5.695917e-04 -4.100320e-04 -4.898118e-04  7.977983e-05
 1.317530e-02 -5.817631e-04 -4.243060e-04 -5.030346e-04  7.872855e-05
 1.354368e-02 -5.942029e-04 -4.388247e-04 -5.165138e-04  7.768911e-05
 1.392235e-02 -6.069172e-04 -4.535946e-04 -5.302559e-04  7.666132e-05
 1.431161e-02 -6.199125e-04 -4.686225e-04 -5.442675e-04  7.564499e-05
 1.471176e-02 -6.331952e-04 -4.839154e-04 -5.585553e-04  7.463993e-05
 1.512310e-02 -6.467720e-04 -4.994801e-04 -5.731260e-04  7.364595e-05
 1.554593e-02 -6.606495e-04 -5.153238e-04 -5.879866e-04  7.266286e-05
 1.598059e-02 -6.748348e-04 -5.314538e-04 -6.031443e-04  7.169049e-05
 1.642740e-02 -6.893348e-04 -5.478775e-04 -6.186061e-04  7.072863e-05
 1.688670e-02 -7.041566e-04 -5.646024e-04 -6.343795e-04  6.977712e-05
 1.735885e-02 -7.193077e-04 -5.816362e-04 -6.504719e-04  6.883576e-05
 1.784420e-02 -7.347954e-04 -5.989866e-04 -6.668910e-04  6.790438e-05
 1.834311e-02 -7.506272e-04 -6.166616e-04 -6.836444e-04  6.698280e-05
 1.885598e-02 -7.668108e-04 -6.346691e-04 -7.007399e-04  6.607083e-05
 1.938319e-02 -7.833539e-04 -6.530173e-04 -7.181856e-04  6.516831e-05
 1.992513e-02 -8.002644e-04 -6.717143e-04 -7.359893e-04  6.427505e-05
 2.048223e-02 -8.175503e-04 -6.907685e-04 -7.541594e-04  6.339089e-05
 2.105491e-02 -8.352195e-04 -7.101882e-04 -7.727039e-04  6.251564e-05
 2.164359e-02 -8.532802e-04 -7.299819e-04 -7.916310e-04  6.164913e-05
 2.224874e-02 -8.717404e-04 -7.501580e-04 -8.109492e-04  6.079121e-05
 2.287080e-02 -8.906084e-04 -7.707250e-04 -8.306667e-04  5.994169e-05
 2.351026e-02 -9.098923e-04 -7.916915e-04 -8.507919e-04  5.910041e-05
 2.416760e-02 -9.296002e-04 -8.130658e-04 -8.713330e-04  5.826720e-05
 2.484332e-02 -9.497402e-04 -8.348564e-04 -8.922983e-04  5.744190e-05
 2.553793e-02 -9.703204e-04 -8.570717e-04 -9.136960e-04  5.662435e-05
 2.625196e-02 -9.913487e-04 -8.797199e-04 -9.355343e-04  5.581438e-05
 2.698595e-02 -1.012833e-03 -9.028092e-04 -9.578211e-04  5.501183e-05
 2.774047e-02 -1.034781e-03 -9.263476e-04 -9.805641e-04  5.421656e-05
 2.851608e-02 -1.057199e-03 -9.503427e-04 -1.003771e-03  5.342839e-05
 2.931338e-02 -1.080097e-03 -9.748022e-04 -1.027449e-03  5.264717e-05
 3.013297e-02 -1.103479e-03 -9.997332e-04 -1.051606e-03  5.187275e-05
 3.097547e-02 -1.127352e-03 -1.025143e-03 -1.076247e-03  5.110498e-05
 3.184154e-02 -1.151724e-03 -1.051037e-03 -1.101380e-03  5.034370e-05
 3.273181e-02 -1.176599e-03 -1.077422e-03 -1.127011e-03  4.958877e-05
 3.364698e-02 -1.201983e-03 -1.104303e-03 -1.153143e-03  4.884004e-05
 3.458774e-02 -1.227881e-03 -1.131686e-03 -1.179783e-03  4.809736e-05
 3.555480e-02 -1.254295e-03 -1.159574e-03 -1.206934e-03  4.736060e-05
 3.654890e-02 -1.281230e-03 -1.187971e-03 -1.234600e-03  4.662959e-05
 3.757079e-02 -1.308688e-03 -1.216880e-03 -1.262784e-03  4.590422e-05
 3.862125e-02 -1.336670e-03 -1.246301e-03 -1.291486e-03  4.518433e-05
 3.970109e-02 -1.365177e-03 -1.276237e-03 -1.320707e-03  4.446979e-05
 4.081111e-02 -1.394208e-03 -1.306687e-03 -1.350447e-03  4.376046e-05
 4.195218e-02 -1.423761e-03 -1.337648e-03 -1.380704e-03  4.305622e-05
 4.312514e-02 -1.453832e-03 -1.369118e-03 -1.411475e-03  4.235692e-05
 4.433090e-02 -1.484418e-03 -1.401094e-03 -1.442756e-03  4.166244e-05
 4.557038e-02 -1.515513e-03 -1.433568e-03 -1.474540e-03  4.097266e-05
 4.684451e-02 -1.547108e-03 -1.466533e-03 -1.506821e-03  4.028744e-05
 4.815426e-02 -1.579195e-03 -1.499982e-03 -1.539588e-03  3.960666e-05
 4.950064e-02 -1.611762e-03 -1.533902e-03 -1.572832e-03  3.893020e-05
 5.088465e-02 -1.644796e-03 -1.568280e-03 -1.606538e-03  3.825795e-05
 5.230737e-02 -1.678282e-03 -1.603102e-03 -1.640692e-03  3.758978e-05
 5.376986e-02 -1.712201e-03 -1.638349e-03 -1.675275e-03  3.692559e-05
 5.527325e-02 -1.746532e-03 -1.674001e-03 -1.710267e-03  3.626525e-05
 5.681866e-02 -1.781251e-03 -1.710034e-03 -1.745643e-03  3.560867e-05
 5.840729e-02 -1.816332e-03 -1.746420e-03 -1.781376e-03  3.495574e-05
 6.004034e-02 -1.851743e-03 -1.783130e-03 -1.817437e-03  3.430635e-05
 6.171904e-02 -1.887451e-03 -1.820130e-03 -1.853790e-03  3.366040e-05
 6.344468e-02 -1.923417e-03 -1.857381e-03 -1.890399e-03  3.301781e-05
 6.521857e-02 -1.959602e-03 -1.894845e-03 -1.927223e-03  3.237848e-05
 6.704205e-02 -1.995961e-03 -1.932476e-03 -1.964218e-03  3.174233e-05
 6.891652e-02 -2.032448e-03 -1.970229e-03 -2.001338e-03  3.110926e-05
 7.084340e-02 -2.069012e-03 -2.008054e-03 -2.038533e-03  3.047921e-05
 7.282415e-02 -2.105601e-03 -2.045897e-03 -2.075749e-03  2.985210e-05
 7.486029e-02 -2.142155e-03 -2.083699e-03 -2.112927e-03  2.922786e-05
 7.695335e-02 -2.178609e-03 -2.121397e-03 -2.150003e-03  2.860644e-05
 7.910494e-02 -2.214895e-03 -2.158920e-03 -2.186908e-03  2.798777e-05
 8.131668e-02 -2.250937e-03 -2.196193e-03 -2.223565e-03  2.737181e-05
 8.359026e-02 -2.286652e-03 -2.233135e-03 -2.259893e-03  2.675853e-05
 8.592741e-02 -2.321956e-03 -2.269660e-03 -2.295808e-03  2.614788e-05
 8.832991e-02 -2.356760e-03 -2.305680e-03 -2.331220e-03  2.553984e-05
 9.079958e-02 -2.390974e-03 -2.341106e-03 -2.366040e-03  2.493440e-05
 9.333830e-02 -2.424506e-03 -2.375843e-03 -2.400174e-03  2.433156e-05
 9.594800e-02 -2.457256e-03 -2.409793e-03 -2.433525e-03  2.373130e-05
 9.863067e-02 -2.489120e-03 -2.442853e-03 -2.465986e-03  2.313366e-05
 1.013883e-01 -2.519986e-03 -2.474909e-03 -2.497448e-03  2.253865e-05
 1.042231e-01 -2.549735e-03 -2.505843e-03 -2.527789e-03  2.194632e-05
 1.071372e-01 -2.578241e-03 -2.535528e-03 -2.556884e-03  2.135671e-05
 1.101327e-01 -2.605371e-03 -2.563831e-03 -2.584601e-03  2.076989e-05
 1.132119e-01 -2.630988e-03 -2.590616e-03 -2.610802e-03  2.018594e-05
 1.163773e-01 -2.654952e-03 -2.615742e-03 -2.635347e-03  1.960494e-05
 1.196312e-01 -2.677135e-03 -2.639081e-03 -2.658108e-03  1.902702e-05
 1.229760e-01 -2.697415e-03 -2.660510e-03 -2.678963e-03  1.845230e-05
 1.264144e-01 -2.715677e-03 -2.679915e-03 -2.697796e-03  1.788092e-05
 1.299489e-01 -2.731791e-03 -2.697165e-03 -2.714478e-03  1.731304e-05
 1.335822e-01 -2.745611e-03 -2.712113e-03 -2.728862e-03  1.674883e-05
 1.373171e-01 -2.756976e-03 -2.724599e-03 -2.740788e-03  1.618849e-05
 1.411564e-01 -2.765728e-03 -2.734464e-03 -2.750096e-03  1.563224e-05
 1.451031e-01 -2.771712e-03 -2.741551e-03 -2.756631e-03  1.508031e-05
 1.491601e-01 -2.774780e-03 -2.745714e-03 -2.760247e-03  1.453295e-05
 1.533306e-01 -2.774793e-03 -2.746812e-03 -2.760802e-03  1.399044e-05
 1.576176e-01 -2.771628e-03 -2.744722e-03 -2.758175e-03  1.345308e-05
 1.620246e-01 -2.765195e-03 -2.739352e-03 -2.752273e-03  1.292116e-05
 1.665547e-01 -2.755432e-03 -2.730642e-03 -2.743037e-03  1.239503e-05
 1.712115e-01 -2.742269e-03 -2.718519e-03 -2.730394e-03  1.187504e-05
 1.759985e-01 -2.725578e-03 -2.702855e-03 -2.714217e-03  1.136154e-05
 1.809194e-01 -2.705228e-03 -2.683518e-03 -2.694373e-03  1.085493e-05
 1.859778e-01 -2.681146e-03 -2.660435e-03 -2.670791e-03  1.035559e-05
 1.911777e-01 -2.653297e-03 -2.633569e-03 -2.643433e-03  9.863943e-06
 1.965229e-01 -2.621616e-03 -2.602856e-03 -2.612236e-03  9.380411e-06
 2.020176e-01 -2.586060e-03 -2.568249e-03 -2.577154e-03  8.905431e-06
 2.076659e-01 -2.546672e-03 -2.529793e-03 -2.538232e-03  8.439446e-06
 2.134722e-01 -2.503472e-03 -2.487506e-03 -2.495489e-03  7.982908e-06
 2.194408e-01 -2.456343e-03 -2.441271e-03 -2.448807e-03  7.536273e-06
 2.255763e-01 -2.405300e-03 -2.391100e-03 -2.398200e-03  7.100004e-06
 2.318833e-01 -2.350574e-03 -2.337225e-03 -2.343899e-03  6.674558e-06
 2.383667e-01 -2.292185e-03 -2.279664e-03 -2.285925e-03  6.260390e-06
 2.450313e-01 -2.230089e-03 -2.218373e-03 -2.224231e-03  5.857947e-06
 2.518823e-01 -2.164554e-03 -2.153618e-03 -2.159086e-03  5.467666e-06
 2.589248e-01 -2.095946e-03 -2.085766e-03 -2.090856e-03  5.089965e-06
 2.661642e-01 -2.024512e-03 -2.015061e-03 -2.019787e-03  4.725241e-06
 2.736061e-01 -1.950293e-03 -1.941545e-03 -1.945919e-03  4.373869e-06
 2.812560e-01 -1.873376e-03 -1.865304e-03 -1.869340e-03  4.036198e-06
 2.891198e-01 -1.794090e-03 -1.786665e-03 -1.790377e-03  3.712541e-06
 2.972035e-01 -1.712795e-03 -1.705989e-03 -1.709392e-03  3.403180e-06
 3.055132e-01 -1.629495e-03 -1.623278e-03 -1.626386e-03  3.108357e-06
 3.140552e-01 -1.544932e-03 -1.539275e-03 -1.542104e-03  2.828269e-06
 3.228361e-01 -1.459475e-03 -1.454349e-03 -1.456912e-03  2.563066e-06
 3.318624e-01 -1.373292e-03 -1.368666e-03 -1.370979e-03  2.312842e-06
 3.411412e-01 -1.286959e-03 -1.282804e-03 -1.284882e-03  2.077634e-06
 3.506793e-01 -1.200761e-03 -1.197046e-03 -1.198904e-03  1.857420e-06
 3.604842e-01 -1.115164e-03 -1.111860e-03 -1.113512e-03  1.652119e-06
 3.705632e-01 -1.030488e-03 -1.027565e-03 -1.029026e-03  1.461582e-06
 3.809240e-01 -9.473627e-04 -9.447915e-04 -9.460771e-04  1.285598e-06
 3.915745e-01 -8.661021e-04 -8.638543e-04 -8.649782e-04  1.123887e-06
 4.025227e-01 -7.869383e-04 -7.849861e-04 -7.859622e-04  9.761064e-07
 4.137771e-01 -7.102744e-04 -7.085907e-04 -7.094325e-04  8.418493e-07
 4.253462e-01 -6.367183e-04 -6.352770e-04 -6.359976e-04  7.206417e-07
 4.372387e-01 -5.666129e-04 -5.653890e-04 -5.660009e-04  6.119488e-07
 4.494637e-01 -5.001691e-04 -4.991388e-04 -4.996539e-04  5.151783e-07
 4.620305e-01 -4.377291e-04 -4.368698e-04 -4.372994e-04  4.296882e-07
 4.749487e-01 -3.792415e-04 -3.785319e-04 -3.788867e-04  3.547965e-07
 4.882281e-01 -3.252289e-04 -3.246493e-04 -3.249391e-04  2.897824e-07
 5.018787e-01 -2.756866e-04 -2.752188e-04 -2.754527e-04  2.338975e-07
 5.159111e-01 -2.308313e-04 -2.304586e-04 -2.306450e-04  1.863732e-07
 5.303357e-01 -1.905546e-04 -1.902617e-04 -1.904081e-04  1.464296e-07
 5.451637e-01 -1.547971e-04 -1.545705e-04 -1.546838e-04  1.132848e-07
 5.604063e-01 -1.235969e-04 -1.234246e-04 -1.235107e-04  8.616524e-08
 5.760750e-01 -9.669558e-05 -9.656694e-05 -9.663126e-05  6.431914e-08
 5.921818e-01 -7.397264e-05 -7.387860e-05 -7.392562e-05  4.702007e-08
 6.087390e-01 -5.504604e-05 -5.497888e-05 -5.501246e-05  3.358056e-08
 6.257591e-01 -3.971405e-05 -3.966732e-05 -3.969069e-05  2.336079e-08
 6.432551e-01 -2.754885e-05 -2.751730e-05 -2.753308e-05  1.577550e-08
 6.612403e-01 -1.823951e-05 -1.821891e-05 -1.822921e-05  1.029843e-08
 6.797283e-01 -1.133747e-05 -1.132454e-05 -1.133101e-05  6.466735e-09
 6.987332e-01 -6.467079e-06 -6.459315e-06 -6.463197e-06  3.881850e-09
 7.182695e-01 -3.211100e-06 -3.206680e-06 -3.208890e-06  2.209950e-09
 7.383520e-01 -1.205922e-06 -1.203560e-06 -1.204741e-06  1.180848e-09
 7.589961e-01 -1.054687e-07 -1.043004e-07 -1.048846e-07  5.841171e-10
 7.802173e-01 3.742400e-07 3.747650e-07 3.745025e-07  2.624681e-10
 8.020319e-01 4.834623e-07 4.836713e-07 4.835668e-07  1.044935e-10
 8.244563e-01 4.052847e-07 4.053556e-07 4.053202e-07  3.545145e-11
 8.475078e-01 2.666905e-07 2.667098e-07 2.667002e-07  9.640997e-12
 8.712038e-01 1.409125e-07 1.409163e-07 1.409144e-07  1.886120e-12
 8.955623e-01 5.805698e-08 5.805741e-08 5.805720e-08  2.116071e-13
 9.206019e-01 1.662055e-08 1.662056e-08 1.662055e-08  6.572638e-15
 9.463415e-01 2.577033e-09 2.577033e-09 2.577033e-09  8.271806e-25
 9.728009e-01 9.119035e-11 9.119035e-11 9.119035e-11  0.000000e+00