
 0.001997 3.718699e-05 
 0.003993 1.084097e-04 
 0.005989 2.006898e-04 
 0.007985 3.091584e-04 
 0.009981 4.306857e-04 
 0.011977 5.631478e-04 
 0.013973 7.049198e-04 
 0.015969 8.547186e-04 
 0.017965 1.011485e-03 
 0.019961 1.174326e-03 
 0.021957 1.342466e-03 
 0.023953 1.515224e-03 
 0.025949 1.691990e-03 
 0.027945 1.872212e-03 
 0.029941 2.055387e-03 
 0.031937 2.241056e-03 
 0.033933 2.428795e-03 
 0.035929 2.618212e-03 
 0.037925 2.808945e-03 
 0.039921 3.000656e-03 
 0.041917 3.193030e-03 
 0.043913 3.385774e-03 
 0.045909 3.578614e-03 
 0.047905 3.771293e-03 
 0.049901 3.963572e-03 
 0.051897 4.155225e-03 
 0.053893 4.346042e-03 
 0.055889 4.535823e-03 
 0.057885 4.724382e-03 
 0.059881 4.911543e-03 
 0.061877 5.097143e-03 
 0.063873 5.281027e-03 
 0.065869 5.463056e-03 
 0.067865 5.643098e-03 
 0.069861 5.821032e-03 
 0.071857 5.996744e-03 
 0.073853 6.170129e-03 
 0.075849 6.341086e-03 
 0.077845 6.509521e-03 
 0.079841 6.675346e-03 
 0.081837 6.838479e-03 
 0.083833 6.998846e-03 
 0.085829 7.156380e-03 
 0.087825 7.311023e-03 
 0.089821 7.462723e-03 
 0.091817 7.611434e-03 
 0.093813 7.757112e-03 
 0.095809 7.899721e-03 
 0.097805 8.039226e-03 
 0.099801 8.175594e-03 
 0.101797 8.308797e-03 
 0.103793 8.438812e-03 
 0.105789 8.565619e-03 
 0.107785 8.689202e-03 
 0.109781 8.809547e-03 
 0.111777 8.926646e-03 
 0.113773 9.040491e-03 
 0.115769 9.151076e-03 
 0.117765 9.258397e-03 
 0.119761 9.362453e-03 
 0.121757 9.463245e-03 
 0.123753 9.560777e-03 
 0.125749 9.655059e-03 
 0.127745 9.746104e-03 
 0.129741 9.833929e-03 
 0.131737 9.918552e-03 
 0.133733 9.999991e-03 
 0.135729 1.007827e-02 
 0.137725 1.015339e-02 
 0.139721 1.022538e-02 
 0.141717 1.029426e-02 
 0.143713 1.036005e-02 
 0.145709 1.042276e-02 
 0.147705 1.048244e-02 
 0.149701 1.053911e-02 
 0.151697 1.059280e-02 
 0.153693 1.064356e-02 
 0.155689 1.069141e-02 
 0.157685 1.073637e-02 
 0.159681 1.077847e-02 
 0.161677 1.081774e-02 
 0.163673 1.085421e-02 
 0.165669 1.088790e-02 
 0.167666 1.091885e-02 
 0.169662 1.094709e-02 
 0.171658 1.097266e-02 
 0.173654 1.099560e-02 
 0.175650 1.101594e-02 
 0.177646 1.103373e-02 
 0.179642 1.104899e-02 
 0.181638 1.106177e-02 
 0.183634 1.107211e-02 
 0.185630 1.108003e-02 
 0.187626 1.108558e-02 
 0.189622 1.108879e-02 
 0.191618 1.108971e-02 
 0.193614 1.108837e-02 
 0.195610 1.108482e-02 
 0.197606 1.107909e-02 
 0.199602 1.107122e-02 
 0.201598 1.106126e-02 
 0.203594 1.104925e-02 
 0.205590 1.103523e-02 
 0.207586 1.101922e-02 
 0.209582 1.100128e-02 
 0.211578 1.098143e-02 
 0.213574 1.095971e-02 
 0.215570 1.093616e-02 
 0.217566 1.091081e-02 
 0.219562 1.088370e-02 
 0.221558 1.085487e-02 
 0.223554 1.082433e-02 
 0.225550 1.079214e-02 
 0.227546 1.075833e-02 
 0.229542 1.072293e-02 
 0.231538 1.068598e-02 
 0.233534 1.064752e-02 
 0.235530 1.060758e-02 
 0.237526 1.056621e-02 
 0.239522 1.052345e-02 
 0.241518 1.047933e-02 
 0.243514 1.043391e-02 
 0.245510 1.038722e-02 
 0.247506 1.033928e-02 
 0.249502 1.029014e-02 
 0.251498 1.023983e-02 
 0.253494 1.018836e-02 
 0.255490 1.013577e-02 
 0.257486 1.008209e-02 
 0.259482 1.002734e-02 
 0.261478 9.971550e-03 
 0.263474 9.914750e-03 
 0.265470 9.856973e-03 
 0.267466 9.798255e-03 
 0.269462 9.738632e-03 
 0.271458 9.678146e-03 
 0.273454 9.616831e-03 
 0.275450 9.554724e-03 
 0.277446 9.491853e-03 
 0.279442 9.428247e-03 
 0.281438 9.363931e-03 
 0.283434 9.298931e-03 
 0.285430 9.233275e-03 
 0.287426 9.166994e-03 
 0.289422 9.100117e-03 
 0.291418 9.032676e-03 
 0.293414 8.964700e-03 
 0.295410 8.896211e-03 
 0.297406 8.827230e-03 
 0.299402 8.757771e-03 
 0.301398 8.687849e-03 
 0.303394 8.617479e-03 
 0.305390 8.546683e-03 
 0.307386 8.475485e-03 
 0.309382 8.403916e-03 
 0.311378 8.332006e-03 
 0.313374 8.259787e-03 
 0.315370 8.187287e-03 
 0.317366 8.114531e-03 
 0.319362 8.041540e-03 
 0.321358 7.968334e-03 
 0.323354 7.894931e-03 
 0.325350 7.821352e-03 
 0.327346 7.747615e-03 
 0.329342 7.673743e-03 
 0.331338 7.599755e-03 
 0.333334 7.525673e-03 
 0.335330 7.451519e-03 
 0.337326 7.377315e-03 
 0.339322 7.303083e-03 
 0.341318 7.228842e-03 
 0.343314 7.154613e-03 
 0.345310 7.080411e-03 
 0.347306 7.006249e-03 
 0.349302 6.932138e-03 
 0.351298 6.858087e-03 
 0.353294 6.784106e-03 
 0.355290 6.710208e-03 
 0.357286 6.636405e-03 
 0.359282 6.562713e-03 
 0.361278 6.489151e-03 
 0.363274 6.415734e-03 
 0.365270 6.342484e-03 
 0.367266 6.269417e-03 
 0.369262 6.196554e-03 
 0.371258 6.123911e-03 
 0.373254 6.051505e-03 
 0.375250 5.979348e-03 
 0.377246 5.907452e-03 
 0.379242 5.835823e-03 
 0.381238 5.764467e-03 
 0.383234 5.693392e-03 
 0.385230 5.622606e-03 
 0.387226 5.552121e-03 
 0.389222 5.481950e-03 
 0.391218 5.412107e-03 
 0.393214 5.342606e-03 
 0.395210 5.273458e-03 
 0.397206 5.204670e-03 
 0.399202 5.136247e-03 
 0.401198 5.068194e-03 
 0.403194 5.000512e-03 
 0.405190 4.933208e-03 
 0.407186 4.866287e-03 
 0.409182 4.799758e-03 
 0.411178 4.733629e-03 
 0.413174 4.667909e-03 
 0.415170 4.602610e-03 
 0.417166 4.537740e-03 
 0.419162 4.473311e-03 
 0.421158 4.409330e-03 
 0.423154 4.345808e-03 
 0.425150 4.282751e-03 
 0.427146 4.220165e-03 
 0.429142 4.158052e-03 
 0.431138 4.096418e-03 
 0.433134 4.035263e-03 
 0.435130 3.974592e-03 
 0.437126 3.914410e-03 
 0.439122 3.854720e-03 
 0.441118 3.795527e-03 
 0.443114 3.736838e-03 
 0.445110 3.678657e-03 
 0.447106 3.620988e-03 
 0.449102 3.563835e-03 
 0.451098 3.507201e-03 
 0.453094 3.451088e-03 
 0.455090 3.395497e-03 
 0.457086 3.340429e-03 
 0.459082 3.285882e-03 
 0.461078 3.231855e-03 
 0.463074 3.178349e-03 
 0.465070 3.125364e-03 
 0.467066 3.072903e-03 
 0.469062 3.020968e-03 
 0.471058 2.969565e-03 
 0.473054 2.918698e-03 
 0.475050 2.868372e-03 
 0.477046 2.818589e-03 
 0.479042 2.769351e-03 
 0.481038 2.720661e-03 
 0.483034 2.672518e-03 
 0.485030 2.624924e-03 
 0.487026 2.577878e-03 
 0.489022 2.531380e-03 
 0.491018 2.485429e-03 
 0.493014 2.440024e-03 
 0.495010 2.395162e-03 
 0.497006 2.350840e-03 
 0.499002 2.307057e-03 
 0.500999 2.263807e-03 
 0.502995 2.221089e-03 
 0.504991 2.178900e-03 
 0.506987 2.137239e-03 
 0.508983 2.096107e-03 
 0.510979 2.055505e-03 
 0.512975 2.015432e-03 
 0.514971 1.975889e-03 
 0.516967 1.936873e-03 
 0.518963 1.898383e-03 
 0.520959 1.860414e-03 
 0.522955 1.822964e-03 
 0.524951 1.786029e-03 
 0.526947 1.749607e-03 
 0.528943 1.713697e-03 
 0.530939 1.678297e-03 
 0.532935 1.643405e-03 
 0.534931 1.609021e-03 
 0.536927 1.575143e-03 
 0.538923 1.541767e-03 
 0.540919 1.508892e-03 
 0.542915 1.476514e-03 
 0.544911 1.444629e-03 
 0.546907 1.413235e-03 
 0.548903 1.382327e-03 
 0.550899 1.351901e-03 
 0.552895 1.321954e-03 
 0.554891 1.292481e-03 
 0.556887 1.263477e-03 
 0.558883 1.234937e-03 
 0.560879 1.206856e-03 
 0.562875 1.179231e-03 
 0.564871 1.152057e-03 
 0.566867 1.125333e-03 
 0.568863 1.099057e-03 
 0.570859 1.073228e-03 
 0.572855 1.047846e-03 
 0.574851 1.022910e-03 
 0.576847 9.984150e-04 
 0.578843 9.743581e-04 
 0.580839 9.507341e-04 
 0.582835 9.275377e-04 
 0.584831 9.047631e-04 
 0.586827 8.824051e-04 
 0.588823 8.604584e-04 
 0.590819 8.389177e-04 
 0.592815 8.177779e-04 
 0.594811 7.970339e-04 
 0.596807 7.766804e-04 
 0.598803 7.567122e-04 
 0.600799 7.371243e-04 
 0.602795 7.179118e-04 
 0.604791 6.990707e-04 
 0.606787 6.805972e-04 
 0.608783 6.624885e-04 
 0.610779 6.447417e-04 
 0.612775 6.273543e-04 
 0.614771 6.103229e-04 
 0.616767 5.936435e-04 
 0.618763 5.773117e-04 
 0.620759 5.613222e-04 
 0.622755 5.456699e-04 
 0.624751 5.303496e-04 
 0.626747 5.153562e-04 
 0.628743 5.006850e-04 
 0.630739 4.863316e-04 
 0.632735 4.722915e-04 
 0.634731 4.585606e-04 
 0.636727 4.451350e-04 
 0.638723 4.320110e-04 
 0.640719 4.191848e-04 
 0.642715 4.066528e-04 
 0.644711 3.944109e-04 
 0.646707 3.824546e-04 
 0.648703 3.707791e-04 
 0.650699 3.593796e-04 
 0.652695 3.482512e-04 
 0.654691 3.373890e-04 
 0.656687 3.267890e-04 
 0.658683 3.164471e-04 
 0.660679 3.063597e-04 
 0.662675 2.965232e-04 
 0.664671 2.869339e-04 
 0.666667 2.775879e-04 
 0.668663 2.684809e-04 
 0.670659 2.596087e-04 
 0.672655 2.509670e-04 
 0.674651 2.425513e-04 
 0.676647 2.343576e-04 
 0.678643 2.263816e-04 
 0.680639 2.186195e-04 
 0.682635 2.110671e-04 
 0.684631 2.037205e-04 
 0.686627 1.965756e-04 
 0.688623 1.896285e-04 
 0.690619 1.828750e-04 
 0.692615 1.763114e-04 
 0.694611 1.699338e-04 
 0.696607 1.637390e-04 
 0.698603 1.577237e-04 
 0.700599 1.518850e-04 
 0.702595 1.462197e-04 
 0.704591 1.407245e-04 
 0.706587 1.353957e-04 
 0.708583 1.302289e-04 
 0.710579 1.252201e-04 
 0.712575 1.203647e-04 
 0.714571 1.156588e-04 
 0.716567 1.110987e-04 
 0.718563 1.066812e-04 
 0.720559 1.024034e-04 
 0.722555 9.826259e-05 
 0.724551 9.425590e-05 
 0.726547 9.038033e-05 
 0.728543 8.663271e-05 
 0.730539 8.300979e-05 
 0.732535 7.950833e-05 
 0.734531 7.612520e-05 
 0.736527 7.285752e-05 
 0.738523 6.970257e-05 
 0.740519 6.665777e-05 
 0.742515 6.372061e-05 
 0.744511 6.088849e-05 
 0.746507 5.815865e-05 
 0.748503 5.552824e-05 
 0.750499 5.299431e-05 
 0.752495 5.055395e-05 
 0.754491 4.820436e-05 
 0.756487 4.594296e-05 
 0.758483 4.376733e-05 
 0.760479 4.167522e-05 
 0.762475 3.966441e-05 
 0.764471 3.773271e-05 
 0.766467 3.587780e-05 
 0.768463 3.409733e-05 
 0.770459 3.238889e-05 
 0.772455 3.075011e-05 
 0.774451 2.917872e-05 
 0.776447 2.767263e-05 
 0.778443 2.622984e-05 
 0.780439 2.484850e-05 
 0.782435 2.352681e-05 
 0.784431 2.226297e-05 
 0.786427 2.105513e-05 
 0.788423 1.990139e-05 
 0.790419 1.879985e-05 
 0.792415 1.774858e-05 
 0.794411 1.674573e-05 
 0.796407 1.578949e-05 
 0.798403 1.487813e-05 
 0.800399 1.400998e-05 
 0.802395 1.318344e-05 
 0.804391 1.239697e-05 
 0.806387 1.164911e-05 
 0.808383 1.093843e-05 
 0.810379 1.026358e-05 
 0.812375 9.623238e-06 
 0.814371 9.016064e-06 
 0.816367 8.440718e-06 
 0.818363 7.895851e-06 
 0.820359 7.380122e-06 
 0.822355 6.892216e-06 
 0.824351 6.430887e-06 
 0.826347 5.994985e-06 
 0.828343 5.583439e-06 
 0.830339 5.195253e-06 
 0.832335 4.829478e-06 
 0.834332 4.485178e-06 
 0.836328 4.161411e-06 
 0.838324 3.857227e-06 
 0.840320 3.571678e-06 
 0.842316 3.303831e-06 
 0.844312 3.052784e-06 
 0.846308 2.817681e-06 
 0.848304 2.597709e-06 
 0.850300 2.392097e-06 
 0.852296 2.200107e-06 
 0.854292 2.021034e-06 
 0.856288 1.854193e-06 
 0.858284 1.698927e-06 
 0.860280 1.554600e-06 
 0.862276 1.420599e-06 
 0.864272 1.296333e-06 
 0.866268 1.181236e-06 
 0.868264 1.074761e-06 
 0.870260 9.763843e-07 
 0.872256 8.856057e-07 
 0.874252 8.019473e-07 
 0.876248 7.249555e-07 
 0.878244 6.542001e-07 
 0.880240 5.892731e-07 
 0.882236 5.297880e-07 
 0.884232 4.753780e-07 
 0.886228 4.256944e-07 
 0.888224 3.804067e-07 
 0.890220 3.392014e-07 
 0.892216 3.017820e-07 
 0.894212 2.678677e-07 
 0.896208 2.371926e-07 
 0.898204 2.095060e-07 
 0.900200 1.845711e-07 
 0.902196 1.621653e-07 
 0.904192 1.420793e-07 
 0.906188 1.241171e-07 
 0.908184 1.080950e-07 
 0.910180 9.384152e-08 
 0.912176 8.119698e-08 
 0.914172 7.001245e-08 
 0.916168 6.014935e-08 
 0.918164 5.147901e-08 
 0.920160 4.388237e-08 
 0.922156 3.724953e-08 
 0.924152 3.147932e-08 
 0.926148 2.647874e-08 
 0.928144 2.216266e-08 
 0.930140 1.845348e-08 
 0.932136 1.528061e-08 
 0.934132 1.257987e-08 
 0.936128 1.029285e-08 
 0.938124 8.366680e-09 
 0.940120 6.753782e-09 
 0.942116 5.411541e-09 
 0.944112 4.301871e-09 
 0.946108 3.390814e-09 
 0.948104 2.648330e-09 
 0.950100 2.048070e-09 
 0.952096 1.567082e-09 
 0.954092 1.185381e-09 
 0.956088 8.855552e-10 
 0.958084 6.526212e-10 
 0.960080 4.738507e-10 
 0.962076 3.385550e-10 
 0.964072 2.377578e-10 
 0.966068 1.638974e-10 
 0.968064 1.107272e-10 
 0.970060 7.320850e-11 
 0.972056 4.736759e-11 
 0.974052 3.007619e-11 
 0.976048 1.885033e-11 
 0.978044 1.179116e-11 
 0.980040 7.521017e-12 
 0.982036 5.093111e-12 
 0.984032 3.840927e-12 
 0.986028 3.244503e-12 
 0.988024 2.916109e-12 
 0.990020 2.591330e-12 
 0.992016 2.126379e-12 
 0.994012 1.502053e-12 
 0.996008 8.198493e-13 
 0.998004 2.602191e-13 