
 1.000000e-06 2.781582e-07 7.955609e-03 3.977943e-03  3.977665e-03
 1.027960e-06 2.845348e-07 7.878286e-03 3.939285e-03  3.939001e-03
 1.056701e-06 2.910563e-07 7.801658e-03 3.900974e-03  3.900683e-03
 1.086246e-06 2.977261e-07 7.725718e-03 3.863008e-03  3.862710e-03
 1.116617e-06 3.045474e-07 7.650460e-03 3.825382e-03  3.825078e-03
 1.147837e-06 3.115238e-07 7.575880e-03 3.788096e-03  3.787784e-03
 1.179930e-06 3.186586e-07 7.501970e-03 3.751144e-03  3.750826e-03
 1.212920e-06 3.259555e-07 7.428727e-03 3.714526e-03  3.714200e-03
 1.246833e-06 3.334181e-07 7.356144e-03 3.678239e-03  3.677905e-03
 1.281694e-06 3.410502e-07 7.284215e-03 3.642278e-03  3.641937e-03
 1.317530e-06 3.488554e-07 7.212936e-03 3.606642e-03  3.606294e-03
 1.354368e-06 3.568378e-07 7.142301e-03 3.571329e-03  3.570972e-03
 1.392235e-06 3.650014e-07 7.072304e-03 3.536334e-03  3.535969e-03
 1.431161e-06 3.733501e-07 7.002940e-03 3.501657e-03  3.501284e-03
 1.471176e-06 3.818881e-07 6.934205e-03 3.467293e-03  3.466911e-03
 1.512310e-06 3.906198e-07 6.866091e-03 3.433241e-03  3.432850e-03
 1.554593e-06 3.995493e-07 6.798596e-03 3.399498e-03  3.399098e-03
 1.598059e-06 4.086813e-07 6.731712e-03 3.366061e-03  3.365652e-03
 1.642740e-06 4.180202e-07 6.665436e-03 3.332927e-03  3.332509e-03
 1.688670e-06 4.275707e-07 6.599762e-03 3.300095e-03  3.299667e-03
 1.735885e-06 4.373375e-07 6.534685e-03 3.267561e-03  3.267124e-03
 1.784420e-06 4.473254e-07 6.470200e-03 3.235324e-03  3.234876e-03
 1.834311e-06 4.575395e-07 6.406302e-03 3.203380e-03  3.202922e-03
 1.885598e-06 4.679848e-07 6.342986e-03 3.171727e-03  3.171259e-03
 1.938319e-06 4.786664e-07 6.280247e-03 3.140363e-03  3.139884e-03
 1.992513e-06 4.895898e-07 6.218081e-03 3.109285e-03  3.108796e-03
 2.048223e-06 5.007602e-07 6.156482e-03 3.078491e-03  3.077991e-03
 2.105491e-06 5.121832e-07 6.095446e-03 3.047979e-03  3.047467e-03
 2.164359e-06 5.238645e-07 6.034968e-03 3.017746e-03  3.017222e-03
 2.224874e-06 5.358098e-07 5.975044e-03 2.987790e-03  2.987254e-03
 2.287080e-06 5.480251e-07 5.915668e-03 2.958108e-03  2.957560e-03
 2.351026e-06 5.605164e-07 5.856836e-03 2.928698e-03  2.928138e-03
 2.416760e-06 5.732899e-07 5.798544e-03 2.899559e-03  2.898985e-03
 2.484332e-06 5.863518e-07 5.740787e-03 2.870687e-03  2.870100e-03
 2.553793e-06 5.997087e-07 5.683560e-03 2.842080e-03  2.841480e-03
 2.625196e-06 6.133671e-07 5.626859e-03 2.813736e-03  2.813123e-03
 2.698595e-06 6.273337e-07 5.570680e-03 2.785654e-03  2.785026e-03
 2.774047e-06 6.416155e-07 5.515018e-03 2.757830e-03  2.757188e-03
 2.851608e-06 6.562194e-07 5.459868e-03 2.730262e-03  2.729606e-03
 2.931338e-06 6.711527e-07 5.405227e-03 2.702949e-03  2.702278e-03
 3.013297e-06 6.864227e-07 5.351090e-03 2.675888e-03  2.675202e-03
 3.097547e-06 7.020369e-07 5.297452e-03 2.649077e-03  2.648375e-03
 3.184154e-06 7.180031e-07 5.244310e-03 2.622514e-03  2.621796e-03
 3.273181e-06 7.343289e-07 5.191660e-03 2.596197e-03  2.595463e-03
 3.364698e-06 7.510225e-07 5.139497e-03 2.570124e-03  2.569373e-03
 3.458774e-06 7.680921e-07 5.087816e-03 2.544292e-03  2.543524e-03
 3.555480e-06 7.855460e-07 5.036615e-03 2.518700e-03  2.517915e-03
 3.654890e-06 8.033929e-07 4.985888e-03 2.493346e-03  2.492542e-03
 3.757079e-06 8.216413e-07 4.935633e-03 2.468227e-03  2.467405e-03
 3.862125e-06 8.403003e-07 4.885844e-03 2.443342e-03  2.442502e-03
 3.970109e-06 8.593791e-07 4.836517e-03 2.418688e-03  2.417829e-03
 4.081111e-06 8.788869e-07 4.787650e-03 2.394264e-03  2.393386e-03
 4.195218e-06 8.988333e-07 4.739238e-03 2.370068e-03  2.369169e-03
 4.312514e-06 9.192280e-07 4.691276e-03 2.346098e-03  2.345179e-03
 4.433090e-06 9.400811e-07 4.643762e-03 2.322351e-03  2.321411e-03
 4.557038e-06 9.614026e-07 4.596692e-03 2.298827e-03  2.297865e-03
 4.684451e-06 9.832031e-07 4.550061e-03 2.275522e-03  2.274539e-03
 4.815426e-06 1.005493e-06 4.503865e-03 2.252435e-03  2.251430e-03
 4.950064e-06 1.028284e-06 4.458102e-03 2.229565e-03  2.228537e-03
 5.088465e-06 1.051585e-06 4.412768e-03 2.206910e-03  2.205858e-03
 5.230737e-06 1.075410e-06 4.367858e-03 2.184467e-03  2.183391e-03
 5.376986e-06 1.099770e-06 4.323369e-03 2.162234e-03  2.161135e-03
 5.527325e-06 1.124675e-06 4.279297e-03 2.140211e-03  2.139086e-03
 5.681866e-06 1.150139e-06 4.235640e-03 2.118395e-03  2.117245e-03
 5.840729e-06 1.176174e-06 4.192393e-03 2.096785e-03  2.095608e-03
 6.004034e-06 1.202792e-06 4.149553e-03 2.075378e-03  2.074175e-03
 6.171904e-06 1.230007e-06 4.107116e-03 2.054173e-03  2.052943e-03
 6.344468e-06 1.257831e-06 4.065079e-03 2.033168e-03  2.031910e-03
 6.521857e-06 1.286279e-06 4.023438e-03 2.012362e-03  2.011076e-03
 6.704205e-06 1.315363e-06 3.982190e-03 1.991753e-03  1.990437e-03
 6.891652e-06 1.345098e-06 3.941332e-03 1.971339e-03  1.969994e-03
 7.084340e-06 1.375498e-06 3.900860e-03 1.951118e-03  1.949742e-03
 7.282415e-06 1.406579e-06 3.860772e-03 1.931089e-03  1.929683e-03
 7.486029e-06 1.438355e-06 3.821063e-03 1.911250e-03  1.909812e-03
 7.695335e-06 1.470841e-06 3.781730e-03 1.891600e-03  1.890129e-03
 7.910494e-06 1.504053e-06 3.742770e-03 1.872137e-03  1.870633e-03
 8.131668e-06 1.538008e-06 3.704180e-03 1.852859e-03  1.851321e-03
 8.359026e-06 1.572721e-06 3.665957e-03 1.833765e-03  1.832192e-03
 8.592741e-06 1.608209e-06 3.628098e-03 1.814853e-03  1.813245e-03
 8.832991e-06 1.644490e-06 3.590598e-03 1.796121e-03  1.794477e-03
 9.079958e-06 1.681581e-06 3.553456e-03 1.777569e-03  1.775887e-03
 9.333830e-06 1.719499e-06 3.516669e-03 1.759194e-03  1.757475e-03
 9.594800e-06 1.758264e-06 3.480232e-03 1.740995e-03  1.739237e-03
 9.863067e-06 1.797893e-06 3.444143e-03 1.722971e-03  1.721173e-03
 1.013883e-05 1.838406e-06 3.408400e-03 1.705119e-03  1.703281e-03
 1.042231e-05 1.879822e-06 3.372998e-03 1.687439e-03  1.685559e-03
 1.071372e-05 1.922161e-06 3.337936e-03 1.669929e-03  1.668007e-03
 1.101327e-05 1.965443e-06 3.303210e-03 1.652588e-03  1.650622e-03
 1.132119e-05 2.009690e-06 3.268817e-03 1.635413e-03  1.633403e-03
 1.163773e-05 2.054922e-06 3.234754e-03 1.618404e-03  1.616350e-03
 1.196312e-05 2.101161e-06 3.201019e-03 1.601560e-03  1.599459e-03
 1.229760e-05 2.148429e-06 3.167608e-03 1.584878e-03  1.582730e-03
 1.264144e-05 2.196748e-06 3.134519e-03 1.568358e-03  1.566161e-03
 1.299489e-05 2.246143e-06 3.101750e-03 1.551998e-03  1.549752e-03
 1.335822e-05 2.296635e-06 3.069296e-03 1.535796e-03  1.533500e-03
 1.373171e-05 2.348251e-06 3.037156e-03 1.519752e-03  1.517404e-03
 1.411564e-05 2.401013e-06 3.005326e-03 1.503864e-03  1.501463e-03
 1.451031e-05 2.454948e-06 2.973805e-03 1.488130e-03  1.485675e-03
 1.491601e-05 2.510081e-06 2.942589e-03 1.472550e-03  1.470040e-03
 1.533306e-05 2.566438e-06 2.911676e-03 1.457121e-03  1.454555e-03
 1.576176e-05 2.624047e-06 2.881063e-03 1.441843e-03  1.439219e-03
 1.620246e-05 2.682934e-06 2.850747e-03 1.426715e-03  1.424032e-03
 1.665547e-05 2.743127e-06 2.820726e-03 1.411735e-03  1.408991e-03
 1.712115e-05 2.804656e-06 2.790997e-03 1.396901e-03  1.394096e-03
 1.759985e-05 2.867549e-06 2.761559e-03 1.382213e-03  1.379346e-03
 1.809194e-05 2.931836e-06 2.732407e-03 1.367669e-03  1.364738e-03
 1.859778e-05 2.997547e-06 2.703540e-03 1.353269e-03  1.350271e-03
 1.911777e-05 3.064715e-06 2.674955e-03 1.339010e-03  1.335945e-03
 1.965229e-05 3.133370e-06 2.646650e-03 1.324892e-03  1.321758e-03
 2.020176e-05 3.203546e-06 2.618622e-03 1.310913e-03  1.307709e-03
 2.076659e-05 3.275275e-06 2.590870e-03 1.297072e-03  1.293797e-03
 2.134722e-05 3.348591e-06 2.563389e-03 1.283369e-03  1.280020e-03
 2.194408e-05 3.423528e-06 2.536179e-03 1.269801e-03  1.266378e-03
 2.255763e-05 3.500124e-06 2.509237e-03 1.256368e-03  1.252868e-03
 2.318833e-05 3.578412e-06 2.482560e-03 1.243069e-03  1.239491e-03
 2.383667e-05 3.658431e-06 2.456146e-03 1.229902e-03  1.226244e-03
 2.450313e-05 3.740218e-06 2.429992e-03 1.216866e-03  1.213126e-03
 2.518823e-05 3.823812e-06 2.404098e-03 1.203961e-03  1.200137e-03
 2.589248e-05 3.909251e-06 2.378459e-03 1.191184e-03  1.187275e-03
 2.661642e-05 3.996577e-06 2.353075e-03 1.178536e-03  1.174539e-03
 2.736061e-05 4.085830e-06 2.327943e-03 1.166014e-03  1.161928e-03
 2.812560e-05 4.177052e-06 2.303060e-03 1.153618e-03  1.149441e-03
 2.891198e-05 4.270285e-06 2.278424e-03 1.141347e-03  1.137077e-03
 2.972035e-05 4.365574e-06 2.254034e-03 1.129200e-03  1.124834e-03
 3.055132e-05 4.462964e-06 2.229887e-03 1.117175e-03  1.112712e-03
 3.140552e-05 4.562500e-06 2.205981e-03 1.105272e-03  1.100709e-03
 3.228361e-05 4.664227e-06 2.182313e-03 1.093489e-03  1.088825e-03
 3.318624e-05 4.768196e-06 2.158883e-03 1.081826e-03  1.077057e-03
 3.411412e-05 4.874452e-06 2.135687e-03 1.070281e-03  1.065406e-03
 3.506793e-05 4.983047e-06 2.112724e-03 1.058854e-03  1.053871e-03
 3.604842e-05 5.094032e-06 2.089992e-03 1.047543e-03  1.042449e-03
 3.705632e-05 5.207456e-06 2.067489e-03 1.036348e-03  1.031141e-03
 3.809240e-05 5.323375e-06 2.045212e-03 1.025268e-03  1.019944e-03
 3.915745e-05 5.441841e-06 2.023160e-03 1.014301e-03  1.008859e-03
 4.025227e-05 5.562911e-06 2.001330e-03 1.003447e-03  9.978837e-04
 4.137771e-05 5.686639e-06 1.979722e-03 9.927041e-04  9.870175e-04
 4.253462e-05 5.813084e-06 1.958332e-03 9.820725e-04  9.762594e-04
 4.372387e-05 5.942304e-06 1.937159e-03 9.715508e-04  9.656085e-04
 4.494637e-05 6.074360e-06 1.916202e-03 9.611380e-04  9.550636e-04
 4.620305e-05 6.209313e-06 1.895457e-03 9.508333e-04  9.446240e-04
 4.749487e-05 6.347225e-06 1.874924e-03 9.406358e-04  9.342886e-04
 4.882281e-05 6.488160e-06 1.854601e-03 9.305446e-04  9.240564e-04
 5.018787e-05 6.632184e-06 1.834485e-03 9.205588e-04  9.139266e-04
 5.159111e-05 6.779362e-06 1.814576e-03 9.106776e-04  9.038982e-04
 5.303357e-05 6.929764e-06 1.794870e-03 9.009000e-04  8.939703e-04
 5.451637e-05 7.083458e-06 1.775367e-03 8.912253e-04  8.841419e-04
 5.604063e-05 7.240516e-06 1.756065e-03 8.816527e-04  8.744122e-04
 5.760750e-05 7.401010e-06 1.736961e-03 8.721812e-04  8.647802e-04
 5.921818e-05 7.565013e-06 1.718055e-03 8.628101e-04  8.552451e-04
 6.087390e-05 7.732603e-06 1.699344e-03 8.535386e-04  8.458059e-04
 6.257591e-05 7.903854e-06 1.680828e-03 8.443658e-04  8.364619e-04
 6.432551e-05 8.078848e-06 1.662503e-03 8.352910e-04  8.272121e-04
 6.612403e-05 8.257663e-06 1.644369e-03 8.263133e-04  8.180557e-04
 6.797283e-05 8.440382e-06 1.626424e-03 8.174321e-04  8.089917e-04
 6.987332e-05 8.627089e-06 1.608666e-03 8.086465e-04  8.000195e-04
 7.182695e-05 8.817869e-06 1.591094e-03 7.999559e-04  7.911380e-04
 7.383520e-05 9.012810e-06 1.573706e-03 7.913593e-04  7.823465e-04
 7.589961e-05 9.212002e-06 1.556500e-03 7.828562e-04  7.736442e-04
 7.802173e-05 9.415534e-06 1.539476e-03 7.744458e-04  7.650302e-04
 8.020319e-05 9.623501e-06 1.522631e-03 7.661273e-04  7.565038e-04
 8.244563e-05 9.835998e-06 1.505964e-03 7.579000e-04  7.480640e-04
 8.475078e-05 1.005312e-05 1.489474e-03 7.497633e-04  7.397102e-04
 8.712038e-05 1.027497e-05 1.473158e-03 7.417165e-04  7.314415e-04
 8.955623e-05 1.050164e-05 1.457016e-03 7.337588e-04  7.232572e-04
 9.206019e-05 1.073325e-05 1.441046e-03 7.258896e-04  7.151564e-04
 9.463415e-05 1.096989e-05 1.425247e-03 7.181083e-04  7.071384e-04
 9.728009e-05 1.121167e-05 1.409616e-03 7.104141e-04  6.992024e-04
 1.000000e-04 1.145871e-05 1.394154e-03 7.028064e-04  6.913477e-04
 1.027960e-04 1.171111e-05 1.378858e-03 6.952846e-04  6.835735e-04
 1.056701e-04 1.196899e-05 1.363727e-03 6.878480e-04  6.758790e-04
 1.086246e-04 1.223246e-05 1.348760e-03 6.804961e-04  6.682636e-04
 1.116617e-04 1.250166e-05 1.333955e-03 6.732282e-04  6.607265e-04
 1.147837e-04 1.277669e-05 1.319311e-03 6.660436e-04  6.532670e-04
 1.179930e-04 1.305768e-05 1.304826e-03 6.589419e-04  6.458843e-04
 1.212920e-04 1.334476e-05 1.290500e-03 6.519224e-04  6.385777e-04
 1.246833e-04 1.363806e-05 1.276331e-03 6.449846e-04  6.313465e-04
 1.281694e-04 1.393771e-05 1.262318e-03 6.381278e-04  6.241901e-04
 1.317530e-04 1.424385e-05 1.248459e-03 6.313515e-04  6.171077e-04
 1.354368e-04 1.455661e-05 1.234754e-03 6.246552e-04  6.100986e-04
 1.392235e-04 1.487614e-05 1.221200e-03 6.180383e-04  6.031622e-04
 1.431161e-04 1.520257e-05 1.207798e-03 6.115003e-04  5.962977e-04
 1.471176e-04 1.553606e-05 1.194545e-03 6.050406e-04  5.895046e-04
 1.512310e-04 1.587676e-05 1.181441e-03 5.986588e-04  5.827820e-04
 1.554593e-04 1.622482e-05 1.168484e-03 5.923543e-04  5.761295e-04
 1.598059e-04 1.658039e-05 1.155673e-03 5.861266e-04  5.695462e-04
 1.642740e-04 1.694363e-05 1.143007e-03 5.799753e-04  5.630317e-04
 1.688670e-04 1.731471e-05 1.130485e-03 5.738998e-04  5.565851e-04
 1.735885e-04 1.769379e-05 1.118106e-03 5.678997e-04  5.502059e-04
 1.784420e-04 1.808104e-05 1.105868e-03 5.619746e-04  5.438935e-04
 1.834311e-04 1.847664e-05 1.093771e-03 5.561239e-04  5.376472e-04
 1.885598e-04 1.888076e-05 1.081814e-03 5.503472e-04  5.314664e-04
 1.938319e-04 1.929359e-05 1.069995e-03 5.446441e-04  5.253505e-04
 1.992513e-04 1.971530e-05 1.058313e-03 5.390142e-04  5.192989e-04
 2.048223e-04 2.014608e-05 1.046768e-03 5.334570e-04  5.133110e-04
 2.105491e-04 2.058613e-05 1.035358e-03 5.279722e-04  5.073861e-04
 2.164359e-04 2.103563e-05 1.024083e-03 5.225593e-04  5.015237e-04
 2.224874e-04 2.149480e-05 1.012941e-03 5.172179e-04  4.957231e-04
 2.287080e-04 2.196384e-05 1.001932e-03 5.119478e-04  4.899839e-04
 2.351026e-04 2.244294e-05 9.910538e-04 5.067484e-04  4.843054e-04
 2.416760e-04 2.293233e-05 9.803065e-04 5.016194e-04  4.786871e-04
 2.484332e-04 2.343222e-05 9.696888e-04 4.965605e-04  4.731283e-04
 2.553793e-04 2.394284e-05 9.591999e-04 4.915714e-04  4.676285e-04
 2.625196e-04 2.446440e-05 9.488389e-04 4.866516e-04  4.621872e-04
 2.698595e-04 2.499715e-05 9.386048e-04 4.818010e-04  4.568038e-04
 2.774047e-04 2.554130e-05 9.284968e-04 4.770191e-04  4.514778e-04
 2.851608e-04 2.609712e-05 9.185141e-04 4.723056e-04  4.462085e-04
 2.931338e-04 2.666483e-05 9.086559e-04 4.676604e-04  4.409955e-04
 3.013297e-04 2.724469e-05 8.989212e-04 4.630830e-04  4.358383e-04
 3.097547e-04 2.783695e-05 8.893094e-04 4.585732e-04  4.307362e-04
 3.184154e-04 2.844188e-05 8.798196e-04 4.541307e-04  4.256888e-04
 3.273181e-04 2.905974e-05 8.704510e-04 4.497553e-04  4.206956e-04
 3.364698e-04 2.969080e-05 8.612028e-04 4.454468e-04  4.157560e-04
 3.458774e-04 3.033534e-05 8.520744e-04 4.412049e-04  4.108695e-04
 3.555480e-04 3.099365e-05 8.430650e-04 4.370293e-04  4.060357e-04
 3.654890e-04 3.166600e-05 8.341739e-04 4.329200e-04  4.012540e-04
 3.757079e-04 3.235270e-05 8.254004e-04 4.288765e-04  3.965238e-04
 3.862125e-04 3.305404e-05 8.167437e-04 4.248989e-04  3.918448e-04
 3.970109e-04 3.377033e-05 8.082032e-04 4.209868e-04  3.872164e-04
 4.081111e-04 3.450188e-05 7.997783e-04 4.171401e-04  3.826382e-04
 4.195218e-04 3.524902e-05 7.914683e-04 4.133587e-04  3.781097e-04
 4.312514e-04 3.601207e-05 7.832726e-04 4.096423e-04  3.736303e-04
 4.433090e-04 3.679136e-05 7.751906e-04 4.059910e-04  3.691996e-04
 4.557038e-04 3.758723e-05 7.672216e-04 4.024044e-04  3.648172e-04
 4.684451e-04 3.840003e-05 7.593651e-04 3.988826e-04  3.604825e-04
 4.815426e-04 3.923011e-05 7.516206e-04 3.954253e-04  3.561952e-04
 4.950064e-04 4.007783e-05 7.439874e-04 3.920326e-04  3.519548e-04
 5.088465e-04 4.094355e-05 7.364650e-04 3.887043e-04  3.477607e-04
 5.230737e-04 4.182767e-05 7.290530e-04 3.854403e-04  3.436126e-04
 5.376986e-04 4.273055e-05 7.217507e-04 3.822406e-04  3.395101e-04
 5.527325e-04 4.365259e-05 7.145578e-04 3.791052e-04  3.354526e-04
 5.681866e-04 4.459419e-05 7.074737e-04 3.760339e-04  3.314397e-04
 5.840729e-04 4.555576e-05 7.004980e-04 3.730269e-04  3.274711e-04
 6.004034e-04 4.653770e-05 6.936302e-04 3.700840e-04  3.235463e-04
 6.171904e-04 4.754046e-05 6.868700e-04 3.672052e-04  3.196647e-04
 6.344468e-04 4.856445e-05 6.802168e-04 3.643906e-04  3.158262e-04
 6.521857e-04 4.961013e-05 6.736704e-04 3.616403e-04  3.120301e-04
 6.704205e-04 5.067793e-05 6.672303e-04 3.589541e-04  3.082762e-04
 6.891652e-04 5.176833e-05 6.608961e-04 3.563322e-04  3.045639e-04
 7.084340e-04 5.288179e-05 6.546676e-04 3.537747e-04  3.008929e-04
 7.282415e-04 5.401880e-05 6.485445e-04 3.512816e-04  2.972628e-04
 7.486029e-04 5.517983e-05 6.425262e-04 3.488530e-04  2.936732e-04
 7.695335e-04 5.636540e-05 6.366127e-04 3.464891e-04  2.901237e-04
 7.910494e-04 5.757600e-05 6.308037e-04 3.441898e-04  2.866138e-04
 8.131668e-04 5.881216e-05 6.250987e-04 3.419554e-04  2.831433e-04
 8.359026e-04 6.007442e-05 6.194977e-04 3.397861e-04  2.797117e-04
 8.592741e-04 6.136330e-05 6.140004e-04 3.376819e-04  2.763186e-04
 8.832991e-04 6.267937e-05 6.086066e-04 3.356430e-04  2.729636e-04
 9.079958e-04 6.402319e-05 6.033161e-04 3.336696e-04  2.696465e-04
 9.333830e-04 6.539534e-05 5.981287e-04 3.317620e-04  2.663667e-04
 9.594800e-04 6.679639e-05 5.930443e-04 3.299204e-04  2.631240e-04
 9.863067e-04 6.822696e-05 5.880628e-04 3.281449e-04  2.599179e-04
 1.013883e-03 6.968765e-05 5.831840e-04 3.264358e-04  2.567482e-04
 1.042231e-03 7.117910e-05 5.784078e-04 3.247935e-04  2.536144e-04
 1.071372e-03 7.270192e-05 5.737342e-04 3.232181e-04  2.505161e-04
 1.101327e-03 7.425679e-05 5.691631e-04 3.217099e-04  2.474531e-04
 1.132119e-03 7.584436e-05 5.646944e-04 3.202694e-04  2.444250e-04
 1.163773e-03 7.746531e-05 5.603282e-04 3.188968e-04  2.414315e-04
 1.196312e-03 7.912033e-05 5.560645e-04 3.175924e-04  2.384721e-04
 1.229760e-03 8.081013e-05 5.519032e-04 3.163567e-04  2.355466e-04
 1.264144e-03 8.253543e-05 5.478445e-04 3.151899e-04  2.326545e-04
 1.299489e-03 8.429696e-05 5.438883e-04 3.140926e-04  2.297957e-04
 1.335822e-03 8.609549e-05 5.400348e-04 3.130651e-04  2.269696e-04
 1.373171e-03 8.793176e-05 5.362840e-04 3.121079e-04  2.241761e-04
 1.411564e-03 8.980658e-05 5.326361e-04 3.112214e-04  2.214148e-04
 1.451031e-03 9.172073e-05 5.290913e-04 3.104060e-04  2.186853e-04
 1.491601e-03 9.367504e-05 5.256497e-04 3.096624e-04  2.159873e-04
 1.533306e-03 9.567033e-05 5.223115e-04 3.089909e-04  2.133206e-04
 1.576176e-03 9.770746e-05 5.190769e-04 3.083922e-04  2.106847e-04
 1.620246e-03 9.978729e-05 5.159462e-04 3.078667e-04  2.080794e-04
 1.665547e-03 1.019107e-04 5.129196e-04 3.074151e-04  2.055044e-04
 1.712115e-03 1.040786e-04 5.099974e-04 3.070380e-04  2.029594e-04
 1.759985e-03 1.062920e-04 5.071799e-04 3.067359e-04  2.004439e-04
 1.809194e-03 1.085517e-04 5.044674e-04 3.065096e-04  1.979579e-04
 1.859778e-03 1.108587e-04 5.018604e-04 3.063596e-04  1.955008e-04
 1.911777e-03 1.132141e-04 4.993591e-04 3.062866e-04  1.930725e-04
 1.965229e-03 1.156188e-04 4.969641e-04 3.062914e-04  1.906726e-04
 2.020176e-03 1.180738e-04 4.946756e-04 3.063747e-04  1.883009e-04
 2.076659e-03 1.205802e-04 4.924943e-04 3.065373e-04  1.859571e-04
 2.134722e-03 1.231391e-04 4.904206e-04 3.067798e-04  1.836408e-04
 2.194408e-03 1.257515e-04 4.884550e-04 3.071032e-04  1.813517e-04
 2.255763e-03 1.284186e-04 4.865980e-04 3.075083e-04  1.790897e-04
 2.318833e-03 1.311415e-04 4.848502e-04 3.079959e-04  1.768543e-04
 2.383667e-03 1.339214e-04 4.832122e-04 3.085668e-04  1.746454e-04
 2.450313e-03 1.367595e-04 4.816847e-04 3.092221e-04  1.724626e-04
 2.518823e-03 1.396570e-04 4.802683e-04 3.099626e-04  1.703057e-04
 2.589248e-03 1.426150e-04 4.789637e-04 3.107894e-04  1.681743e-04
 2.661642e-03 1.456350e-04 4.777716e-04 3.117033e-04  1.660683e-04
 2.736061e-03 1.487182e-04 4.766928e-04 3.127055e-04  1.639873e-04
 2.812560e-03 1.518659e-04 4.757280e-04 3.137970e-04  1.619311e-04
 2.891198e-03 1.550795e-04 4.748782e-04 3.149788e-04  1.598993e-04
 2.972035e-03 1.583603e-04 4.741440e-04 3.162521e-04  1.578918e-04
 3.055132e-03 1.617098e-04 4.735264e-04 3.176181e-04  1.559083e-04
 3.140552e-03 1.651294e-04 4.730264e-04 3.190779e-04  1.539485e-04
 3.228361e-03 1.686206e-04 4.726449e-04 3.206327e-04  1.520121e-04
 3.318624e-03 1.721849e-04 4.723828e-04 3.222838e-04  1.500990e-04
 3.411412e-03 1.758238e-04 4.722412e-04 3.240325e-04  1.482087e-04
 3.506793e-03 1.795390e-04 4.722213e-04 3.258801e-04  1.463411e-04
 3.604842e-03 1.833320e-04 4.723239e-04 3.278280e-04  1.444960e-04
 3.705632e-03 1.872045e-04 4.725505e-04 3.298775e-04  1.426730e-04
 3.809240e-03 1.911581e-04 4.729020e-04 3.320300e-04  1.408719e-04
 3.915745e-03 1.951947e-04 4.733797e-04 3.342872e-04  1.390925e-04
 4.025227e-03 1.993159e-04 4.739850e-04 3.366504e-04  1.373345e-04
 4.137771e-03 2.035235e-04 4.747190e-04 3.391213e-04  1.355978e-04
 4.253462e-03 2.078195e-04 4.755833e-04 3.417014e-04  1.338819e-04
 4.372387e-03 2.122056e-04 4.765791e-04 3.443923e-04  1.321867e-04
 4.494637e-03 2.166839e-04 4.777079e-04 3.471959e-04  1.305120e-04
 4.620305e-03 2.212562e-04 4.789712e-04 3.501137e-04  1.288575e-04
 4.749487e-03 2.259247e-04 4.803706e-04 3.531476e-04  1.272229e-04
 4.882281e-03 2.306913e-04 4.819076e-04 3.562994e-04  1.256081e-04
 5.018787e-03 2.355582e-04 4.835839e-04 3.595710e-04  1.240128e-04
 5.159111e-03 2.405275e-04 4.854011e-04 3.629643e-04  1.224368e-04
 5.303357e-03 2.456016e-04 4.873612e-04 3.664814e-04  1.208798e-04
 5.451637e-03 2.507825e-04 4.894657e-04 3.701241e-04  1.193416e-04
 5.604063e-03 2.560727e-04 4.917166e-04 3.738946e-04  1.178220e-04
 5.760750e-03 2.614745e-04 4.941159e-04 3.777952e-04  1.163207e-04
 5.921818e-03 2.669903e-04 4.966654e-04 3.818278e-04  1.148375e-04
 6.087390e-03 2.726227e-04 4.993672e-04 3.859949e-04  1.133723e-04
 6.257591e-03 2.783741e-04 5.022234e-04 3.902988e-04  1.119247e-04
 6.432551e-03 2.842472e-04 5.052362e-04 3.947417e-04  1.104945e-04
 6.612403e-03 2.902447e-04 5.084078e-04 3.993263e-04  1.090816e-04
 6.797283e-03 2.963693e-04 5.117405e-04 4.040549e-04  1.076856e-04
 6.987332e-03 3.026237e-04 5.152366e-04 4.089302e-04  1.063065e-04
 7.182695e-03 3.090109e-04 5.188986e-04 4.139548e-04  1.049439e-04
 7.383520e-03 3.155338e-04 5.227290e-04 4.191314e-04  1.035976e-04
 7.589961e-03 3.221954e-04 5.267303e-04 4.244628e-04  1.022675e-04
 7.802173e-03 3.289987e-04 5.309052e-04 4.299520e-04  1.009533e-04
 8.020319e-03 3.359470e-04 5.352565e-04 4.356017e-04  9.965474e-05
 8.244563e-03 3.430434e-04 5.397869e-04 4.414152e-04  9.837171e-05
 8.475078e-03 3.502914e-04 5.444993e-04 4.473953e-04  9.710395e-05
 8.712038e-03 3.576942e-04 5.493967e-04 4.535454e-04  9.585126e-05
 8.955623e-03 3.652553e-04 5.544822e-04 4.598688e-04  9.461342e-05
 9.206019e-03 3.729784e-04 5.597589e-04 4.663686e-04  9.339023e-05
 9.463415e-03 3.808671e-04 5.652300e-04 4.730485e-04  9.218147e-05
 9.728009e-03 3.889250e-04 5.708989e-04 4.799120e-04  9.098695e-05
 1.000000e-02 3.971561e-04 5.767690e-04 4.869626e-04  8.980645e-05
 1.027960e-02 4.055643e-04 5.828439e-04 4.942041e-04  8.863977e-05
 1.056701e-02 4.141536e-04 5.891271e-04 5.016404e-04  8.748671e-05
 1.086246e-02 4.229282e-04 5.956223e-04 5.092753e-04  8.634707e-05
 1.116617e-02 4.318922e-04 6.023335e-04 5.171129e-04  8.522065e-05
 1.147837e-02 4.410501e-04 6.092646e-04 5.251573e-04  8.410724e-05
 1.179930e-02 4.504062e-04 6.164195e-04 5.334128e-04  8.300666e-05
 1.212920e-02 4.599651e-04 6.238024e-04 5.418838e-04  8.191869e-05
 1.246833e-02 4.697315e-04 6.314177e-04 5.505746e-04  8.084314e-05
 1.281694e-02 4.797101e-04 6.392698e-04 5.594899e-04  7.977983e-05
 1.317530e-02 4.899059e-04 6.473630e-04 5.686345e-04  7.872855e-05
 1.354368e-02 5.003239e-04 6.557022e-04 5.780130e-04  7.768911e-05
 1.392235e-02 5.109693e-04 6.642919e-04 5.876306e-04  7.666132e-05
 1.431161e-02 5.218472e-04 6.731372e-04 5.974922e-04  7.564499e-05
 1.471176e-02 5.329632e-04 6.822430e-04 6.076031e-04  7.463993e-05
 1.512310e-02 5.443226e-04 6.916145e-04 6.179686e-04  7.364595e-05
 1.554593e-02 5.559313e-04 7.012570e-04 6.285942e-04  7.266286e-05
 1.598059e-02 5.677949e-04 7.111759e-04 6.394854e-04  7.169049e-05
 1.642740e-02 5.799195e-04 7.213767e-04 6.506481e-04  7.072863e-05
 1.688670e-02 5.923110e-04 7.318652e-04 6.620881e-04  6.977712e-05
 1.735885e-02 6.049757e-04 7.426472e-04 6.738114e-04  6.883576e-05
 1.784420e-02 6.179198e-04 7.537286e-04 6.858242e-04  6.790438e-05
 1.834311e-02 6.311500e-04 7.651156e-04 6.981328e-04  6.698280e-05
 1.885598e-02 6.446728e-04 7.768145e-04 7.107437e-04  6.607083e-05
 1.938319e-02 6.584950e-04 7.888316e-04 7.236633e-04  6.516831e-05
 1.992513e-02 6.726235e-04 8.011736e-04 7.368985e-04  6.427505e-05
 2.048223e-02 6.870653e-04 8.138471e-04 7.504562e-04  6.339089e-05
 2.105491e-02 7.018276e-04 8.268588e-04 7.643432e-04  6.251564e-05
 2.164359e-02 7.169176e-04 8.402159e-04 7.785668e-04  6.164913e-05
 2.224874e-02 7.323429e-04 8.539254e-04 7.931341e-04  6.079121e-05
 2.287080e-02 7.481110e-04 8.679944e-04 8.080527e-04  5.994169e-05
 2.351026e-02 7.642295e-04 8.824303e-04 8.233299e-04  5.910041e-05
 2.416760e-02 7.807062e-04 8.972405e-04 8.389733e-04  5.826720e-05
 2.484332e-02 7.975489e-04 9.124327e-04 8.549908e-04  5.744190e-05
 2.553793e-02 8.147656e-04 9.280142e-04 8.713899e-04  5.662435e-05
 2.625196e-02 8.323643e-04 9.439930e-04 8.881786e-04  5.581438e-05
 2.698595e-02 8.503531e-04 9.603767e-04 9.053649e-04  5.501183e-05
 2.774047e-02 8.687401e-04 9.771732e-04 9.229567e-04  5.421656e-05
 2.851608e-02 8.875336e-04 9.943904e-04 9.409620e-04  5.342839e-05
 2.931338e-02 9.067417e-04 1.012036e-03 9.593889e-04  5.264717e-05
 3.013297e-02 9.263726e-04 1.030118e-03 9.782454e-04  5.187275e-05
 3.097547e-02 9.464345e-04 1.048644e-03 9.975395e-04  5.110498e-05
 3.184154e-02 9.669355e-04 1.067623e-03 1.017279e-03  5.034370e-05
 3.273181e-02 9.878836e-04 1.087061e-03 1.037472e-03  4.958877e-05
 3.364698e-02 1.009287e-03 1.106967e-03 1.058127e-03  4.884004e-05
 3.458774e-02 1.031153e-03 1.127348e-03 1.079250e-03  4.809736e-05
 3.555480e-02 1.053489e-03 1.148211e-03 1.100850e-03  4.736060e-05
 3.654890e-02 1.076304e-03 1.169563e-03 1.122934e-03  4.662959e-05
 3.757079e-02 1.099604e-03 1.191412e-03 1.145508e-03  4.590422e-05
 3.862125e-02 1.123395e-03 1.213764e-03 1.168579e-03  4.518433e-05
 3.970109e-02 1.147685e-03 1.236625e-03 1.192155e-03  4.446979e-05
 4.081111e-02 1.172479e-03 1.260000e-03 1.216240e-03  4.376046e-05
 4.195218e-02 1.197784e-03 1.283896e-03 1.240840e-03  4.305622e-05
 4.312514e-02 1.223603e-03 1.308317e-03 1.265960e-03  4.235692e-05
 4.433090e-02 1.249943e-03 1.333267e-03 1.291605e-03  4.166244e-05
 4.557038e-02 1.276805e-03 1.358751e-03 1.317778e-03  4.097266e-05
 4.684451e-02 1.304195e-03 1.384769e-03 1.344482e-03  4.028744e-05
 4.815426e-02 1.332113e-03 1.411326e-03 1.371719e-03  3.960666e-05
 4.950064e-02 1.360561e-03 1.438421e-03 1.399491e-03  3.893020e-05
 5.088465e-02 1.389540e-03 1.466056e-03 1.427798e-03  3.825795e-05
 5.230737e-02 1.419048e-03 1.494228e-03 1.456638e-03  3.758978e-05
 5.376986e-02 1.449085e-03 1.522936e-03 1.486010e-03  3.692559e-05
 5.527325e-02 1.479645e-03 1.552175e-03 1.515910e-03  3.626525e-05
 5.681866e-02 1.510724e-03 1.581942e-03 1.546333e-03  3.560867e-05
 5.840729e-02 1.542316e-03 1.612227e-03 1.577272e-03  3.495574e-05
 6.004034e-02 1.574411e-03 1.643024e-03 1.608718e-03  3.430635e-05
 6.171904e-02 1.607000e-03 1.674321e-03 1.640661e-03  3.366040e-05
 6.344468e-02 1.640070e-03 1.706106e-03 1.673088e-03  3.301781e-05
 6.521857e-02 1.673607e-03 1.738364e-03 1.705985e-03  3.237848e-05
 6.704205e-02 1.707593e-03 1.771078e-03 1.739335e-03  3.174233e-05
 6.891652e-02 1.742010e-03 1.804229e-03 1.773119e-03  3.110926e-05
 7.084340e-02 1.776836e-03 1.837795e-03 1.807315e-03  3.047921e-05
 7.282415e-02 1.812047e-03 1.871752e-03 1.841899e-03  2.985210e-05
 7.486029e-02 1.847616e-03 1.906072e-03 1.876844e-03  2.922786e-05
 7.695335e-02 1.883513e-03 1.940726e-03 1.912119e-03  2.860644e-05
 7.910494e-02 1.919703e-03 1.975678e-03 1.947690e-03  2.798777e-05
 8.131668e-02 1.956149e-03 2.010892e-03 1.983521e-03  2.737181e-05
 8.359026e-02 1.992810e-03 2.046327e-03 2.019568e-03  2.675853e-05
 8.592741e-02 2.029641e-03 2.081937e-03 2.055789e-03  2.614788e-05
 8.832991e-02 2.066593e-03 2.117673e-03 2.092133e-03  2.553984e-05
 9.079958e-02 2.103613e-03 2.153481e-03 2.128547e-03  2.493440e-05
 9.333830e-02 2.140642e-03 2.189305e-03 2.164974e-03  2.433156e-05
 9.594800e-02 2.177620e-03 2.225083e-03 2.201352e-03  2.373130e-05
 9.863067e-02 2.214480e-03 2.260748e-03 2.237614e-03  2.313366e-05
 1.013883e-01 2.251152e-03 2.296229e-03 2.273690e-03  2.253865e-05
 1.042231e-01 2.287558e-03 2.331451e-03 2.309505e-03  2.194632e-05
 1.071372e-01 2.323620e-03 2.366334e-03 2.344977e-03  2.135671e-05
 1.101327e-01 2.359252e-03 2.400792e-03 2.380022e-03  2.076989e-05
 1.132119e-01 2.394362e-03 2.434734e-03 2.414548e-03  2.018594e-05
 1.163773e-01 2.428854e-03 2.468064e-03 2.448459e-03  1.960494e-05
 1.196312e-01 2.462627e-03 2.500682e-03 2.481654e-03  1.902702e-05
 1.229760e-01 2.495573e-03 2.532478e-03 2.514026e-03  1.845230e-05
 1.264144e-01 2.527579e-03 2.563341e-03 2.545460e-03  1.788092e-05
 1.299489e-01 2.558529e-03 2.593155e-03 2.575842e-03  1.731304e-05
 1.335822e-01 2.588304e-03 2.621802e-03 2.605053e-03  1.674883e-05
 1.373171e-01 2.616782e-03 2.649159e-03 2.632970e-03  1.618849e-05
 1.411564e-01 2.643828e-03 2.675093e-03 2.659461e-03  1.563224e-05
 1.451031e-01 2.669302e-03 2.699463e-03 2.684382e-03  1.508031e-05
 1.491601e-01 2.693057e-03 2.722123e-03 2.707590e-03  1.453295e-05
 1.533306e-01 2.714951e-03 2.742932e-03 2.728941e-03  1.399044e-05
 1.576176e-01 2.734843e-03 2.761749e-03 2.748296e-03  1.345308e-05
 1.620246e-01 2.752589e-03 2.778431e-03 2.765510e-03  1.292116e-05
 1.665547e-01 2.768038e-03 2.792828e-03 2.780433e-03  1.239503e-05
 1.712115e-01 2.781034e-03 2.804785e-03 2.792910e-03  1.187504e-05
 1.759985e-01 2.791425e-03 2.814148e-03 2.802786e-03  1.136154e-05
 1.809194e-01 2.799059e-03 2.820769e-03 2.809914e-03  1.085493e-05
 1.859778e-01 2.803798e-03 2.824509e-03 2.814154e-03  1.035559e-05
 1.911777e-01 2.805501e-03 2.825229e-03 2.815365e-03  9.863943e-06
 1.965229e-01 2.804010e-03 2.822771e-03 2.813391e-03  9.380411e-06
 2.020176e-01 2.799165e-03 2.816976e-03 2.808070e-03  8.905431e-06
 2.076659e-01 2.790831e-03 2.807710e-03 2.799271e-03  8.439446e-06
 2.134722e-01 2.778894e-03 2.794860e-03 2.786877e-03  7.982908e-06
 2.194408e-01 2.763236e-03 2.778309e-03 2.770773e-03  7.536273e-06
 2.255763e-01 2.743751e-03 2.757951e-03 2.750851e-03  7.100004e-06
 2.318833e-01 2.720330e-03 2.733679e-03 2.727005e-03  6.674558e-06
 2.383667e-01 2.692827e-03 2.705348e-03 2.699087e-03  6.260390e-06
 2.450313e-01 2.661121e-03 2.672837e-03 2.666979e-03  5.857947e-06
 2.518823e-01 2.625225e-03 2.636160e-03 2.630692e-03  5.467666e-06
 2.589248e-01 2.585139e-03 2.595319e-03 2.590229e-03  5.089965e-06
 2.661642e-01 2.540885e-03 2.550335e-03 2.545610e-03  4.725241e-06
 2.736061e-01 2.492573e-03 2.501321e-03 2.496947e-03  4.373869e-06
 2.812560e-01 2.439990e-03 2.448063e-03 2.444027e-03  4.036198e-06
 2.891198e-01 2.383072e-03 2.390497e-03 2.386785e-03  3.712541e-06
 2.972035e-01 2.322144e-03 2.328951e-03 2.325548e-03  3.403180e-06
 3.055132e-01 2.257192e-03 2.263409e-03 2.260301e-03  3.108357e-06
 3.140552e-01 2.188516e-03 2.194172e-03 2.191344e-03  2.828269e-06
 3.228361e-01 2.116265e-03 2.121391e-03 2.118828e-03  2.563066e-06
 3.318624e-01 2.040390e-03 2.045016e-03 2.042703e-03  2.312842e-06
 3.411412e-01 1.961222e-03 1.965377e-03 1.963299e-03  2.077634e-06
 3.506793e-01 1.879216e-03 1.882931e-03 1.881074e-03  1.857420e-06
 3.604842e-01 1.794430e-03 1.797734e-03 1.796082e-03  1.652119e-06
 3.705632e-01 1.707303e-03 1.710226e-03 1.708764e-03  1.461582e-06
 3.809240e-01 1.618289e-03 1.620860e-03 1.619575e-03  1.285598e-06
 3.915745e-01 1.527563e-03 1.529811e-03 1.528687e-03  1.123887e-06
 4.025227e-01 1.435761e-03 1.437713e-03 1.436737e-03  9.761064e-07
 4.137771e-01 1.343151e-03 1.344835e-03 1.343993e-03  8.418493e-07
 4.253462e-01 1.250114e-03 1.251556e-03 1.250835e-03  7.206417e-07
 4.372387e-01 1.157375e-03 1.158599e-03 1.157987e-03  6.119488e-07
 4.494637e-01 1.065259e-03 1.066289e-03 1.065774e-03  5.151783e-07
 4.620305e-01 9.744701e-04 9.753295e-04 9.748998e-04  4.296882e-07
 4.749487e-01 8.855611e-04 8.862707e-04 8.859159e-04  3.547965e-07
 4.882281e-01 7.989620e-04 7.995416e-04 7.992518e-04  2.897824e-07
 5.018787e-01 7.152942e-04 7.157620e-04 7.155281e-04  2.338975e-07
 5.159111e-01 6.350863e-04 6.354590e-04 6.352726e-04  1.863732e-07
 5.303357e-01 5.586746e-04 5.589675e-04 5.588210e-04  1.464296e-07
 5.451637e-01 4.864042e-04 4.866307e-04 4.865174e-04  1.132848e-07
 5.604063e-01 4.188311e-04 4.190034e-04 4.189173e-04  8.616524e-08
 5.760750e-01 3.563892e-04 3.565179e-04 3.564536e-04  6.431914e-08
 5.921818e-01 2.990509e-04 2.991450e-04 2.990980e-04  4.702007e-08
 6.087390e-01 2.471408e-04 2.472080e-04 2.471744e-04  3.358056e-08
 6.257591e-01 2.009087e-04 2.009555e-04 2.009321e-04  2.336079e-08
 6.432551e-01 1.602882e-04 1.603197e-04 1.603039e-04  1.577550e-08
 6.612403e-01 1.251952e-04 1.252158e-04 1.252055e-04  1.029843e-08
 6.797283e-01 9.544402e-05 9.545695e-05 9.545049e-05  6.466735e-09
 6.987332e-01 7.072071e-05 7.072847e-05 7.072459e-05  3.881850e-09
 7.182695e-01 5.066872e-05 5.067314e-05 5.067093e-05  2.209950e-09
 7.383520e-01 3.492896e-05 3.493132e-05 3.493014e-05  1.180848e-09
 7.589961e-01 2.301903e-05 2.302020e-05 2.301961e-05  5.841171e-10
 7.802173e-01 1.436314e-05 1.436367e-05 1.436340e-05  2.624681e-10
 8.020319e-01 8.394126e-06 8.394335e-06 8.394231e-06  1.044935e-10
 8.244563e-01 4.479373e-06 4.479444e-06 4.479409e-06  3.545145e-11
 8.475078e-01 2.139836e-06 2.139855e-06 2.139846e-06  9.640997e-12
 8.712038e-01 8.779203e-07 8.779241e-07 8.779222e-07  1.886120e-12
 8.955623e-01 2.893999e-07 2.894003e-07 2.894001e-07  2.116071e-13
 9.206019e-01 6.803467e-08 6.803468e-08 6.803468e-08  6.572638e-15
 9.463415e-01 8.762103e-09 8.762103e-09 8.762103e-09  3.308722e-24
 9.728009e-01 2.513742e-10 2.513742e-10 2.513742e-10  0.000000e+00