
 0.001997 -1.487479e-04 
 0.003993 -4.336387e-04 
 0.005989 -8.027592e-04 
 0.007985 -1.236634e-03 
 0.009981 -1.722743e-03 
 0.011977 -2.252591e-03 
 0.013973 -2.819679e-03 
 0.015969 -3.418874e-03 
 0.017965 -4.045941e-03 
 0.019961 -4.697303e-03 
 0.021957 -5.369864e-03 
 0.023953 -6.060897e-03 
 0.025949 -6.767960e-03 
 0.027945 -7.488848e-03 
 0.029941 -8.221549e-03 
 0.031937 -8.964224e-03 
 0.033933 -9.715179e-03 
 0.035929 -1.047285e-02 
 0.037925 -1.123578e-02 
 0.039921 -1.200262e-02 
 0.041917 -1.277212e-02 
 0.043913 -1.354310e-02 
 0.045909 -1.431445e-02 
 0.047905 -1.508517e-02 
 0.049901 -1.585429e-02 
 0.051897 -1.662090e-02 
 0.053893 -1.738417e-02 
 0.055889 -1.814329e-02 
 0.057885 -1.889753e-02 
 0.059881 -1.964617e-02 
 0.061877 -2.038857e-02 
 0.063873 -2.112411e-02 
 0.065869 -2.185222e-02 
 0.067865 -2.257239e-02 
 0.069861 -2.328413e-02 
 0.071857 -2.398698e-02 
 0.073853 -2.468052e-02 
 0.075849 -2.536434e-02 
 0.077845 -2.603808e-02 
 0.079841 -2.670138e-02 
 0.081837 -2.735392e-02 
 0.083833 -2.799538e-02 
 0.085829 -2.862552e-02 
 0.087825 -2.924409e-02 
 0.089821 -2.985089e-02 
 0.091817 -3.044573e-02 
 0.093813 -3.102845e-02 
 0.095809 -3.159889e-02 
 0.097805 -3.215690e-02 
 0.099801 -3.270237e-02 
 0.101797 -3.323519e-02 
 0.103793 -3.375525e-02 
 0.105789 -3.426248e-02 
 0.107785 -3.475681e-02 
 0.109781 -3.523819e-02 
 0.111777 -3.570658e-02 
 0.113773 -3.616196e-02 
 0.115769 -3.660430e-02 
 0.117765 -3.703359e-02 
 0.119761 -3.744981e-02 
 0.121757 -3.785298e-02 
 0.123753 -3.824311e-02 
 0.125749 -3.862024e-02 
 0.127745 -3.898442e-02 
 0.129741 -3.933571e-02 
 0.131737 -3.967420e-02 
 0.133733 -3.999996e-02 
 0.135729 -4.031306e-02 
 0.137725 -4.061356e-02 
 0.139721 -4.090153e-02 
 0.141717 -4.117705e-02 
 0.143713 -4.144019e-02 
 0.145709 -4.169105e-02 
 0.147705 -4.192976e-02 
 0.149701 -4.215643e-02 
 0.151697 -4.237122e-02 
 0.153693 -4.257424e-02 
 0.155689 -4.276562e-02 
 0.157685 -4.294547e-02 
 0.159681 -4.311389e-02 
 0.161677 -4.327098e-02 
 0.163673 -4.341684e-02 
 0.165669 -4.355160e-02 
 0.167666 -4.367539e-02 
 0.169662 -4.378835e-02 
 0.171658 -4.389063e-02 
 0.173654 -4.398238e-02 
 0.175650 -4.406376e-02 
 0.177646 -4.413491e-02 
 0.179642 -4.419597e-02 
 0.181638 -4.424710e-02 
 0.183634 -4.428843e-02 
 0.185630 -4.432012e-02 
 0.187626 -4.434231e-02 
 0.189622 -4.435516e-02 
 0.191618 -4.435884e-02 
 0.193614 -4.435348e-02 
 0.195610 -4.433926e-02 
 0.197606 -4.431635e-02 
 0.199602 -4.428489e-02 
 0.201598 -4.424506e-02 
 0.203594 -4.419701e-02 
 0.205590 -4.414090e-02 
 0.207586 -4.407688e-02 
 0.209582 -4.400511e-02 
 0.211578 -4.392572e-02 
 0.213574 -4.383885e-02 
 0.215570 -4.374465e-02 
 0.217566 -4.364326e-02 
 0.219562 -4.353482e-02 
 0.221558 -4.341946e-02 
 0.223554 -4.329734e-02 
 0.225550 -4.316858e-02 
 0.227546 -4.303333e-02 
 0.229542 -4.289173e-02 
 0.231538 -4.274393e-02 
 0.233534 -4.259008e-02 
 0.235530 -4.243033e-02 
 0.237526 -4.226484e-02 
 0.239522 -4.209379e-02 
 0.241518 -4.191734e-02 
 0.243514 -4.173564e-02 
 0.245510 -4.154886e-02 
 0.247506 -4.135713e-02 
 0.249502 -4.116057e-02 
 0.251498 -4.095930e-02 
 0.253494 -4.075344e-02 
 0.255490 -4.054309e-02 
 0.257486 -4.032836e-02 
 0.259482 -4.010936e-02 
 0.261478 -3.988620e-02 
 0.263474 -3.965900e-02 
 0.265470 -3.942789e-02 
 0.267466 -3.919302e-02 
 0.269462 -3.895453e-02 
 0.271458 -3.871258e-02 
 0.273454 -3.846733e-02 
 0.275450 -3.821890e-02 
 0.277446 -3.796741e-02 
 0.279442 -3.771299e-02 
 0.281438 -3.745572e-02 
 0.283434 -3.719572e-02 
 0.285430 -3.693310e-02 
 0.287426 -3.666798e-02 
 0.289422 -3.640047e-02 
 0.291418 -3.613071e-02 
 0.293414 -3.585880e-02 
 0.295410 -3.558485e-02 
 0.297406 -3.530892e-02 
 0.299402 -3.503108e-02 
 0.301398 -3.475140e-02 
 0.303394 -3.446992e-02 
 0.305390 -3.418673e-02 
 0.307386 -3.390194e-02 
 0.309382 -3.361566e-02 
 0.311378 -3.332802e-02 
 0.313374 -3.303915e-02 
 0.315370 -3.274915e-02 
 0.317366 -3.245812e-02 
 0.319362 -3.216616e-02 
 0.321358 -3.187333e-02 
 0.323354 -3.157973e-02 
 0.325350 -3.128541e-02 
 0.327346 -3.099046e-02 
 0.329342 -3.069497e-02 
 0.331338 -3.039902e-02 
 0.333334 -3.010269e-02 
 0.335330 -2.980608e-02 
 0.337326 -2.950926e-02 
 0.339322 -2.921233e-02 
 0.341318 -2.891537e-02 
 0.343314 -2.861845e-02 
 0.345310 -2.832164e-02 
 0.347306 -2.802500e-02 
 0.349302 -2.772855e-02 
 0.351298 -2.743235e-02 
 0.353294 -2.713643e-02 
 0.355290 -2.684083e-02 
 0.357286 -2.654562e-02 
 0.359282 -2.625085e-02 
 0.361278 -2.595660e-02 
 0.363274 -2.566294e-02 
 0.365270 -2.536994e-02 
 0.367266 -2.507767e-02 
 0.369262 -2.478622e-02 
 0.371258 -2.449564e-02 
 0.373254 -2.420602e-02 
 0.375250 -2.391739e-02 
 0.377246 -2.362981e-02 
 0.379242 -2.334329e-02 
 0.381238 -2.305787e-02 
 0.383234 -2.277357e-02 
 0.385230 -2.249042e-02 
 0.387226 -2.220848e-02 
 0.389222 -2.192780e-02 
 0.391218 -2.164843e-02 
 0.393214 -2.137043e-02 
 0.395210 -2.109383e-02 
 0.397206 -2.081868e-02 
 0.399202 -2.054499e-02 
 0.401198 -2.027278e-02 
 0.403194 -2.000205e-02 
 0.405190 -1.973283e-02 
 0.407186 -1.946515e-02 
 0.409182 -1.919903e-02 
 0.411178 -1.893452e-02 
 0.413174 -1.867164e-02 
 0.415170 -1.841044e-02 
 0.417166 -1.815096e-02 
 0.419162 -1.789324e-02 
 0.421158 -1.763732e-02 
 0.423154 -1.738323e-02 
 0.425150 -1.713101e-02 
 0.427146 -1.688066e-02 
 0.429142 -1.663221e-02 
 0.431138 -1.638567e-02 
 0.433134 -1.614105e-02 
 0.435130 -1.589837e-02 
 0.437126 -1.565764e-02 
 0.439122 -1.541888e-02 
 0.441118 -1.518211e-02 
 0.443114 -1.494735e-02 
 0.445110 -1.471463e-02 
 0.447106 -1.448395e-02 
 0.449102 -1.425534e-02 
 0.451098 -1.402880e-02 
 0.453094 -1.380435e-02 
 0.455090 -1.358199e-02 
 0.457086 -1.336171e-02 
 0.459082 -1.314353e-02 
 0.461078 -1.292742e-02 
 0.463074 -1.271340e-02 
 0.465070 -1.250146e-02 
 0.467066 -1.229161e-02 
 0.469062 -1.208387e-02 
 0.471058 -1.187826e-02 
 0.473054 -1.167479e-02 
 0.475050 -1.147349e-02 
 0.477046 -1.127435e-02 
 0.479042 -1.107740e-02 
 0.481038 -1.088264e-02 
 0.483034 -1.069007e-02 
 0.485030 -1.049970e-02 
 0.487026 -1.031151e-02 
 0.489022 -1.012552e-02 
 0.491018 -9.941718e-03 
 0.493014 -9.760096e-03 
 0.495010 -9.580648e-03 
 0.497006 -9.403362e-03 
 0.499002 -9.228227e-03 
 0.500999 -9.055228e-03 
 0.502995 -8.884355e-03 
 0.504991 -8.715598e-03 
 0.506987 -8.548956e-03 
 0.508983 -8.384429e-03 
 0.510979 -8.222019e-03 
 0.512975 -8.061729e-03 
 0.514971 -7.903556e-03 
 0.516967 -7.747494e-03 
 0.518963 -7.593532e-03 
 0.520959 -7.441658e-03 
 0.522955 -7.291857e-03 
 0.524951 -7.144117e-03 
 0.526947 -6.998430e-03 
 0.528943 -6.854788e-03 
 0.530939 -6.713187e-03 
 0.532935 -6.573622e-03 
 0.534931 -6.436086e-03 
 0.536927 -6.300572e-03 
 0.538923 -6.167069e-03 
 0.540919 -6.035568e-03 
 0.542915 -5.906054e-03 
 0.544911 -5.778516e-03 
 0.546907 -5.652939e-03 
 0.548903 -5.529307e-03 
 0.550899 -5.407605e-03 
 0.552895 -5.287817e-03 
 0.554891 -5.169924e-03 
 0.556887 -5.053907e-03 
 0.558883 -4.939747e-03 
 0.560879 -4.827425e-03 
 0.562875 -4.716923e-03 
 0.564871 -4.608228e-03 
 0.566867 -4.501331e-03 
 0.568863 -4.396227e-03 
 0.570859 -4.292913e-03 
 0.572855 -4.191386e-03 
 0.574851 -4.091639e-03 
 0.576847 -3.993660e-03 
 0.578843 -3.897432e-03 
 0.580839 -3.802937e-03 
 0.582835 -3.710151e-03 
 0.584831 -3.619053e-03 
 0.586827 -3.529621e-03 
 0.588823 -3.441834e-03 
 0.590819 -3.355671e-03 
 0.592815 -3.271112e-03 
 0.594811 -3.188136e-03 
 0.596807 -3.106722e-03 
 0.598803 -3.026849e-03 
 0.600799 -2.948497e-03 
 0.602795 -2.871647e-03 
 0.604791 -2.796283e-03 
 0.606787 -2.722389e-03 
 0.608783 -2.649954e-03 
 0.610779 -2.578967e-03 
 0.612775 -2.509417e-03 
 0.614771 -2.441291e-03 
 0.616767 -2.374574e-03 
 0.618763 -2.309247e-03 
 0.620759 -2.245289e-03 
 0.622755 -2.182680e-03 
 0.624751 -2.121398e-03 
 0.626747 -2.061425e-03 
 0.628743 -2.002740e-03 
 0.630739 -1.945326e-03 
 0.632735 -1.889166e-03 
 0.634731 -1.834242e-03 
 0.636727 -1.780540e-03 
 0.638723 -1.728044e-03 
 0.640719 -1.676739e-03 
 0.642715 -1.626611e-03 
 0.644711 -1.577643e-03 
 0.646707 -1.529818e-03 
 0.648703 -1.483117e-03 
 0.650699 -1.437519e-03 
 0.652695 -1.393005e-03 
 0.654691 -1.349556e-03 
 0.656687 -1.307156e-03 
 0.658683 -1.265788e-03 
 0.660679 -1.225439e-03 
 0.662675 -1.186093e-03 
 0.664671 -1.147736e-03 
 0.666667 -1.110352e-03 
 0.668663 -1.073924e-03 
 0.670659 -1.038435e-03 
 0.672655 -1.003868e-03 
 0.674651 -9.702053e-04 
 0.676647 -9.374303e-04 
 0.678643 -9.055266e-04 
 0.680639 -8.744779e-04 
 0.682635 -8.442683e-04 
 0.684631 -8.148819e-04 
 0.686627 -7.863025e-04 
 0.688623 -7.585139e-04 
 0.690619 -7.315001e-04 
 0.692615 -7.052454e-04 
 0.694611 -6.797352e-04 
 0.696607 -6.549559e-04 
 0.698603 -6.308949e-04 
 0.700599 -6.075400e-04 
 0.702595 -5.848789e-04 
 0.704591 -5.628982e-04 
 0.706587 -5.415826e-04 
 0.708583 -5.209158e-04 
 0.710579 -5.008803e-04 
 0.712575 -4.814588e-04 
 0.714571 -4.626350e-04 
 0.716567 -4.443946e-04 
 0.718563 -4.267247e-04 
 0.720559 -4.096136e-04 
 0.722555 -3.930504e-04 
 0.724551 -3.770236e-04 
 0.726547 -3.615213e-04 
 0.728543 -3.465308e-04 
 0.730539 -3.320392e-04 
 0.732535 -3.180333e-04 
 0.734531 -3.045008e-04 
 0.736527 -2.914301e-04 
 0.738523 -2.788103e-04 
 0.740519 -2.666311e-04 
 0.742515 -2.548824e-04 
 0.744511 -2.435539e-04 
 0.746507 -2.326346e-04 
 0.748503 -2.221129e-04 
 0.750499 -2.119772e-04 
 0.752495 -2.022158e-04 
 0.754491 -1.928174e-04 
 0.756487 -1.837718e-04 
 0.758483 -1.750693e-04 
 0.760479 -1.667009e-04 
 0.762475 -1.586577e-04 
 0.764471 -1.509308e-04 
 0.766467 -1.435112e-04 
 0.768463 -1.363893e-04 
 0.770459 -1.295555e-04 
 0.772455 -1.230004e-04 
 0.774451 -1.167149e-04 
 0.776447 -1.106905e-04 
 0.778443 -1.049194e-04 
 0.780439 -9.939400e-05 
 0.782435 -9.410725e-05 
 0.784431 -8.905190e-05 
 0.786427 -8.422052e-05 
 0.788423 -7.960558e-05 
 0.790419 -7.519940e-05 
 0.792415 -7.099434e-05 
 0.794411 -6.698293e-05 
 0.796407 -6.315797e-05 
 0.798403 -5.951253e-05 
 0.800399 -5.603993e-05 
 0.802395 -5.273376e-05 
 0.804391 -4.958789e-05 
 0.806387 -4.659642e-05 
 0.808383 -4.375372e-05 
 0.810379 -4.105434e-05 
 0.812375 -3.849295e-05 
 0.814371 -3.606425e-05 
 0.816367 -3.376287e-05 
 0.818363 -3.158341e-05 
 0.820359 -2.952049e-05 
 0.822355 -2.756886e-05 
 0.824351 -2.572355e-05 
 0.826347 -2.397994e-05 
 0.828343 -2.233376e-05 
 0.830339 -2.078101e-05 
 0.832335 -1.931791e-05 
 0.834332 -1.794071e-05 
 0.836328 -1.664564e-05 
 0.838324 -1.542891e-05 
 0.840320 -1.428671e-05 
 0.842316 -1.321532e-05 
 0.844312 -1.221114e-05 
 0.846308 -1.127072e-05 
 0.848304 -1.039084e-05 
 0.850300 -9.568388e-06 
 0.852296 -8.800430e-06 
 0.854292 -8.084136e-06 
 0.856288 -7.416775e-06 
 0.858284 -6.795710e-06 
 0.860280 -6.218401e-06 
 0.862276 -5.682395e-06 
 0.864272 -5.185333e-06 
 0.866268 -4.724943e-06 
 0.868264 -4.299043e-06 
 0.870260 -3.905537e-06 
 0.872256 -3.542423e-06 
 0.874252 -3.207789e-06 
 0.876248 -2.899822e-06 
 0.878244 -2.616800e-06 
 0.880240 -2.357092e-06 
 0.882236 -2.119152e-06 
 0.884232 -1.901512e-06 
 0.886228 -1.702778e-06 
 0.888224 -1.521627e-06 
 0.890220 -1.356806e-06 
 0.892216 -1.207128e-06 
 0.894212 -1.071471e-06 
 0.896208 -9.487705e-07 
 0.898204 -8.380239e-07 
 0.900200 -7.382843e-07 
 0.902196 -6.486611e-07 
 0.904192 -5.683173e-07 
 0.906188 -4.964684e-07 
 0.908184 -4.323799e-07 
 0.910180 -3.753661e-07 
 0.912176 -3.247879e-07 
 0.914172 -2.800498e-07 
 0.916168 -2.405974e-07 
 0.918164 -2.059161e-07 
 0.920160 -1.755295e-07 
 0.922156 -1.489981e-07 
 0.924152 -1.259173e-07 
 0.926148 -1.059150e-07 
 0.928144 -8.865066e-08 
 0.930140 -7.381393e-08 
 0.932136 -6.112247e-08 
 0.934132 -5.031951e-08 
 0.936128 -4.117141e-08 
 0.938124 -3.346673e-08 
 0.940120 -2.701514e-08 
 0.942116 -2.164617e-08 
 0.944112 -1.720749e-08 
 0.946108 -1.356326e-08 
 0.948104 -1.059332e-08 
 0.950100 -8.192286e-09 
 0.952096 -6.268335e-09 
 0.954092 -4.741528e-09 
 0.956088 -3.542226e-09 
 0.958084 -2.610490e-09 
 0.960080 -1.895407e-09 
 0.962076 -1.354224e-09 
 0.964072 -9.510345e-10 
 0.966068 -6.555921e-10 
 0.968064 -4.429109e-10 
 0.970060 -2.928352e-10 
 0.972056 -1.894710e-10 
 0.974052 -1.203050e-10 
 0.976048 -7.540127e-11 
 0.978044 -4.716444e-11 
 0.980040 -3.008383e-11 
 0.982036 -2.037224e-11 
 0.984032 -1.536357e-11 
 0.986028 -1.297795e-11 
 0.988024 -1.166443e-11 
 0.990020 -1.036534e-11 
 0.992016 -8.505552e-12 
 0.994012 -6.008245e-12 
 0.996008 -3.279416e-12 
 0.998004 -1.040883e-12 