
 1.000000e-06 6.176546e-04 1.523577e-01 7.648770e-02  7.587004e-02
 1.027960e-06 6.177551e-04 1.511255e-01 7.587160e-02  7.525385e-02
 1.056701e-06 6.178581e-04 1.499022e-01 7.526003e-02  7.464217e-02
 1.086246e-06 6.179635e-04 1.486879e-01 7.465294e-02  7.403498e-02
 1.116617e-06 6.180715e-04 1.474826e-01 7.405031e-02  7.343224e-02
 1.147837e-06 6.181820e-04 1.462861e-01 7.345212e-02  7.283393e-02
 1.179930e-06 6.182951e-04 1.450983e-01 7.285832e-02  7.224002e-02
 1.212920e-06 6.184109e-04 1.439194e-01 7.226889e-02  7.165048e-02
 1.246833e-06 6.185295e-04 1.427491e-01 7.168381e-02  7.106528e-02
 1.281694e-06 6.186510e-04 1.415874e-01 7.110303e-02  7.048438e-02
 1.317530e-06 6.187753e-04 1.404343e-01 7.052654e-02  6.990777e-02
 1.354368e-06 6.189026e-04 1.392897e-01 6.995431e-02  6.933541e-02
 1.392235e-06 6.190329e-04 1.381536e-01 6.938631e-02  6.876727e-02
 1.431161e-06 6.191663e-04 1.370258e-01 6.882250e-02  6.820334e-02
 1.471176e-06 6.193029e-04 1.359064e-01 6.826287e-02  6.764357e-02
 1.512310e-06 6.194427e-04 1.347953e-01 6.770738e-02  6.708793e-02
 1.554593e-06 6.195859e-04 1.336924e-01 6.715600e-02  6.653642e-02
 1.598059e-06 6.197325e-04 1.325977e-01 6.660872e-02  6.598898e-02
 1.642740e-06 6.198825e-04 1.315111e-01 6.606549e-02  6.544561e-02
 1.688670e-06 6.200362e-04 1.304326e-01 6.552630e-02  6.490626e-02
 1.735885e-06 6.201935e-04 1.293620e-01 6.499112e-02  6.437092e-02
 1.784420e-06 6.203545e-04 1.282995e-01 6.445991e-02  6.383956e-02
 1.834311e-06 6.205194e-04 1.272448e-01 6.393266e-02  6.331214e-02
 1.885598e-06 6.206882e-04 1.261980e-01 6.340934e-02  6.278865e-02
 1.938319e-06 6.208610e-04 1.251590e-01 6.288992e-02  6.226906e-02
 1.992513e-06 6.210379e-04 1.241277e-01 6.237437e-02  6.175333e-02
 2.048223e-06 6.212190e-04 1.231041e-01 6.186267e-02  6.124145e-02
 2.105491e-06 6.214044e-04 1.220882e-01 6.135480e-02  6.073339e-02
 2.164359e-06 6.215943e-04 1.210798e-01 6.085072e-02  6.022912e-02
 2.224874e-06 6.217886e-04 1.200790e-01 6.035041e-02  5.972862e-02
 2.287080e-06 6.219876e-04 1.190857e-01 5.985385e-02  5.923186e-02
 2.351026e-06 6.221912e-04 1.180998e-01 5.936101e-02  5.873882e-02
 2.416760e-06 6.223998e-04 1.171213e-01 5.887187e-02  5.824947e-02
 2.484332e-06 6.226132e-04 1.161502e-01 5.838640e-02  5.776379e-02
 2.553793e-06 6.228318e-04 1.151863e-01 5.790458e-02  5.728174e-02
 2.625196e-06 6.230555e-04 1.142297e-01 5.742637e-02  5.680332e-02
 2.698595e-06 6.232845e-04 1.132803e-01 5.695177e-02  5.632848e-02
 2.774047e-06 6.235190e-04 1.123380e-01 5.648074e-02  5.585722e-02
 2.851608e-06 6.237590e-04 1.114028e-01 5.601326e-02  5.538950e-02
 2.931338e-06 6.240048e-04 1.104746e-01 5.554930e-02  5.492530e-02
 3.013297e-06 6.242563e-04 1.095534e-01 5.508885e-02  5.446459e-02
 3.097547e-06 6.245139e-04 1.086392e-01 5.463187e-02  5.400736e-02
 3.184154e-06 6.247775e-04 1.077319e-01 5.417835e-02  5.355357e-02
 3.273181e-06 6.250474e-04 1.068315e-01 5.372826e-02  5.310321e-02
 3.364698e-06 6.253237e-04 1.059378e-01 5.328157e-02  5.265625e-02
 3.458774e-06 6.256065e-04 1.050509e-01 5.283828e-02  5.221267e-02
 3.555480e-06 6.258960e-04 1.041708e-01 5.239834e-02  5.177245e-02
 3.654890e-06 6.261924e-04 1.032973e-01 5.196175e-02  5.133555e-02
 3.757079e-06 6.264958e-04 1.024304e-01 5.152847e-02  5.090197e-02
 3.862125e-06 6.268064e-04 1.015702e-01 5.109848e-02  5.047167e-02
 3.970109e-06 6.271244e-04 1.007164e-01 5.067177e-02  5.004464e-02
 4.081111e-06 6.274499e-04 9.986916e-02 5.024830e-02  4.962085e-02
 4.195218e-06 6.277831e-04 9.902835e-02 4.982807e-02  4.920028e-02
 4.312514e-06 6.281241e-04 9.819395e-02 4.941104e-02  4.878291e-02
 4.433090e-06 6.284733e-04 9.736591e-02 4.899719e-02  4.836872e-02
 4.557038e-06 6.288307e-04 9.654418e-02 4.858651e-02  4.795768e-02
 4.684451e-06 6.291966e-04 9.572873e-02 4.817896e-02  4.754977e-02
 4.815426e-06 6.295711e-04 9.491951e-02 4.777454e-02  4.714497e-02
 4.950064e-06 6.299545e-04 9.411648e-02 4.737322e-02  4.674326e-02
 5.088465e-06 6.303469e-04 9.331959e-02 4.697497e-02  4.634462e-02
 5.230737e-06 6.307487e-04 9.252881e-02 4.657978e-02  4.594903e-02
 5.376986e-06 6.311599e-04 9.174408e-02 4.618762e-02  4.555646e-02
 5.527325e-06 6.315808e-04 9.096538e-02 4.579848e-02  4.516690e-02
 5.681866e-06 6.320117e-04 9.019266e-02 4.541234e-02  4.478032e-02
 5.840729e-06 6.324528e-04 8.942588e-02 4.502916e-02  4.439671e-02
 6.004034e-06 6.329043e-04 8.866499e-02 4.464895e-02  4.401604e-02
 6.171904e-06 6.333665e-04 8.790996e-02 4.427166e-02  4.363830e-02
 6.344468e-06 6.338396e-04 8.716074e-02 4.389729e-02  4.326345e-02
 6.521857e-06 6.343238e-04 8.641731e-02 4.352581e-02  4.289149e-02
 6.704205e-06 6.348195e-04 8.567961e-02 4.315721e-02  4.252239e-02
 6.891652e-06 6.353269e-04 8.494760e-02 4.279146e-02  4.215614e-02
 7.084340e-06 6.358463e-04 8.422126e-02 4.242855e-02  4.179271e-02
 7.282415e-06 6.363779e-04 8.350053e-02 4.206846e-02  4.143208e-02
 7.486029e-06 6.369221e-04 8.278539e-02 4.171115e-02  4.107423e-02
 7.695335e-06 6.374791e-04 8.207578e-02 4.135663e-02  4.071915e-02
 7.910494e-06 6.380492e-04 8.137169e-02 4.100487e-02  4.036682e-02
 8.131668e-06 6.386328e-04 8.067305e-02 4.065584e-02  4.001721e-02
 8.359026e-06 6.392301e-04 7.997985e-02 4.030954e-02  3.967031e-02
 8.592741e-06 6.398416e-04 7.929204e-02 3.996594e-02  3.932610e-02
 8.832991e-06 6.404674e-04 7.860958e-02 3.962502e-02  3.898455e-02
 9.079958e-06 6.411080e-04 7.793243e-02 3.928677e-02  3.864566e-02
 9.333830e-06 6.417637e-04 7.726057e-02 3.895117e-02  3.830940e-02
 9.594800e-06 6.424348e-04 7.659395e-02 3.861819e-02  3.797576e-02
 9.863067e-06 6.431218e-04 7.593254e-02 3.828783e-02  3.764471e-02
 1.013883e-05 6.438249e-04 7.527630e-02 3.796006e-02  3.731624e-02
 1.042231e-05 6.445446e-04 7.462519e-02 3.763487e-02  3.699032e-02
 1.071372e-05 6.452812e-04 7.397919e-02 3.731223e-02  3.666695e-02
 1.101327e-05 6.460351e-04 7.333824e-02 3.699214e-02  3.634610e-02
 1.132119e-05 6.468069e-04 7.270233e-02 3.667457e-02  3.602776e-02
 1.163773e-05 6.475967e-04 7.207142e-02 3.635951e-02  3.571191e-02
 1.196312e-05 6.484052e-04 7.144546e-02 3.604693e-02  3.539853e-02
 1.229760e-05 6.492326e-04 7.082443e-02 3.573683e-02  3.508760e-02
 1.264144e-05 6.500796e-04 7.020829e-02 3.542918e-02  3.477910e-02
 1.299489e-05 6.509464e-04 6.959701e-02 3.512398e-02  3.447303e-02
 1.335822e-05 6.518337e-04 6.899055e-02 3.482119e-02  3.416936e-02
 1.373171e-05 6.527418e-04 6.838888e-02 3.452081e-02  3.386807e-02
 1.411564e-05 6.536712e-04 6.779197e-02 3.422282e-02  3.356915e-02
 1.451031e-05 6.546225e-04 6.719979e-02 3.392720e-02  3.327258e-02
 1.491601e-05 6.555961e-04 6.661229e-02 3.363394e-02  3.297835e-02
 1.533306e-05 6.565926e-04 6.602946e-02 3.334303e-02  3.268643e-02
 1.576176e-05 6.576125e-04 6.545125e-02 3.305443e-02  3.239682e-02
 1.620246e-05 6.586564e-04 6.487763e-02 3.276815e-02  3.210949e-02
 1.665547e-05 6.597247e-04 6.430858e-02 3.248415e-02  3.182443e-02
 1.712115e-05 6.608182e-04 6.374406e-02 3.220244e-02  3.154162e-02
 1.759985e-05 6.619373e-04 6.318404e-02 3.192299e-02  3.126105e-02
 1.809194e-05 6.630827e-04 6.262849e-02 3.164578e-02  3.098270e-02
 1.859778e-05 6.642549e-04 6.207737e-02 3.137081e-02  3.070656e-02
 1.911777e-05 6.654547e-04 6.153066e-02 3.109806e-02  3.043260e-02
 1.965229e-05 6.666826e-04 6.098832e-02 3.082750e-02  3.016082e-02
 2.020176e-05 6.679393e-04 6.045033e-02 3.055914e-02  2.989120e-02
 2.076659e-05 6.692255e-04 5.991666e-02 3.029294e-02  2.962372e-02
 2.134722e-05 6.705418e-04 5.938727e-02 3.002891e-02  2.935836e-02
 2.194408e-05 6.718890e-04 5.886213e-02 2.976701e-02  2.909512e-02
 2.255763e-05 6.732677e-04 5.834123e-02 2.950725e-02  2.883398e-02
 2.318833e-05 6.746788e-04 5.782451e-02 2.924960e-02  2.857492e-02
 2.383667e-05 6.761229e-04 5.731197e-02 2.899405e-02  2.831792e-02
 2.450313e-05 6.776009e-04 5.680356e-02 2.874058e-02  2.806298e-02
 2.518823e-05 6.791134e-04 5.629926e-02 2.848919e-02  2.781007e-02
 2.589248e-05 6.806614e-04 5.579904e-02 2.823985e-02  2.755919e-02
 2.661642e-05 6.822456e-04 5.530288e-02 2.799256e-02  2.731032e-02
 2.736061e-05 6.838670e-04 5.481074e-02 2.774730e-02  2.706344e-02
 2.812560e-05 6.855262e-04 5.432260e-02 2.750406e-02  2.681854e-02
 2.891198e-05 6.872243e-04 5.383842e-02 2.726282e-02  2.657560e-02
 2.972035e-05 6.889622e-04 5.335819e-02 2.702358e-02  2.633461e-02
 3.055132e-05 6.907406e-04 5.288187e-02 2.678630e-02  2.609556e-02
 3.140552e-05 6.925607e-04 5.240944e-02 2.655100e-02  2.585844e-02
 3.228361e-05 6.944234e-04 5.194086e-02 2.631764e-02  2.562322e-02
 3.318624e-05 6.963296e-04 5.147613e-02 2.608623e-02  2.538990e-02
 3.411412e-05 6.982804e-04 5.101519e-02 2.585674e-02  2.515846e-02
 3.506793e-05 7.002767e-04 5.055804e-02 2.562916e-02  2.492888e-02
 3.604842e-05 7.023198e-04 5.010464e-02 2.540348e-02  2.470116e-02
 3.705632e-05 7.044105e-04 4.965497e-02 2.517969e-02  2.447528e-02
 3.809240e-05 7.065502e-04 4.920901e-02 2.495778e-02  2.425123e-02
 3.915745e-05 7.087398e-04 4.876672e-02 2.473773e-02  2.402899e-02
 4.025227e-05 7.109805e-04 4.832808e-02 2.451953e-02  2.380855e-02
 4.137771e-05 7.132736e-04 4.789307e-02 2.430317e-02  2.358990e-02
 4.253462e-05 7.156202e-04 4.746166e-02 2.408864e-02  2.337302e-02
 4.372387e-05 7.180216e-04 4.703383e-02 2.387592e-02  2.315790e-02
 4.494637e-05 7.204790e-04 4.660955e-02 2.366501e-02  2.294453e-02
 4.620305e-05 7.229938e-04 4.618880e-02 2.345590e-02  2.273290e-02
 4.749487e-05 7.255673e-04 4.577155e-02 2.324856e-02  2.252299e-02
 4.882281e-05 7.282009e-04 4.535778e-02 2.304299e-02  2.231479e-02
 5.018787e-05 7.308958e-04 4.494747e-02 2.283918e-02  2.210829e-02
 5.159111e-05 7.336537e-04 4.454059e-02 2.263712e-02  2.190347e-02
 5.303357e-05 7.364758e-04 4.413712e-02 2.243680e-02  2.170032e-02
 5.451637e-05 7.393637e-04 4.373704e-02 2.223820e-02  2.149884e-02
 5.604063e-05 7.423190e-04 4.334032e-02 2.204132e-02  2.129900e-02
 5.760750e-05 7.453432e-04 4.294694e-02 2.184614e-02  2.110080e-02
 5.921818e-05 7.484378e-04 4.255687e-02 2.165266e-02  2.090422e-02
 6.087390e-05 7.516046e-04 4.217010e-02 2.146085e-02  2.070925e-02
 6.257591e-05 7.548451e-04 4.178661e-02 2.127073e-02  2.051588e-02
 6.432551e-05 7.581612e-04 4.140637e-02 2.108226e-02  2.032410e-02
 6.612403e-05 7.615545e-04 4.102935e-02 2.089545e-02  2.013390e-02
 6.797283e-05 7.650268e-04 4.065554e-02 2.071028e-02  1.994526e-02
 6.987332e-05 7.685800e-04 4.028492e-02 2.052675e-02  1.975817e-02
 7.182695e-05 7.722159e-04 3.991746e-02 2.034484e-02  1.957262e-02
 7.383520e-05 7.759365e-04 3.955315e-02 2.016454e-02  1.938860e-02
 7.589961e-05 7.797437e-04 3.919195e-02 1.998585e-02  1.920611e-02
 7.802173e-05 7.836395e-04 3.883386e-02 1.980875e-02  1.902511e-02
 8.020319e-05 7.876259e-04 3.847885e-02 1.963324e-02  1.884561e-02
 8.244563e-05 7.917051e-04 3.812691e-02 1.945931e-02  1.866760e-02
 8.475078e-05 7.958792e-04 3.777800e-02 1.928694e-02  1.849106e-02
 8.712038e-05 8.001505e-04 3.743211e-02 1.911613e-02  1.831598e-02
 8.955623e-05 8.045211e-04 3.708922e-02 1.894687e-02  1.814235e-02
 9.206019e-05 8.089933e-04 3.674932e-02 1.877916e-02  1.797016e-02
 9.463415e-05 8.135695e-04 3.641238e-02 1.861297e-02  1.779940e-02
 9.728009e-05 8.182522e-04 3.607838e-02 1.844831e-02  1.763006e-02
 1.000000e-04 8.230437e-04 3.574730e-02 1.828517e-02  1.746213e-02
 1.027960e-04 8.279466e-04 3.541913e-02 1.812354e-02  1.729559e-02
 1.056701e-04 8.329635e-04 3.509385e-02 1.796340e-02  1.713044e-02
 1.086246e-04 8.380970e-04 3.477143e-02 1.780476e-02  1.696667e-02
 1.116617e-04 8.433497e-04 3.445186e-02 1.764761e-02  1.680426e-02
 1.147837e-04 8.487246e-04 3.413513e-02 1.749193e-02  1.664320e-02
 1.179930e-04 8.542243e-04 3.382121e-02 1.733772e-02  1.648349e-02
 1.212920e-04 8.598518e-04 3.351008e-02 1.718497e-02  1.632512e-02
 1.246833e-04 8.656101e-04 3.320174e-02 1.703367e-02  1.616806e-02
 1.281694e-04 8.715021e-04 3.289615e-02 1.688383e-02  1.601233e-02
 1.317530e-04 8.775310e-04 3.259331e-02 1.673542e-02  1.585789e-02
 1.354368e-04 8.836999e-04 3.229320e-02 1.658845e-02  1.570475e-02
 1.392235e-04 8.900120e-04 3.199580e-02 1.644291e-02  1.555289e-02
 1.431161e-04 8.964707e-04 3.170110e-02 1.629878e-02  1.540231e-02
 1.471176e-04 9.030795e-04 3.140907e-02 1.615607e-02  1.525299e-02
 1.512310e-04 9.098416e-04 3.111970e-02 1.601477e-02  1.510493e-02
 1.554593e-04 9.167608e-04 3.083298e-02 1.587487e-02  1.495811e-02
 1.598059e-04 9.238405e-04 3.054890e-02 1.573637e-02  1.481253e-02
 1.642740e-04 9.310847e-04 3.026743e-02 1.559926e-02  1.466817e-02
 1.688670e-04 9.384970e-04 2.998855e-02 1.546353e-02  1.452503e-02
 1.735885e-04 9.460813e-04 2.971227e-02 1.532917e-02  1.438309e-02
 1.784420e-04 9.538417e-04 2.943855e-02 1.519620e-02  1.424236e-02
 1.834311e-04 9.617822e-04 2.916739e-02 1.506459e-02  1.410281e-02
 1.885598e-04 9.699070e-04 2.889878e-02 1.493434e-02  1.396443e-02
 1.938319e-04 9.782204e-04 2.863269e-02 1.480545e-02  1.382723e-02
 1.992513e-04 9.867267e-04 2.836911e-02 1.467792e-02  1.369119e-02
 2.048223e-04 9.954304e-04 2.810803e-02 1.455173e-02  1.355630e-02
 2.105491e-04 1.004336e-03 2.784944e-02 1.442689e-02  1.342255e-02
 2.164359e-04 1.013448e-03 2.759332e-02 1.430339e-02  1.328994e-02
 2.224874e-04 1.022772e-03 2.733967e-02 1.418122e-02  1.315845e-02
 2.287080e-04 1.032312e-03 2.708846e-02 1.406039e-02  1.302807e-02
 2.351026e-04 1.042074e-03 2.683968e-02 1.394088e-02  1.289880e-02
 2.416760e-04 1.052062e-03 2.659333e-02 1.382270e-02  1.277063e-02
 2.484332e-04 1.062282e-03 2.634939e-02 1.370583e-02  1.264355e-02
 2.553793e-04 1.072739e-03 2.610784e-02 1.359029e-02  1.251755e-02
 2.625196e-04 1.083439e-03 2.586868e-02 1.347606e-02  1.239262e-02
 2.698595e-04 1.094387e-03 2.563190e-02 1.336314e-02  1.226876e-02
 2.774047e-04 1.105589e-03 2.539748e-02 1.325154e-02  1.214595e-02
 2.851608e-04 1.117051e-03 2.516542e-02 1.314123e-02  1.202418e-02
 2.931338e-04 1.128779e-03 2.493569e-02 1.303224e-02  1.190346e-02
 3.013297e-04 1.140780e-03 2.470830e-02 1.292454e-02  1.178376e-02
 3.097547e-04 1.153059e-03 2.448323e-02 1.281814e-02  1.166509e-02
 3.184154e-04 1.165623e-03 2.426047e-02 1.271305e-02  1.154742e-02
 3.273181e-04 1.178478e-03 2.404002e-02 1.260925e-02  1.143077e-02
 3.364698e-04 1.191632e-03 2.382185e-02 1.250674e-02  1.131511e-02
 3.458774e-04 1.205092e-03 2.360597e-02 1.240553e-02  1.120044e-02
 3.555480e-04 1.218864e-03 2.339236e-02 1.230561e-02  1.108675e-02
 3.654890e-04 1.232956e-03 2.318102e-02 1.220699e-02  1.097403e-02
 3.757079e-04 1.247375e-03 2.297194e-02 1.210966e-02  1.086228e-02
 3.862125e-04 1.262130e-03 2.276511e-02 1.201362e-02  1.075149e-02
 3.970109e-04 1.277227e-03 2.256052e-02 1.191887e-02  1.064165e-02
 4.081111e-04 1.292675e-03 2.235816e-02 1.182542e-02  1.053274e-02
 4.195218e-04 1.308481e-03 2.215803e-02 1.173326e-02  1.042477e-02
 4.312514e-04 1.324656e-03 2.196012e-02 1.164239e-02  1.031773e-02
 4.433090e-04 1.341206e-03 2.176442e-02 1.155281e-02  1.021161e-02
 4.557038e-04 1.358141e-03 2.157093e-02 1.146454e-02  1.010640e-02
 4.684451e-04 1.375469e-03 2.137965e-02 1.137756e-02  1.000209e-02
 4.815426e-04 1.393201e-03 2.119055e-02 1.129188e-02  9.898676e-03
 4.950064e-04 1.411345e-03 2.100365e-02 1.120750e-02  9.796152e-03
 5.088465e-04 1.429911e-03 2.081893e-02 1.112442e-02  9.694510e-03
 5.230737e-04 1.448909e-03 2.063639e-02 1.104265e-02  9.593742e-03
 5.376986e-04 1.468350e-03 2.045603e-02 1.096219e-02  9.493840e-03
 5.527325e-04 1.488243e-03 2.027784e-02 1.088304e-02  9.394798e-03
 5.681866e-04 1.508599e-03 2.010182e-02 1.080521e-02  9.296609e-03
 5.840729e-04 1.529429e-03 1.992796e-02 1.072869e-02  9.199264e-03
 6.004034e-04 1.550745e-03 1.975626e-02 1.065350e-02  9.102758e-03
 6.171904e-04 1.572557e-03 1.958672e-02 1.057964e-02  9.007083e-03
 6.344468e-04 1.594878e-03 1.941934e-02 1.050711e-02  8.912232e-03
 6.521857e-04 1.617719e-03 1.925412e-02 1.043592e-02  8.818198e-03
 6.704205e-04 1.641093e-03 1.909104e-02 1.036607e-02  8.724975e-03
 6.891652e-04 1.665012e-03 1.893012e-02 1.029757e-02  8.632555e-03
 7.084340e-04 1.689489e-03 1.877135e-02 1.023042e-02  8.540931e-03
 7.282415e-04 1.714537e-03 1.861473e-02 1.016463e-02  8.450097e-03
 7.486029e-04 1.740170e-03 1.846026e-02 1.010022e-02  8.360046e-03
 7.695335e-04 1.766403e-03 1.830795e-02 1.003717e-02  8.270771e-03
 7.910494e-04 1.793248e-03 1.815778e-02 9.975514e-03  8.182267e-03
 8.131668e-04 1.820720e-03 1.800977e-02 9.915245e-03  8.094525e-03
 8.359026e-04 1.848835e-03 1.786391e-02 9.856374e-03  8.007540e-03
 8.592741e-04 1.877607e-03 1.772022e-02 9.798912e-03  7.921304e-03
 8.832991e-04 1.907053e-03 1.757868e-02 9.742866e-03  7.835813e-03
 9.079958e-04 1.937188e-03 1.743930e-02 9.688246e-03  7.751058e-03
 9.333830e-04 1.968029e-03 1.730210e-02 9.635063e-03  7.667035e-03
 9.594800e-04 1.999592e-03 1.716706e-02 9.583327e-03  7.583735e-03
 9.863067e-04 2.031895e-03 1.703420e-02 9.533049e-03  7.501154e-03
 1.013883e-03 2.064955e-03 1.690353e-02 9.484240e-03  7.419285e-03
 1.042231e-03 2.098791e-03 1.677503e-02 9.436913e-03  7.338121e-03
 1.071372e-03 2.133421e-03 1.664874e-02 9.391079e-03  7.257657e-03
 1.101327e-03 2.168865e-03 1.652464e-02 9.346751e-03  7.177887e-03
 1.132119e-03 2.205140e-03 1.640275e-02 9.303944e-03  7.098803e-03
 1.163773e-03 2.242269e-03 1.628307e-02 9.262670e-03  7.020401e-03
 1.196312e-03 2.280270e-03 1.616562e-02 9.222944e-03  6.942674e-03
 1.229760e-03 2.319165e-03 1.605040e-02 9.184782e-03  6.865616e-03
 1.264144e-03 2.358976e-03 1.593742e-02 9.148199e-03  6.789222e-03
 1.299489e-03 2.399725e-03 1.582670e-02 9.113210e-03  6.713485e-03
 1.335822e-03 2.441433e-03 1.571823e-02 9.079834e-03  6.638400e-03
 1.373171e-03 2.484125e-03 1.561205e-02 9.048086e-03  6.563961e-03
 1.411564e-03 2.527824e-03 1.550815e-02 9.017986e-03  6.490162e-03
 1.451031e-03 2.572554e-03 1.540655e-02 8.989552e-03  6.416998e-03
 1.491601e-03 2.618340e-03 1.530726e-02 8.962802e-03  6.344462e-03
 1.533306e-03 2.665209e-03 1.521031e-02 8.937758e-03  6.272550e-03
 1.576176e-03 2.713185e-03 1.511569e-02 8.914439e-03  6.201255e-03
 1.620246e-03 2.762296e-03 1.502344e-02 8.892868e-03  6.130572e-03
 1.665547e-03 2.812569e-03 1.493356e-02 8.873065e-03  6.060495e-03
 1.712115e-03 2.864034e-03 1.484607e-02 8.855054e-03  5.991020e-03
 1.759985e-03 2.916717e-03 1.476100e-02 8.838858e-03  5.922141e-03
 1.809194e-03 2.970650e-03 1.467835e-02 8.824502e-03  5.853852e-03
 1.859778e-03 3.025863e-03 1.459816e-02 8.812011e-03  5.786148e-03
 1.911777e-03 3.082386e-03 1.452043e-02 8.801410e-03  5.719024e-03
 1.965229e-03 3.140253e-03 1.444520e-02 8.792726e-03  5.652474e-03
 2.020176e-03 3.199494e-03 1.437248e-02 8.785988e-03  5.586493e-03
 2.076659e-03 3.260145e-03 1.430230e-02 8.781222e-03  5.521077e-03
 2.134722e-03 3.322240e-03 1.423468e-02 8.778460e-03  5.456220e-03
 2.194408e-03 3.385813e-03 1.416965e-02 8.777730e-03  5.391917e-03
 2.255763e-03 3.450901e-03 1.410723e-02 8.779064e-03  5.328162e-03
 2.318833e-03 3.517542e-03 1.404745e-02 8.782494e-03  5.264952e-03
 2.383667e-03 3.585772e-03 1.399033e-02 8.788053e-03  5.202281e-03
 2.450313e-03 3.655632e-03 1.393592e-02 8.795776e-03  5.140144e-03
 2.518823e-03 3.727161e-03 1.388423e-02 8.805697e-03  5.078536e-03
 2.589248e-03 3.800399e-03 1.383531e-02 8.817853e-03  5.017453e-03
 2.661642e-03 3.875390e-03 1.378917e-02 8.832280e-03  4.956890e-03
 2.736061e-03 3.952176e-03 1.374586e-02 8.849017e-03  4.896841e-03
 2.812560e-03 4.030800e-03 1.370541e-02 8.868104e-03  4.837303e-03
 2.891198e-03 4.111309e-03 1.366785e-02 8.889580e-03  4.778271e-03
 2.972035e-03 4.193749e-03 1.363323e-02 8.913488e-03  4.719740e-03
 3.055132e-03 4.278166e-03 1.360158e-02 8.939871e-03  4.661705e-03
 3.140552e-03 4.364610e-03 1.357294e-02 8.968773e-03  4.604163e-03
 3.228361e-03 4.453130e-03 1.354735e-02 9.000238e-03  4.547108e-03
 3.318624e-03 4.543778e-03 1.352485e-02 9.034314e-03  4.490536e-03
 3.411412e-03 4.636606e-03 1.350549e-02 9.071049e-03  4.434443e-03
 3.506793e-03 4.731666e-03 1.348932e-02 9.110491e-03  4.378825e-03
 3.604842e-03 4.829015e-03 1.347637e-02 9.152692e-03  4.323677e-03
 3.705632e-03 4.928708e-03 1.346670e-02 9.197703e-03  4.268996e-03
 3.809240e-03 5.030803e-03 1.346035e-02 9.245578e-03  4.214776e-03
 3.915745e-03 5.135358e-03 1.345739e-02 9.296372e-03  4.161014e-03
 4.025227e-03 5.242434e-03 1.345784e-02 9.350139e-03  4.107705e-03
 4.137771e-03 5.352093e-03 1.346179e-02 9.406940e-03  4.054847e-03
 4.253462e-03 5.464398e-03 1.346926e-02 9.466832e-03  4.002433e-03
 4.372387e-03 5.579413e-03 1.348034e-02 9.529876e-03  3.950462e-03
 4.494637e-03 5.697205e-03 1.349506e-02 9.596134e-03  3.898929e-03
 4.620305e-03 5.817842e-03 1.351350e-02 9.665671e-03  3.847829e-03
 4.749487e-03 5.941392e-03 1.353571e-02 9.738552e-03  3.797160e-03
 4.882281e-03 6.067926e-03 1.356176e-02 9.814844e-03  3.746917e-03
 5.018787e-03 6.197518e-03 1.359171e-02 9.894615e-03  3.697098e-03
 5.159111e-03 6.330240e-03 1.362563e-02 9.977937e-03  3.647697e-03
 5.303357e-03 6.466169e-03 1.366359e-02 1.006488e-02  3.598712e-03
 5.451637e-03 6.605382e-03 1.370566e-02 1.015552e-02  3.550138e-03
 5.604063e-03 6.747957e-03 1.375190e-02 1.024993e-02  3.501974e-03
 5.760750e-03 6.893977e-03 1.380240e-02 1.034819e-02  3.454214e-03
 5.921818e-03 7.043522e-03 1.385723e-02 1.045038e-02  3.406856e-03
 6.087390e-03 7.196677e-03 1.391647e-02 1.055657e-02  3.359897e-03
 6.257591e-03 7.353528e-03 1.398019e-02 1.066686e-02  3.313332e-03
 6.432551e-03 7.514163e-03 1.404848e-02 1.078132e-02  3.267160e-03
 6.612403e-03 7.678671e-03 1.412142e-02 1.090005e-02  3.221376e-03
 6.797283e-03 7.847142e-03 1.419910e-02 1.102312e-02  3.175978e-03
 6.987332e-03 8.019670e-03 1.428159e-02 1.115063e-02  3.130962e-03
 7.182695e-03 8.196350e-03 1.436900e-02 1.128268e-02  3.086325e-03
 7.383520e-03 8.377277e-03 1.446141e-02 1.141934e-02  3.042065e-03
 7.589961e-03 8.562550e-03 1.455891e-02 1.156073e-02  2.998179e-03
 7.802173e-03 8.752269e-03 1.466160e-02 1.170693e-02  2.954663e-03
 8.020319e-03 8.946535e-03 1.476957e-02 1.185805e-02  2.911515e-03
 8.244563e-03 9.145450e-03 1.488292e-02 1.201418e-02  2.868733e-03
 8.475078e-03 9.349121e-03 1.500175e-02 1.217543e-02  2.826313e-03
 8.712038e-03 9.557654e-03 1.512616e-02 1.234191e-02  2.784253e-03
 8.955623e-03 9.771156e-03 1.525626e-02 1.251371e-02  2.742550e-03
 9.206019e-03 9.989738e-03 1.539214e-02 1.269094e-02  2.701202e-03
 9.463415e-03 1.021351e-02 1.553392e-02 1.287372e-02  2.660206e-03
 9.728009e-03 1.044259e-02 1.568170e-02 1.306214e-02  2.619560e-03
 1.000000e-02 1.067708e-02 1.583560e-02 1.325634e-02  2.579261e-03
 1.027960e-02 1.091710e-02 1.599572e-02 1.345641e-02  2.539308e-03
 1.056701e-02 1.116278e-02 1.616217e-02 1.366248e-02  2.499698e-03
 1.086246e-02 1.141422e-02 1.633508e-02 1.387465e-02  2.460429e-03
 1.116617e-02 1.167155e-02 1.651454e-02 1.409305e-02  2.421498e-03
 1.147837e-02 1.193488e-02 1.670069e-02 1.431779e-02  2.382904e-03
 1.179930e-02 1.220435e-02 1.689364e-02 1.454899e-02  2.344645e-03
 1.212920e-02 1.248007e-02 1.709350e-02 1.478678e-02  2.306718e-03
 1.246833e-02 1.276216e-02 1.730040e-02 1.503128e-02  2.269123e-03
 1.281694e-02 1.305076e-02 1.751447e-02 1.528261e-02  2.231856e-03
 1.317530e-02 1.334598e-02 1.773582e-02 1.554090e-02  2.194917e-03
 1.354368e-02 1.364797e-02 1.796457e-02 1.580627e-02  2.158303e-03
 1.392235e-02 1.395684e-02 1.820087e-02 1.607885e-02  2.122013e-03
 1.431161e-02 1.427273e-02 1.844482e-02 1.635878e-02  2.086045e-03
 1.471176e-02 1.459577e-02 1.869657e-02 1.664617e-02  2.050398e-03
 1.512310e-02 1.492610e-02 1.895624e-02 1.694117e-02  2.015071e-03
 1.554593e-02 1.526384e-02 1.922396e-02 1.724390e-02  1.980061e-03
 1.598059e-02 1.560914e-02 1.949988e-02 1.755451e-02  1.945368e-03
 1.642740e-02 1.596214e-02 1.978412e-02 1.787313e-02  1.910990e-03
 1.688670e-02 1.632297e-02 2.007682e-02 1.819989e-02  1.876926e-03
 1.735885e-02 1.669177e-02 2.037812e-02 1.853495e-02  1.843175e-03
 1.784420e-02 1.706870e-02 2.068817e-02 1.887844e-02  1.809735e-03
 1.834311e-02 1.745391e-02 2.100712e-02 1.923052e-02  1.776606e-03
 1.885598e-02 1.784754e-02 2.133512e-02 1.959133e-02  1.743787e-03
 1.938319e-02 1.824976e-02 2.167232e-02 1.996104e-02  1.711276e-03
 1.992513e-02 1.866073e-02 2.201888e-02 2.033981e-02  1.679073e-03
 2.048223e-02 1.908063e-02 2.237498e-02 2.072781e-02  1.647177e-03
 2.105491e-02 1.950963e-02 2.274080e-02 2.112522e-02  1.615587e-03
 2.164359e-02 1.994792e-02 2.311653e-02 2.153222e-02  1.584302e-03
 2.224874e-02 2.039569e-02 2.350233e-02 2.194901e-02  1.553322e-03
 2.287080e-02 2.085312e-02 2.389841e-02 2.237577e-02  1.522646e-03
 2.351026e-02 2.132041e-02 2.430496e-02 2.281268e-02  1.492274e-03
 2.416760e-02 2.179773e-02 2.472214e-02 2.325994e-02  1.462205e-03
 2.484332e-02 2.228529e-02 2.515016e-02 2.371772e-02  1.432438e-03
 2.553793e-02 2.278325e-02 2.558920e-02 2.418623e-02  1.402973e-03
 2.625196e-02 2.329181e-02 2.603943e-02 2.466562e-02  1.373810e-03
 2.698595e-02 2.381115e-02 2.650104e-02 2.515610e-02  1.344948e-03
 2.774047e-02 2.434143e-02 2.697421e-02 2.565782e-02  1.316388e-03
 2.851608e-02 2.488284e-02 2.745909e-02 2.617097e-02  1.288129e-03
 2.931338e-02 2.543552e-02 2.795586e-02 2.669569e-02  1.260170e-03
 3.013297e-02 2.599964e-02 2.846467e-02 2.723216e-02  1.232512e-03
 3.097547e-02 2.657534e-02 2.898565e-02 2.778050e-02  1.205155e-03
 3.184154e-02 2.716274e-02 2.951894e-02 2.834084e-02  1.178099e-03
 3.273181e-02 2.776197e-02 3.006466e-02 2.891332e-02  1.151344e-03
 3.364698e-02 2.837315e-02 3.062292e-02 2.949803e-02  1.124889e-03
 3.458774e-02 2.899636e-02 3.119383e-02 3.009510e-02  1.098735e-03
 3.555480e-02 2.963172e-02 3.177749e-02 3.070461e-02  1.072883e-03
 3.654890e-02 3.027931e-02 3.237397e-02 3.132664e-02  1.047332e-03
 3.757079e-02 3.093920e-02 3.298337e-02 3.196128e-02  1.022083e-03
 3.862125e-02 3.161146e-02 3.360573e-02 3.260860e-02  9.971355e-04
 3.970109e-02 3.229614e-02 3.424112e-02 3.326863e-02  9.724908e-04
 4.081111e-02 3.299328e-02 3.488958e-02 3.394143e-02  9.481488e-04
 4.195218e-02 3.370291e-02 3.555113e-02 3.462702e-02  9.241100e-04
 4.312514e-02 3.442504e-02 3.622579e-02 3.532542e-02  9.003750e-04
 4.433090e-02 3.515967e-02 3.691355e-02 3.603661e-02  8.769442e-04
 4.557038e-02 3.590675e-02 3.761439e-02 3.676057e-02  8.538182e-04
 4.684451e-02 3.666625e-02 3.832824e-02 3.749725e-02  8.309976e-04
 4.815426e-02 3.743807e-02 3.905504e-02 3.824656e-02  8.084830e-04
 4.950064e-02 3.822212e-02 3.979467e-02 3.900840e-02  7.862750e-04
 5.088465e-02 3.901825e-02 4.054700e-02 3.978263e-02  7.643743e-04
 5.230737e-02 3.982629e-02 4.131186e-02 4.056907e-02  7.427816e-04
 5.376986e-02 4.064604e-02 4.208903e-02 4.136754e-02  7.214978e-04
 5.527325e-02 4.147725e-02 4.287829e-02 4.217777e-02  7.005234e-04
 5.681866e-02 4.231964e-02 4.367936e-02 4.299950e-02  6.798593e-04
 5.840729e-02 4.317290e-02 4.449191e-02 4.383240e-02  6.595063e-04
 6.004034e-02 4.403666e-02 4.531559e-02 4.467612e-02  6.394653e-04
 6.171904e-02 4.491051e-02 4.614998e-02 4.553024e-02  6.197370e-04
 6.344468e-02 4.579400e-02 4.699464e-02 4.639432e-02  6.003224e-04
 6.521857e-02 4.668661e-02 4.784906e-02 4.726783e-02  5.812223e-04
 6.704205e-02 4.758779e-02 4.871267e-02 4.815023e-02  5.624375e-04
 6.891652e-02 4.849692e-02 4.958486e-02 4.904089e-02  5.439690e-04
 7.084340e-02 4.941330e-02 5.046494e-02 4.993912e-02  5.258176e-04
 7.282415e-02 5.033620e-02 5.135217e-02 5.084418e-02  5.079843e-04
 7.486029e-02 5.126478e-02 5.224572e-02 5.175525e-02  4.904699e-04
 7.695335e-02 5.219817e-02 5.314472e-02 5.267145e-02  4.732753e-04
 7.910494e-02 5.313540e-02 5.404820e-02 5.359180e-02  4.564014e-04
 8.131668e-02 5.407541e-02 5.495511e-02 5.451526e-02  4.398490e-04
 8.359026e-02 5.501709e-02 5.586433e-02 5.544071e-02  4.236190e-04
 8.592741e-02 5.595922e-02 5.677464e-02 5.636693e-02  4.077122e-04
 8.832991e-02 5.690050e-02 5.768476e-02 5.729263e-02  3.921295e-04
 9.079958e-02 5.783953e-02 5.859327e-02 5.821640e-02  3.768714e-04
 9.333830e-02 5.877481e-02 5.949869e-02 5.913675e-02  3.619389e-04
 9.594800e-02 5.970476e-02 6.039943e-02 6.005209e-02  3.473326e-04
 9.863067e-02 6.062768e-02 6.129378e-02 6.096073e-02  3.330530e-04
 1.013883e-01 6.154175e-02 6.217995e-02 6.186085e-02  3.191009e-04
 1.042231e-01 6.244507e-02 6.305602e-02 6.275055e-02  3.054766e-04
 1.071372e-01 6.333561e-02 6.391997e-02 6.362779e-02  2.921806e-04
 1.101327e-01 6.421123e-02 6.476966e-02 6.449045e-02  2.792134e-04
 1.132119e-01 6.506968e-02 6.560283e-02 6.533625e-02  2.665751e-04
 1.163773e-01 6.590857e-02 6.641711e-02 6.616284e-02  2.542659e-04
 1.196312e-01 6.672543e-02 6.721000e-02 6.696772e-02  2.422860e-04
 1.229760e-01 6.751763e-02 6.797890e-02 6.774827e-02  2.306352e-04
 1.264144e-01 6.828245e-02 6.872108e-02 6.850176e-02  2.193135e-04
 1.299489e-01 6.901704e-02 6.943368e-02 6.922536e-02  2.083204e-04
 1.335822e-01 6.971843e-02 7.011374e-02 6.991609e-02  1.976556e-04
 1.373171e-01 7.038355e-02 7.075819e-02 7.057087e-02  1.873184e-04
 1.411564e-01 7.100921e-02 7.136382e-02 7.118651e-02  1.773080e-04
 1.451031e-01 7.159211e-02 7.192735e-02 7.175973e-02  1.676235e-04
 1.491601e-01 7.212886e-02 7.244539e-02 7.228713e-02  1.582637e-04
 1.533306e-01 7.261599e-02 7.291444e-02 7.276522e-02  1.492272e-04
 1.576176e-01 7.304992e-02 7.333094e-02 7.319043e-02  1.405125e-04
 1.620246e-01 7.342701e-02 7.369125e-02 7.355913e-02  1.321177e-04
 1.665547e-01 7.374358e-02 7.399166e-02 7.386762e-02  1.240406e-04
 1.712115e-01 7.399588e-02 7.422844e-02 7.411216e-02  1.162791e-04
 1.759985e-01 7.418015e-02 7.439781e-02 7.428898e-02  1.088303e-04
 1.809194e-01 7.429260e-02 7.449599e-02 7.439429e-02  1.016915e-04
 1.859778e-01 7.432948e-02 7.451920e-02 7.442434e-02  9.485946e-05
 1.911777e-01 7.428705e-02 7.446371e-02 7.437538e-02  8.833058e-05
 1.965229e-01 7.416165e-02 7.432585e-02 7.424375e-02  8.210106e-05
 2.020176e-01 7.394971e-02 7.410205e-02 7.402588e-02  7.616674e-05
 2.076659e-01 7.364777e-02 7.378881e-02 7.371829e-02  7.052309e-05
 2.134722e-01 7.325251e-02 7.338284e-02 7.331768e-02  6.516527e-05
 2.194408e-01 7.276083e-02 7.288100e-02 7.282092e-02  6.008808e-05
 2.255763e-01 7.216983e-02 7.228040e-02 7.222512e-02  5.528594e-05
 2.318833e-01 7.147691e-02 7.157842e-02 7.152766e-02  5.075297e-05
 2.383667e-01 7.067976e-02 7.077273e-02 7.072625e-02  4.648289e-05
 2.450313e-01 6.977645e-02 6.986139e-02 6.981892e-02  4.246910e-05
 2.518823e-01 6.876547e-02 6.884288e-02 6.880417e-02  3.870466e-05
 2.589248e-01 6.764573e-02 6.771609e-02 6.768091e-02  3.518229e-05
 2.661642e-01 6.641668e-02 6.648047e-02 6.644857e-02  3.189440e-05
 2.736061e-01 6.507833e-02 6.513600e-02 6.510716e-02  2.883310e-05
 2.812560e-01 6.363132e-02 6.368331e-02 6.365732e-02  2.599023e-05
 2.891198e-01 6.207698e-02 6.212369e-02 6.210034e-02  2.335737e-05
 2.972035e-01 6.041732e-02 6.045917e-02 6.043825e-02  2.092588e-05
 3.055132e-01 5.865514e-02 5.869251e-02 5.867382e-02  1.868691e-05
 3.140552e-01 5.679404e-02 5.682731e-02 5.681068e-02  1.663147e-05
 3.228361e-01 5.483853e-02 5.486803e-02 5.485328e-02  1.475044e-05
 3.318624e-01 5.279397e-02 5.282004e-02 5.280701e-02  1.303461e-05
 3.411412e-01 5.066668e-02 5.068963e-02 5.067815e-02  1.147474e-05
 3.506793e-01 4.846387e-02 4.848400e-02 4.847393e-02  1.006160e-05
 3.604842e-01 4.619371e-02 4.621128e-02 4.620249e-02  8.785978e-06
 3.705632e-01 4.386527e-02 4.388055e-02 4.387291e-02  7.638801e-06
 3.809240e-01 4.148857e-02 4.150179e-02 4.149518e-02  6.611118e-06
 3.915745e-01 3.907450e-02 3.908589e-02 3.908019e-02  5.694169e-06
 4.025227e-01 3.663476e-02 3.664452e-02 3.663964e-02  4.879427e-06
 4.137771e-01 3.418179e-02 3.419011e-02 3.418595e-02  4.158636e-06
 4.253462e-01 3.172868e-02 3.173573e-02 3.173220e-02  3.523852e-06
 4.372387e-01 2.928900e-02 2.929494e-02 2.929197e-02  2.967469e-06
 4.494637e-01 2.687675e-02 2.688171e-02 2.687923e-02  2.482252e-06
 4.620305e-01 2.450609e-02 2.451022e-02 2.450816e-02  2.061356e-06
 4.749487e-01 2.219126e-02 2.219465e-02 2.219296e-02  1.698340e-06
 4.882281e-01 1.994625e-02 1.994903e-02 1.994764e-02  1.387177e-06
 5.018787e-01 1.778468e-02 1.778692e-02 1.778580e-02  1.122257e-06
 5.159111e-01 1.571945e-02 1.572125e-02 1.572035e-02  8.983778e-07
 5.303357e-01 1.376254e-02 1.376396e-02 1.376325e-02  7.107403e-07
 5.451637e-01 1.192471e-02 1.192582e-02 1.192527e-02  5.549305e-07
 5.604063e-01 1.021528e-02 1.021614e-02 1.021571e-02  4.269015e-07
 5.760750e-01 8.641865e-03 8.642511e-03 8.642188e-03  3.229525e-07
 5.921818e-01 7.210127e-03 7.210606e-03 7.210367e-03  2.397071e-07
 6.087390e-01 5.923597e-03 5.923945e-03 5.923771e-03  1.740923e-07
 6.257591e-01 4.783507e-03 4.783753e-03 4.783630e-03  1.233197e-07
 6.432551e-01 3.788701e-03 3.788871e-03 3.788786e-03  8.486931e-08
 6.612403e-01 2.935572e-03 2.935685e-03 2.935628e-03  5.647812e-08
 6.797283e-01 2.218129e-03 2.218201e-03 2.218165e-03  3.613176e-08
 6.987332e-01 1.628124e-03 1.628168e-03 1.628146e-03  2.206007e-08
 7.182695e-01 1.155266e-03 1.155292e-03 1.155279e-03  1.273467e-08
 7.383520e-01 7.875386e-04 7.875523e-04 7.875455e-04  6.866656e-09
 7.589961e-01 5.116016e-04 5.116084e-04 5.116050e-04  3.402317e-09
 7.802173e-01 3.132825e-04 3.132855e-04 3.132840e-04  1.514188e-09
 8.020319e-01 1.781325e-04 1.781337e-04 1.781331e-04  5.855103e-10
 8.244563e-01 9.203214e-05 9.203251e-05 9.203233e-05  1.868477e-10
 8.475078e-01 4.181078e-05 4.181087e-05 4.181083e-05  4.511152e-11
 8.712038e-01 1.584182e-05 1.584183e-05 1.584183e-05  6.965085e-12
 8.955623e-01 4.558691e-06 4.558692e-06 4.558692e-06  4.520721e-13
 9.206019e-01 8.240190e-07 8.240190e-07 8.240190e-07  1.405153e-15
 9.463415e-01 5.713083e-08 5.713083e-08 5.713083e-08  1.058791e-22
 9.728009e-01 1.649713e-10 1.649713e-10 1.649713e-10  0.000000e+00