
 0.001997 -2.115498e-05 
 0.003993 -6.143759e-05 
 0.005989 -1.134938e-04 
 0.007985 -1.745524e-04 
 0.009981 -2.428278e-04 
 0.011977 -3.171045e-04 
 0.013973 -3.964505e-04 
 0.015969 -4.801276e-04 
 0.017965 -5.675259e-04 
 0.019961 -6.581288e-04 
 0.021957 -7.514891e-04 
 0.023953 -8.472114e-04 
 0.025949 -9.449419e-04 
 0.027945 -1.044360e-03 
 0.029941 -1.145174e-03 
 0.031937 -1.247117e-03 
 0.033933 -1.349944e-03 
 0.035929 -1.453430e-03 
 0.037925 -1.557365e-03 
 0.039921 -1.661558e-03 
 0.041917 -1.765828e-03 
 0.043913 -1.870008e-03 
 0.045909 -1.973942e-03 
 0.047905 -2.077485e-03 
 0.049901 -2.180500e-03 
 0.051897 -2.282861e-03 
 0.053893 -2.384449e-03 
 0.055889 -2.485154e-03 
 0.057885 -2.584873e-03 
 0.059881 -2.683512e-03 
 0.061877 -2.780984e-03 
 0.063873 -2.877210e-03 
 0.065869 -2.972118e-03 
 0.067865 -3.065645e-03 
 0.069861 -3.157735e-03 
 0.071857 -3.248334e-03 
 0.073853 -3.337395e-03 
 0.075849 -3.424871e-03 
 0.077845 -3.510715e-03 
 0.079841 -3.594887e-03 
 0.081837 -3.677348e-03 
 0.083833 -3.758062e-03 
 0.085829 -3.837001e-03 
 0.087825 -3.914141e-03 
 0.089821 -3.989462e-03 
 0.091817 -4.062948e-03 
 0.093813 -4.134586e-03 
 0.095809 -4.204366e-03 
 0.097805 -4.272278e-03 
 0.099801 -4.338316e-03 
 0.101797 -4.402475e-03 
 0.103793 -4.464750e-03 
 0.105789 -4.525138e-03 
 0.107785 -4.583637e-03 
 0.109781 -4.640244e-03 
 0.111777 -4.694960e-03 
 0.113773 -4.747789e-03 
 0.115769 -4.798735e-03 
 0.117765 -4.847808e-03 
 0.119761 -4.895019e-03 
 0.121757 -4.940382e-03 
 0.123753 -4.983908e-03 
 0.125749 -5.025613e-03 
 0.127745 -5.065507e-03 
 0.129741 -5.103604e-03 
 0.131737 -5.139917e-03 
 0.133733 -5.174459e-03 
 0.135729 -5.207246e-03 
 0.137725 -5.238294e-03 
 0.139721 -5.267622e-03 
 0.141717 -5.295251e-03 
 0.143713 -5.321205e-03 
 0.145709 -5.345513e-03 
 0.147705 -5.368207e-03 
 0.149701 -5.389322e-03 
 0.151697 -5.408893e-03 
 0.153693 -5.426951e-03 
 0.155689 -5.443520e-03 
 0.157685 -5.458617e-03 
 0.159681 -5.472255e-03 
 0.161677 -5.484444e-03 
 0.163673 -5.495197e-03 
 0.165669 -5.504531e-03 
 0.167666 -5.512467e-03 
 0.169662 -5.519031e-03 
 0.171658 -5.524249e-03 
 0.173654 -5.528148e-03 
 0.175650 -5.530755e-03 
 0.177646 -5.532092e-03 
 0.179642 -5.532180e-03 
 0.181638 -5.531040e-03 
 0.183634 -5.528693e-03 
 0.185630 -5.525158e-03 
 0.187626 -5.520457e-03 
 0.189622 -5.514610e-03 
 0.191618 -5.507640e-03 
 0.193614 -5.499567e-03 
 0.195610 -5.490416e-03 
 0.197606 -5.480208e-03 
 0.199602 -5.468967e-03 
 0.201598 -5.456718e-03 
 0.203594 -5.443485e-03 
 0.205590 -5.429295e-03 
 0.207586 -5.414176e-03 
 0.209582 -5.398156e-03 
 0.211578 -5.381263e-03 
 0.213574 -5.363519e-03 
 0.215570 -5.344941e-03 
 0.217566 -5.325537e-03 
 0.219562 -5.305317e-03 
 0.221558 -5.284287e-03 
 0.223554 -5.262462e-03 
 0.225550 -5.239871e-03 
 0.227546 -5.216555e-03 
 0.229542 -5.192565e-03 
 0.231538 -5.167952e-03 
 0.233534 -5.142762e-03 
 0.235530 -5.117025e-03 
 0.237526 -5.090755e-03 
 0.239522 -5.063953e-03 
 0.241518 -5.036612e-03 
 0.243514 -5.008727e-03 
 0.245510 -4.980297e-03 
 0.247506 -4.951331e-03 
 0.249502 -4.921842e-03 
 0.251498 -4.891849e-03 
 0.253494 -4.861374e-03 
 0.255490 -4.830441e-03 
 0.257486 -4.799072e-03 
 0.259482 -4.767293e-03 
 0.261478 -4.735126e-03 
 0.263474 -4.702591e-03 
 0.265470 -4.669704e-03 
 0.267466 -4.636477e-03 
 0.269462 -4.602918e-03 
 0.271458 -4.569035e-03 
 0.273454 -4.534837e-03 
 0.275450 -4.500339e-03 
 0.277446 -4.465559e-03 
 0.279442 -4.430521e-03 
 0.281438 -4.395247e-03 
 0.283434 -4.359761e-03 
 0.285430 -4.324077e-03 
 0.287426 -4.288205e-03 
 0.289422 -4.252151e-03 
 0.291418 -4.215918e-03 
 0.293414 -4.179507e-03 
 0.295410 -4.142925e-03 
 0.297406 -4.106181e-03 
 0.299402 -4.069286e-03 
 0.301398 -4.032256e-03 
 0.303394 -3.995105e-03 
 0.305390 -3.957851e-03 
 0.307386 -3.920511e-03 
 0.309382 -3.883103e-03 
 0.311378 -3.845644e-03 
 0.313374 -3.808151e-03 
 0.315370 -3.770638e-03 
 0.317366 -3.733118e-03 
 0.319362 -3.695600e-03 
 0.321358 -3.658093e-03 
 0.323354 -3.620604e-03 
 0.325350 -3.583137e-03 
 0.327346 -3.545694e-03 
 0.329342 -3.508276e-03 
 0.331338 -3.470885e-03 
 0.333334 -3.433525e-03 
 0.335330 -3.396203e-03 
 0.337326 -3.358930e-03 
 0.339322 -3.321723e-03 
 0.341318 -3.284597e-03 
 0.343314 -3.247569e-03 
 0.345310 -3.210650e-03 
 0.347306 -3.173847e-03 
 0.349302 -3.137164e-03 
 0.351298 -3.100601e-03 
 0.353294 -3.064159e-03 
 0.355290 -3.027837e-03 
 0.357286 -2.991638e-03 
 0.359282 -2.955562e-03 
 0.361278 -2.919612e-03 
 0.363274 -2.883794e-03 
 0.365270 -2.848116e-03 
 0.367266 -2.812585e-03 
 0.369262 -2.777215e-03 
 0.371258 -2.742016e-03 
 0.373254 -2.707000e-03 
 0.375250 -2.672176e-03 
 0.377246 -2.637548e-03 
 0.379242 -2.603122e-03 
 0.381238 -2.568899e-03 
 0.383234 -2.534880e-03 
 0.385230 -2.501065e-03 
 0.387226 -2.467456e-03 
 0.389222 -2.434055e-03 
 0.391218 -2.400865e-03 
 0.393214 -2.367888e-03 
 0.395210 -2.335133e-03 
 0.397206 -2.302608e-03 
 0.399202 -2.270322e-03 
 0.401198 -2.238288e-03 
 0.403194 -2.206511e-03 
 0.405190 -2.174996e-03 
 0.407186 -2.143740e-03 
 0.409182 -2.112734e-03 
 0.411178 -2.081971e-03 
 0.413174 -2.051444e-03 
 0.415170 -2.021150e-03 
 0.417166 -1.991097e-03 
 0.419162 -1.961295e-03 
 0.421158 -1.931757e-03 
 0.423154 -1.902494e-03 
 0.425150 -1.873510e-03 
 0.427146 -1.844803e-03 
 0.429142 -1.816361e-03 
 0.431138 -1.788173e-03 
 0.433134 -1.760224e-03 
 0.435130 -1.732510e-03 
 0.437126 -1.705032e-03 
 0.439122 -1.677796e-03 
 0.441118 -1.650814e-03 
 0.443114 -1.624097e-03 
 0.445110 -1.597653e-03 
 0.447106 -1.571484e-03 
 0.449102 -1.545589e-03 
 0.451098 -1.519965e-03 
 0.453094 -1.494607e-03 
 0.455090 -1.469511e-03 
 0.457086 -1.444673e-03 
 0.459082 -1.420091e-03 
 0.461078 -1.395764e-03 
 0.463074 -1.371694e-03 
 0.465070 -1.347881e-03 
 0.467066 -1.324329e-03 
 0.469062 -1.301043e-03 
 0.471058 -1.278026e-03 
 0.473054 -1.255282e-03 
 0.475050 -1.232812e-03 
 0.477046 -1.210618e-03 
 0.479042 -1.188695e-03 
 0.481038 -1.167039e-03 
 0.483034 -1.145648e-03 
 0.485030 -1.124516e-03 
 0.487026 -1.103642e-03 
 0.489022 -1.083021e-03 
 0.491018 -1.062653e-03 
 0.493014 -1.042539e-03 
 0.495010 -1.022678e-03 
 0.497006 -1.003074e-03 
 0.499002 -9.837309e-04 
 0.500999 -9.646522e-04 
 0.502995 -9.458410e-04 
 0.504991 -9.272973e-04 
 0.506987 -9.090180e-04 
 0.508983 -8.909975e-04 
 0.510979 -8.732288e-04 
 0.512975 -8.557048e-04 
 0.514971 -8.384213e-04 
 0.516967 -8.213767e-04 
 0.518963 -8.045722e-04 
 0.520959 -7.880105e-04 
 0.522955 -7.716945e-04 
 0.524951 -7.556258e-04 
 0.526947 -7.398038e-04 
 0.528943 -7.242265e-04 
 0.530939 -7.088905e-04 
 0.532935 -6.937920e-04 
 0.534931 -6.789281e-04 
 0.536927 -6.642970e-04 
 0.538923 -6.498977e-04 
 0.540919 -6.357294e-04 
 0.542915 -6.217912e-04 
 0.544911 -6.080806e-04 
 0.546907 -5.945937e-04 
 0.548903 -5.813252e-04 
 0.550899 -5.682693e-04 
 0.552895 -5.554208e-04 
 0.554891 -5.427769e-04 
 0.556887 -5.303371e-04 
 0.558883 -5.181032e-04 
 0.560879 -5.060782e-04 
 0.562875 -4.942649e-04 
 0.564871 -4.826640e-04 
 0.566867 -4.712736e-04 
 0.568863 -4.600897e-04 
 0.570859 -4.491065e-04 
 0.572855 -4.383183e-04 
 0.574851 -4.277209e-04 
 0.576847 -4.173118e-04 
 0.578843 -4.070906e-04 
 0.580839 -3.970576e-04 
 0.582835 -3.872132e-04 
 0.584831 -3.775564e-04 
 0.586827 -3.680842e-04 
 0.588823 -3.587921e-04 
 0.590819 -3.496749e-04 
 0.592815 -3.407276e-04 
 0.594811 -3.319469e-04 
 0.596807 -3.233322e-04 
 0.598803 -3.148847e-04 
 0.600799 -3.066067e-04 
 0.602795 -2.985005e-04 
 0.604791 -2.905665e-04 
 0.606787 -2.828026e-04 
 0.608783 -2.752045e-04 
 0.610779 -2.677667e-04 
 0.612775 -2.604831e-04 
 0.614771 -2.533488e-04 
 0.616767 -2.463609e-04 
 0.618763 -2.395176e-04 
 0.620759 -2.328185e-04 
 0.622755 -2.262636e-04 
 0.624751 -2.198528e-04 
 0.626747 -2.135852e-04 
 0.628743 -2.074591e-04 
 0.630739 -2.014728e-04 
 0.632735 -1.956237e-04 
 0.634731 -1.899094e-04 
 0.636727 -1.843273e-04 
 0.638723 -1.788748e-04 
 0.640719 -1.735493e-04 
 0.642715 -1.683481e-04 
 0.644711 -1.632689e-04 
 0.646707 -1.583093e-04 
 0.648703 -1.534675e-04 
 0.650699 -1.487415e-04 
 0.652695 -1.441294e-04 
 0.654691 -1.396295e-04 
 0.656687 -1.352402e-04 
 0.658683 -1.309595e-04 
 0.660679 -1.267857e-04 
 0.662675 -1.227171e-04 
 0.664671 -1.187518e-04 
 0.666667 -1.148877e-04 
 0.668663 -1.111227e-04 
 0.670659 -1.074548e-04 
 0.672655 -1.038819e-04 
 0.674651 -1.004022e-04 
 0.676647 -9.701405e-05 
 0.678643 -9.371594e-05 
 0.680639 -9.050658e-05 
 0.682635 -8.738471e-05 
 0.684631 -8.434895e-05 
 0.686627 -8.139778e-05 
 0.688623 -7.852954e-05 
 0.690619 -7.574250e-05 
 0.692615 -7.303486e-05 
 0.694611 -7.040493e-05 
 0.696607 -6.785108e-05 
 0.698603 -6.537181e-05 
 0.700599 -6.296566e-05 
 0.702595 -6.063121e-05 
 0.704591 -5.836697e-05 
 0.706587 -5.617135e-05 
 0.708583 -5.404270e-05 
 0.710579 -5.197931e-05 
 0.712575 -4.997947e-05 
 0.714571 -4.804149e-05 
 0.716567 -4.616376e-05 
 0.718563 -4.434475e-05 
 0.720559 -4.258297e-05 
 0.722555 -4.087703e-05 
 0.724551 -3.922556e-05 
 0.726547 -3.762727e-05 
 0.728543 -3.608093e-05 
 0.730539 -3.458534e-05 
 0.732535 -3.313938e-05 
 0.734531 -3.174196e-05 
 0.736527 -3.039205e-05 
 0.738523 -2.908865e-05 
 0.740519 -2.783078e-05 
 0.742515 -2.661746e-05 
 0.744511 -2.544768e-05 
 0.746507 -2.432033e-05 
 0.748503 -2.323426e-05 
 0.750499 -2.218825e-05 
 0.752495 -2.118108e-05 
 0.754491 -2.021152e-05 
 0.756487 -1.927834e-05 
 0.758483 -1.838035e-05 
 0.760479 -1.751640e-05 
 0.762475 -1.668537e-05 
 0.764471 -1.588626e-05 
 0.766467 -1.511813e-05 
 0.768463 -1.438017e-05 
 0.770459 -1.367160e-05 
 0.772455 -1.299167e-05 
 0.774451 -1.233962e-05 
 0.776447 -1.171457e-05 
 0.778443 -1.111561e-05 
 0.780439 -1.054178e-05 
 0.782435 -9.992125e-06 
 0.784431 -9.465745e-06 
 0.786427 -8.961835e-06 
 0.788423 -8.479673e-06 
 0.790419 -8.018605e-06 
 0.792415 -7.578013e-06 
 0.794411 -7.157268e-06 
 0.796407 -6.755705e-06 
 0.798403 -6.372631e-06 
 0.800399 -6.007335e-06 
 0.802395 -5.659119e-06 
 0.804391 -5.327331e-06 
 0.806387 -5.011398e-06 
 0.808383 -4.710807e-06 
 0.810379 -4.425094e-06 
 0.812375 -4.153817e-06 
 0.814371 -3.896510e-06 
 0.816367 -3.652655e-06 
 0.818363 -3.421696e-06 
 0.820359 -3.203041e-06 
 0.822355 -2.996092e-06 
 0.824351 -2.800275e-06 
 0.826347 -2.615062e-06 
 0.828343 -2.439968e-06 
 0.830339 -2.274544e-06 
 0.832335 -2.118377e-06 
 0.834332 -1.971070e-06 
 0.836328 -1.832240e-06 
 0.838324 -1.701517e-06 
 0.840320 -1.578542e-06 
 0.842316 -1.462964e-06 
 0.844312 -1.354448e-06 
 0.846308 -1.252663e-06 
 0.848304 -1.157290e-06 
 0.850300 -1.068019e-06 
 0.852296 -9.845468e-07 
 0.854292 -9.065788e-07 
 0.856288 -8.338258e-07 
 0.858284 -7.660057e-07 
 0.860280 -7.028440e-07 
 0.862276 -6.440751e-07 
 0.864272 -5.894448e-07 
 0.866268 -5.387118e-07 
 0.868264 -4.916473e-07 
 0.870260 -4.480346e-07 
 0.872256 -4.076681e-07 
 0.874252 -3.703524e-07 
 0.876248 -3.359011e-07 
 0.878244 -3.041369e-07 
 0.880240 -2.748912e-07 
 0.882236 -2.480039e-07 
 0.884232 -2.233230e-07 
 0.886228 -2.007048e-07 
 0.888224 -1.800131e-07 
 0.890220 -1.611191e-07 
 0.892216 -1.439002e-07 
 0.894212 -1.282396e-07 
 0.896208 -1.140248e-07 
 0.898204 -1.011481e-07 
 0.900200 -8.950644e-08 
 0.902196 -7.900201e-08 
 0.904192 -6.954295e-08 
 0.906188 -6.104388e-08 
 0.908184 -5.342556e-08 
 0.910180 -4.661458e-08 
 0.912176 -4.054273e-08 
 0.914172 -3.514615e-08 
 0.916168 -3.036456e-08 
 0.918164 -2.614124e-08 
 0.920160 -2.242293e-08 
 0.922156 -1.915985e-08 
 0.924152 -1.630571e-08 
 0.926148 -1.381774e-08 
 0.928144 -1.165658e-08 
 0.930140 -9.786137e-09 
 0.932136 -8.173513e-09 
 0.934132 -6.788830e-09 
 0.936128 -5.605102e-09 
 0.938124 -4.598083e-09 
 0.940120 -3.746088e-09 
 0.942116 -3.029737e-09 
 0.944112 -2.431567e-09 
 0.946108 -1.935687e-09 
 0.948104 -1.527722e-09 
 0.950100 -1.194751e-09 
 0.952096 -9.252475e-10 
 0.954092 -7.090154e-10 
 0.956088 -5.371201e-10 
 0.958084 -4.018200e-10 
 0.960080 -2.964886e-10 
 0.962076 -2.155096e-10 
 0.964072 -1.541218e-10 
 0.966068 -1.082767e-10 
 0.968064 -7.459076e-11 
 0.970060 -5.029281e-11 
 0.972056 -3.315524e-11 
 0.974052 -2.138807e-11 
 0.976048 -1.354211e-11 
 0.978044 -8.479715e-12 
 0.980040 -5.343317e-12 
 0.982036 -3.511595e-12 
 0.984032 -2.527344e-12 
 0.986028 -2.033117e-12 
 0.988024 -1.762473e-12 
 0.990020 -1.533535e-12 
 0.992016 -1.245151e-12 
 0.994012 -8.756603e-13 
 0.996008 -4.773616e-13 
 0.998004 -1.516312e-13 