
 1.000000e-06 -2.986994e-04 1.514414e-01 7.557134e-02  7.587004e-02
 1.027960e-06 -2.987513e-04 1.502089e-01 7.495510e-02  7.525385e-02
 1.056701e-06 -2.988044e-04 1.489855e-01 7.434337e-02  7.464217e-02
 1.086246e-06 -2.988588e-04 1.477711e-01 7.373612e-02  7.403498e-02
 1.116617e-06 -2.989145e-04 1.465656e-01 7.313333e-02  7.343224e-02
 1.147837e-06 -2.989716e-04 1.453689e-01 7.253496e-02  7.283393e-02
 1.179930e-06 -2.990299e-04 1.441810e-01 7.194099e-02  7.224002e-02
 1.212920e-06 -2.990897e-04 1.430019e-01 7.135139e-02  7.165048e-02
 1.246833e-06 -2.991509e-04 1.418314e-01 7.076612e-02  7.106528e-02
 1.281694e-06 -2.992136e-04 1.406696e-01 7.018517e-02  7.048438e-02
 1.317530e-06 -2.992778e-04 1.395163e-01 6.960849e-02  6.990777e-02
 1.354368e-06 -2.993435e-04 1.383715e-01 6.903607e-02  6.933541e-02
 1.392235e-06 -2.994107e-04 1.372351e-01 6.846786e-02  6.876727e-02
 1.431161e-06 -2.994796e-04 1.361072e-01 6.790386e-02  6.820334e-02
 1.471176e-06 -2.995501e-04 1.349876e-01 6.734402e-02  6.764357e-02
 1.512310e-06 -2.996223e-04 1.338762e-01 6.678831e-02  6.708793e-02
 1.554593e-06 -2.996962e-04 1.327731e-01 6.623672e-02  6.653642e-02
 1.598059e-06 -2.997718e-04 1.316782e-01 6.568921e-02  6.598898e-02
 1.642740e-06 -2.998493e-04 1.305914e-01 6.514576e-02  6.544561e-02
 1.688670e-06 -2.999286e-04 1.295126e-01 6.460634e-02  6.490626e-02
 1.735885e-06 -3.000098e-04 1.284418e-01 6.407091e-02  6.437092e-02
 1.784420e-06 -3.000929e-04 1.273790e-01 6.353947e-02  6.383956e-02
 1.834311e-06 -3.001780e-04 1.263241e-01 6.301197e-02  6.331214e-02
 1.885598e-06 -3.002651e-04 1.252770e-01 6.248839e-02  6.278865e-02
 1.938319e-06 -3.003543e-04 1.242378e-01 6.196870e-02  6.226906e-02
 1.992513e-06 -3.004457e-04 1.232062e-01 6.145289e-02  6.175333e-02
 2.048223e-06 -3.005392e-04 1.221824e-01 6.094091e-02  6.124145e-02
 2.105491e-06 -3.006349e-04 1.211662e-01 6.043276e-02  6.073339e-02
 2.164359e-06 -3.007329e-04 1.201575e-01 5.992839e-02  6.022912e-02
 2.224874e-06 -3.008332e-04 1.191564e-01 5.942779e-02  5.972862e-02
 2.287080e-06 -3.009359e-04 1.181628e-01 5.893093e-02  5.923186e-02
 2.351026e-06 -3.010411e-04 1.171766e-01 5.843778e-02  5.873882e-02
 2.416760e-06 -3.011487e-04 1.161978e-01 5.794832e-02  5.824947e-02
 2.484332e-06 -3.012590e-04 1.152263e-01 5.746253e-02  5.776379e-02
 2.553793e-06 -3.013718e-04 1.142621e-01 5.698037e-02  5.728174e-02
 2.625196e-06 -3.014873e-04 1.133051e-01 5.650183e-02  5.680332e-02
 2.698595e-06 -3.016056e-04 1.123554e-01 5.602688e-02  5.632848e-02
 2.774047e-06 -3.017266e-04 1.114127e-01 5.555549e-02  5.585722e-02
 2.851608e-06 -3.018506e-04 1.104771e-01 5.508765e-02  5.538950e-02
 2.931338e-06 -3.019774e-04 1.095486e-01 5.462332e-02  5.492530e-02
 3.013297e-06 -3.021073e-04 1.086271e-01 5.416248e-02  5.446459e-02
 3.097547e-06 -3.022403e-04 1.077125e-01 5.370512e-02  5.400736e-02
 3.184154e-06 -3.023764e-04 1.068048e-01 5.325119e-02  5.355357e-02
 3.273181e-06 -3.025158e-04 1.059039e-01 5.280069e-02  5.310321e-02
 3.364698e-06 -3.026585e-04 1.050098e-01 5.235359e-02  5.265625e-02
 3.458774e-06 -3.028045e-04 1.041225e-01 5.190987e-02  5.221267e-02
 3.555480e-06 -3.029540e-04 1.032419e-01 5.146949e-02  5.177245e-02
 3.654890e-06 -3.031071e-04 1.023680e-01 5.103245e-02  5.133555e-02
 3.757079e-06 -3.032638e-04 1.015007e-01 5.059871e-02  5.090197e-02
 3.862125e-06 -3.034242e-04 1.006399e-01 5.016825e-02  5.047167e-02
 3.970109e-06 -3.035884e-04 9.978570e-02 4.974105e-02  5.004464e-02
 4.081111e-06 -3.037565e-04 9.893795e-02 4.931710e-02  4.962085e-02
 4.195218e-06 -3.039286e-04 9.809664e-02 4.889636e-02  4.920028e-02
 4.312514e-06 -3.041047e-04 9.726172e-02 4.847881e-02  4.878291e-02
 4.433090e-06 -3.042850e-04 9.643315e-02 4.806443e-02  4.836872e-02
 4.557038e-06 -3.044696e-04 9.561088e-02 4.765321e-02  4.795768e-02
 4.684451e-06 -3.046586e-04 9.479488e-02 4.724511e-02  4.754977e-02
 4.815426e-06 -3.048521e-04 9.398509e-02 4.684012e-02  4.714497e-02
 4.950064e-06 -3.050501e-04 9.318147e-02 4.643821e-02  4.674326e-02
 5.088465e-06 -3.052528e-04 9.238399e-02 4.603937e-02  4.634462e-02
 5.230737e-06 -3.054603e-04 9.159260e-02 4.564357e-02  4.594903e-02
 5.376986e-06 -3.056727e-04 9.080725e-02 4.525079e-02  4.555646e-02
 5.527325e-06 -3.058901e-04 9.002791e-02 4.486101e-02  4.516690e-02
 5.681866e-06 -3.061127e-04 8.925454e-02 4.447421e-02  4.478032e-02
 5.840729e-06 -3.063406e-04 8.848708e-02 4.409037e-02  4.439671e-02
 6.004034e-06 -3.065738e-04 8.772551e-02 4.370947e-02  4.401604e-02
 6.171904e-06 -3.068125e-04 8.696978e-02 4.333148e-02  4.363830e-02
 6.344468e-06 -3.070569e-04 8.621985e-02 4.295640e-02  4.326345e-02
 6.521857e-06 -3.073071e-04 8.547568e-02 4.258418e-02  4.289149e-02
 6.704205e-06 -3.075632e-04 8.473722e-02 4.221483e-02  4.252239e-02
 6.891652e-06 -3.078253e-04 8.400445e-02 4.184831e-02  4.215614e-02
 7.084340e-06 -3.080936e-04 8.327732e-02 4.148461e-02  4.179271e-02
 7.282415e-06 -3.083682e-04 8.255579e-02 4.112371e-02  4.143208e-02
 7.486029e-06 -3.086494e-04 8.183982e-02 4.076558e-02  4.107423e-02
 7.695335e-06 -3.089372e-04 8.112937e-02 4.041022e-02  4.071915e-02
 7.910494e-06 -3.092317e-04 8.042441e-02 4.005759e-02  4.036682e-02
 8.131668e-06 -3.095332e-04 7.972489e-02 3.970768e-02  4.001721e-02
 8.359026e-06 -3.098419e-04 7.903078e-02 3.936047e-02  3.967031e-02
 8.592741e-06 -3.101578e-04 7.834204e-02 3.901594e-02  3.932610e-02
 8.832991e-06 -3.104812e-04 7.765863e-02 3.867407e-02  3.898455e-02
 9.079958e-06 -3.108122e-04 7.698051e-02 3.833485e-02  3.864566e-02
 9.333830e-06 -3.111510e-04 7.630766e-02 3.799825e-02  3.830940e-02
 9.594800e-06 -3.114977e-04 7.564002e-02 3.766426e-02  3.797576e-02
 9.863067e-06 -3.118527e-04 7.497756e-02 3.733286e-02  3.764471e-02
 1.013883e-05 -3.122160e-04 7.432026e-02 3.700402e-02  3.731624e-02
 1.042231e-05 -3.125879e-04 7.366806e-02 3.667774e-02  3.699032e-02
 1.071372e-05 -3.129686e-04 7.302094e-02 3.635398e-02  3.666695e-02
 1.101327e-05 -3.133582e-04 7.237885e-02 3.603275e-02  3.634610e-02
 1.132119e-05 -3.137570e-04 7.174177e-02 3.571401e-02  3.602776e-02
 1.163773e-05 -3.141652e-04 7.110965e-02 3.539774e-02  3.571191e-02
 1.196312e-05 -3.145830e-04 7.048247e-02 3.508394e-02  3.539853e-02
 1.229760e-05 -3.150106e-04 6.986019e-02 3.477259e-02  3.508760e-02
 1.264144e-05 -3.154483e-04 6.924276e-02 3.446366e-02  3.477910e-02
 1.299489e-05 -3.158963e-04 6.863016e-02 3.415713e-02  3.447303e-02
 1.335822e-05 -3.163549e-04 6.802236e-02 3.385300e-02  3.416936e-02
 1.373171e-05 -3.168242e-04 6.741932e-02 3.355125e-02  3.386807e-02
 1.411564e-05 -3.173046e-04 6.682100e-02 3.325185e-02  3.356915e-02
 1.451031e-05 -3.177963e-04 6.622737e-02 3.295479e-02  3.327258e-02
 1.491601e-05 -3.182995e-04 6.563840e-02 3.266005e-02  3.297835e-02
 1.533306e-05 -3.188146e-04 6.505405e-02 3.236762e-02  3.268643e-02
 1.576176e-05 -3.193417e-04 6.447429e-02 3.207748e-02  3.239682e-02
 1.620246e-05 -3.198813e-04 6.389910e-02 3.178961e-02  3.210949e-02
 1.665547e-05 -3.204336e-04 6.332842e-02 3.150400e-02  3.182443e-02
 1.712115e-05 -3.209988e-04 6.276224e-02 3.122062e-02  3.154162e-02
 1.759985e-05 -3.215773e-04 6.220053e-02 3.093947e-02  3.126105e-02
 1.809194e-05 -3.221693e-04 6.164323e-02 3.066053e-02  3.098270e-02
 1.859778e-05 -3.227753e-04 6.109034e-02 3.038378e-02  3.070656e-02
 1.911777e-05 -3.233955e-04 6.054181e-02 3.010921e-02  3.043260e-02
 1.965229e-05 -3.240303e-04 5.999761e-02 2.983679e-02  3.016082e-02
 2.020176e-05 -3.246800e-04 5.945772e-02 2.956652e-02  2.989120e-02
 2.076659e-05 -3.253449e-04 5.892209e-02 2.929837e-02  2.962372e-02
 2.134722e-05 -3.260254e-04 5.839070e-02 2.903234e-02  2.935836e-02
 2.194408e-05 -3.267219e-04 5.786352e-02 2.876840e-02  2.909512e-02
 2.255763e-05 -3.274347e-04 5.734052e-02 2.850654e-02  2.883398e-02
 2.318833e-05 -3.281642e-04 5.682167e-02 2.824675e-02  2.857492e-02
 2.383667e-05 -3.289109e-04 5.630693e-02 2.798901e-02  2.831792e-02
 2.450313e-05 -3.296750e-04 5.579628e-02 2.773330e-02  2.806298e-02
 2.518823e-05 -3.304571e-04 5.528969e-02 2.747962e-02  2.781007e-02
 2.589248e-05 -3.312574e-04 5.478713e-02 2.722793e-02  2.755919e-02
 2.661642e-05 -3.320766e-04 5.428856e-02 2.697824e-02  2.731032e-02
 2.736061e-05 -3.329149e-04 5.379396e-02 2.673052e-02  2.706344e-02
 2.812560e-05 -3.337729e-04 5.330330e-02 2.648476e-02  2.681854e-02
 2.891198e-05 -3.346509e-04 5.281655e-02 2.624095e-02  2.657560e-02
 2.972035e-05 -3.355495e-04 5.233368e-02 2.599906e-02  2.633461e-02
 3.055132e-05 -3.364692e-04 5.185466e-02 2.575910e-02  2.609556e-02
 3.140552e-05 -3.374103e-04 5.137947e-02 2.552103e-02  2.585844e-02
 3.228361e-05 -3.383735e-04 5.090807e-02 2.528485e-02  2.562322e-02
 3.318624e-05 -3.393593e-04 5.044044e-02 2.505054e-02  2.538990e-02
 3.411412e-05 -3.403681e-04 4.997654e-02 2.481809e-02  2.515846e-02
 3.506793e-05 -3.414005e-04 4.951636e-02 2.458748e-02  2.492888e-02
 3.604842e-05 -3.424570e-04 4.905987e-02 2.435870e-02  2.470116e-02
 3.705632e-05 -3.435383e-04 4.860703e-02 2.413174e-02  2.447528e-02
 3.809240e-05 -3.446448e-04 4.815781e-02 2.390658e-02  2.425123e-02
 3.915745e-05 -3.457772e-04 4.771220e-02 2.368321e-02  2.402899e-02
 4.025227e-05 -3.469361e-04 4.727016e-02 2.346161e-02  2.380855e-02
 4.137771e-05 -3.481221e-04 4.683167e-02 2.324178e-02  2.358990e-02
 4.253462e-05 -3.493357e-04 4.639670e-02 2.302368e-02  2.337302e-02
 4.372387e-05 -3.505777e-04 4.596523e-02 2.280733e-02  2.315790e-02
 4.494637e-05 -3.518488e-04 4.553722e-02 2.259269e-02  2.294453e-02
 4.620305e-05 -3.531495e-04 4.511265e-02 2.237975e-02  2.273290e-02
 4.749487e-05 -3.544805e-04 4.469150e-02 2.216851e-02  2.252299e-02
 4.882281e-05 -3.558427e-04 4.427374e-02 2.195895e-02  2.231479e-02
 5.018787e-05 -3.572367e-04 4.385934e-02 2.175105e-02  2.210829e-02
 5.159111e-05 -3.586631e-04 4.344827e-02 2.154481e-02  2.190347e-02
 5.303357e-05 -3.601229e-04 4.304052e-02 2.134020e-02  2.170032e-02
 5.451637e-05 -3.616168e-04 4.263606e-02 2.113722e-02  2.149884e-02
 5.604063e-05 -3.631454e-04 4.223485e-02 2.093585e-02  2.129900e-02
 5.760750e-05 -3.647098e-04 4.183688e-02 2.073609e-02  2.110080e-02
 5.921818e-05 -3.663106e-04 4.144212e-02 2.053791e-02  2.090422e-02
 6.087390e-05 -3.679488e-04 4.105055e-02 2.034130e-02  2.070925e-02
 6.257591e-05 -3.696251e-04 4.066214e-02 2.014626e-02  2.051588e-02
 6.432551e-05 -3.713405e-04 4.027686e-02 1.995276e-02  2.032410e-02
 6.612403e-05 -3.730959e-04 3.989470e-02 1.976080e-02  2.013390e-02
 6.797283e-05 -3.748922e-04 3.951562e-02 1.957037e-02  1.994526e-02
 6.987332e-05 -3.767304e-04 3.913961e-02 1.938144e-02  1.975817e-02
 7.182695e-05 -3.786114e-04 3.876663e-02 1.919401e-02  1.957262e-02
 7.383520e-05 -3.805362e-04 3.839667e-02 1.900807e-02  1.938860e-02
 7.589961e-05 -3.825058e-04 3.802970e-02 1.882360e-02  1.920611e-02
 7.802173e-05 -3.845214e-04 3.766570e-02 1.864059e-02  1.902511e-02
 8.020319e-05 -3.865838e-04 3.730464e-02 1.845903e-02  1.884561e-02
 8.244563e-05 -3.886942e-04 3.694651e-02 1.827891e-02  1.866760e-02
 8.475078e-05 -3.908538e-04 3.659126e-02 1.810021e-02  1.849106e-02
 8.712038e-05 -3.930636e-04 3.623890e-02 1.792292e-02  1.831598e-02
 8.955623e-05 -3.953249e-04 3.588938e-02 1.774703e-02  1.814235e-02
 9.206019e-05 -3.976388e-04 3.554269e-02 1.757252e-02  1.797016e-02
 9.463415e-05 -4.000065e-04 3.519880e-02 1.739940e-02  1.779940e-02
 9.728009e-05 -4.024293e-04 3.485770e-02 1.722763e-02  1.763006e-02
 1.000000e-04 -4.049084e-04 3.451935e-02 1.705722e-02  1.746213e-02
 1.027960e-04 -4.074452e-04 3.418374e-02 1.688815e-02  1.729559e-02
 1.056701e-04 -4.100410e-04 3.385084e-02 1.672040e-02  1.713044e-02
 1.086246e-04 -4.126972e-04 3.352064e-02 1.655397e-02  1.696667e-02
 1.116617e-04 -4.154151e-04 3.319310e-02 1.638884e-02  1.680426e-02
 1.147837e-04 -4.181962e-04 3.286821e-02 1.622501e-02  1.664320e-02
 1.179930e-04 -4.210419e-04 3.254594e-02 1.606245e-02  1.648349e-02
 1.212920e-04 -4.239537e-04 3.222628e-02 1.590116e-02  1.632512e-02
 1.246833e-04 -4.269333e-04 3.190919e-02 1.574113e-02  1.616806e-02
 1.281694e-04 -4.299820e-04 3.159467e-02 1.558234e-02  1.601233e-02
 1.317530e-04 -4.331016e-04 3.128268e-02 1.542479e-02  1.585789e-02
 1.354368e-04 -4.362937e-04 3.097321e-02 1.526846e-02  1.570475e-02
 1.392235e-04 -4.395599e-04 3.066623e-02 1.511333e-02  1.555289e-02
 1.431161e-04 -4.429019e-04 3.036172e-02 1.495941e-02  1.540231e-02
 1.471176e-04 -4.463216e-04 3.005967e-02 1.480667e-02  1.525299e-02
 1.512310e-04 -4.498207e-04 2.976004e-02 1.465511e-02  1.510493e-02
 1.554593e-04 -4.534010e-04 2.946282e-02 1.450471e-02  1.495811e-02
 1.598059e-04 -4.570645e-04 2.916799e-02 1.435546e-02  1.481253e-02
 1.642740e-04 -4.608130e-04 2.887553e-02 1.420736e-02  1.466817e-02
 1.688670e-04 -4.646486e-04 2.858541e-02 1.406038e-02  1.452503e-02
 1.735885e-04 -4.685731e-04 2.829761e-02 1.391452e-02  1.438309e-02
 1.784420e-04 -4.725888e-04 2.801212e-02 1.376977e-02  1.424236e-02
 1.834311e-04 -4.766977e-04 2.772891e-02 1.362611e-02  1.410281e-02
 1.885598e-04 -4.809019e-04 2.744797e-02 1.348353e-02  1.396443e-02
 1.938319e-04 -4.852037e-04 2.716926e-02 1.334203e-02  1.382723e-02
 1.992513e-04 -4.896053e-04 2.689278e-02 1.320159e-02  1.369119e-02
 2.048223e-04 -4.941091e-04 2.661849e-02 1.306219e-02  1.355630e-02
 2.105491e-04 -4.987174e-04 2.634639e-02 1.292384e-02  1.342255e-02
 2.164359e-04 -5.034325e-04 2.607644e-02 1.278651e-02  1.328994e-02
 2.224874e-04 -5.082571e-04 2.580864e-02 1.265019e-02  1.315845e-02
 2.287080e-04 -5.131936e-04 2.554295e-02 1.251488e-02  1.302807e-02
 2.351026e-04 -5.182446e-04 2.527936e-02 1.238056e-02  1.289880e-02
 2.416760e-04 -5.234129e-04 2.501785e-02 1.224722e-02  1.277063e-02
 2.484332e-04 -5.287010e-04 2.475840e-02 1.211485e-02  1.264355e-02
 2.553793e-04 -5.341117e-04 2.450099e-02 1.198344e-02  1.251755e-02
 2.625196e-04 -5.396480e-04 2.424560e-02 1.185297e-02  1.239262e-02
 2.698595e-04 -5.453128e-04 2.399220e-02 1.172344e-02  1.226876e-02
 2.774047e-04 -5.511089e-04 2.374078e-02 1.159484e-02  1.214595e-02
 2.851608e-04 -5.570395e-04 2.349133e-02 1.146714e-02  1.202418e-02
 2.931338e-04 -5.631076e-04 2.324381e-02 1.134035e-02  1.190346e-02
 3.013297e-04 -5.693166e-04 2.299820e-02 1.121444e-02  1.178376e-02
 3.097547e-04 -5.756695e-04 2.275450e-02 1.108942e-02  1.166509e-02
 3.184154e-04 -5.821699e-04 2.251268e-02 1.096525e-02  1.154742e-02
 3.273181e-04 -5.888210e-04 2.227272e-02 1.084195e-02  1.143077e-02
 3.364698e-04 -5.956265e-04 2.203459e-02 1.071948e-02  1.131511e-02
 3.458774e-04 -6.025898e-04 2.179829e-02 1.059785e-02  1.120044e-02
 3.555480e-04 -6.097147e-04 2.156379e-02 1.047704e-02  1.108675e-02
 3.654890e-04 -6.170050e-04 2.133106e-02 1.035703e-02  1.097403e-02
 3.757079e-04 -6.244644e-04 2.110010e-02 1.023782e-02  1.086228e-02
 3.862125e-04 -6.320969e-04 2.087088e-02 1.011939e-02  1.075149e-02
 3.970109e-04 -6.399065e-04 2.064338e-02 1.000174e-02  1.064165e-02
 4.081111e-04 -6.478974e-04 2.041759e-02 9.884846e-03  1.053274e-02
 4.195218e-04 -6.560738e-04 2.019348e-02 9.768701e-03  1.042477e-02
 4.312514e-04 -6.644400e-04 1.997103e-02 9.653293e-03  1.031773e-02
 4.433090e-04 -6.730004e-04 1.975022e-02 9.538609e-03  1.021161e-02
 4.557038e-04 -6.817596e-04 1.953103e-02 9.424637e-03  1.010640e-02
 4.684451e-04 -6.907222e-04 1.931345e-02 9.311366e-03  1.000209e-02
 4.815426e-04 -6.998929e-04 1.909746e-02 9.198783e-03  9.898676e-03
 4.950064e-04 -7.092766e-04 1.888303e-02 9.086876e-03  9.796152e-03
 5.088465e-04 -7.188783e-04 1.867014e-02 8.975632e-03  9.694510e-03
 5.230737e-04 -7.287031e-04 1.845878e-02 8.865039e-03  9.593742e-03
 5.376986e-04 -7.387562e-04 1.824892e-02 8.755084e-03  9.493840e-03
 5.527325e-04 -7.490429e-04 1.804055e-02 8.645755e-03  9.394798e-03
 5.681866e-04 -7.595687e-04 1.783365e-02 8.537040e-03  9.296609e-03
 5.840729e-04 -7.703392e-04 1.762819e-02 8.428925e-03  9.199264e-03
 6.004034e-04 -7.813602e-04 1.742416e-02 8.321398e-03  9.102758e-03
 6.171904e-04 -7.926375e-04 1.722153e-02 8.214446e-03  9.007083e-03
 6.344468e-04 -8.041771e-04 1.702029e-02 8.108055e-03  8.912232e-03
 6.521857e-04 -8.159852e-04 1.682041e-02 8.002213e-03  8.818198e-03
 6.704205e-04 -8.280680e-04 1.662188e-02 7.896907e-03  8.724975e-03
 6.891652e-04 -8.404321e-04 1.642468e-02 7.792122e-03  8.632555e-03
 7.084340e-04 -8.530841e-04 1.622878e-02 7.687847e-03  8.540931e-03
 7.282415e-04 -8.660307e-04 1.603416e-02 7.584066e-03  8.450097e-03
 7.486029e-04 -8.792788e-04 1.584081e-02 7.480767e-03  8.360046e-03
 7.695335e-04 -8.928357e-04 1.564871e-02 7.377936e-03  8.270771e-03
 7.910494e-04 -9.067084e-04 1.545782e-02 7.275558e-03  8.182267e-03
 8.131668e-04 -9.209046e-04 1.526814e-02 7.173620e-03  8.094525e-03
 8.359026e-04 -9.354318e-04 1.507965e-02 7.072108e-03  8.007540e-03
 8.592741e-04 -9.502978e-04 1.489231e-02 6.971007e-03  7.921304e-03
 8.832991e-04 -9.655107e-04 1.470611e-02 6.870302e-03  7.835813e-03
 9.079958e-04 -9.810787e-04 1.452104e-02 6.769980e-03  7.751058e-03
 9.333830e-04 -9.970101e-04 1.433706e-02 6.670025e-03  7.667035e-03
 9.594800e-04 -1.013314e-03 1.415416e-02 6.570422e-03  7.583735e-03
 9.863067e-04 -1.029998e-03 1.397231e-02 6.471156e-03  7.501154e-03
 1.013883e-03 -1.047072e-03 1.379150e-02 6.372213e-03  7.419285e-03
 1.042231e-03 -1.064546e-03 1.361170e-02 6.273576e-03  7.338121e-03
 1.071372e-03 -1.082428e-03 1.343289e-02 6.175229e-03  7.257657e-03
 1.101327e-03 -1.100729e-03 1.325504e-02 6.077158e-03  7.177887e-03
 1.132119e-03 -1.119457e-03 1.307815e-02 5.979346e-03  7.098803e-03
 1.163773e-03 -1.138625e-03 1.290218e-02 5.881776e-03  7.020401e-03
 1.196312e-03 -1.158241e-03 1.272711e-02 5.784433e-03  6.942674e-03
 1.229760e-03 -1.178317e-03 1.255292e-02 5.687299e-03  6.865616e-03
 1.264144e-03 -1.198864e-03 1.237958e-02 5.590358e-03  6.789222e-03
 1.299489e-03 -1.219893e-03 1.220708e-02 5.493593e-03  6.713485e-03
 1.335822e-03 -1.241415e-03 1.203539e-02 5.396985e-03  6.638400e-03
 1.373171e-03 -1.263442e-03 1.186448e-02 5.300519e-03  6.563961e-03
 1.411564e-03 -1.285987e-03 1.169434e-02 5.204175e-03  6.490162e-03
 1.451031e-03 -1.309061e-03 1.152493e-02 5.107936e-03  6.416998e-03
 1.491601e-03 -1.332678e-03 1.135625e-02 5.011784e-03  6.344462e-03
 1.533306e-03 -1.356850e-03 1.118825e-02 4.915699e-03  6.272550e-03
 1.576176e-03 -1.381592e-03 1.102092e-02 4.819663e-03  6.201255e-03
 1.620246e-03 -1.406915e-03 1.085423e-02 4.723657e-03  6.130572e-03
 1.665547e-03 -1.432835e-03 1.068816e-02 4.627660e-03  6.060495e-03
 1.712115e-03 -1.459366e-03 1.052267e-02 4.531655e-03  5.991020e-03
 1.759985e-03 -1.486522e-03 1.035776e-02 4.435619e-03  5.922141e-03
 1.809194e-03 -1.514319e-03 1.019338e-02 4.339533e-03  5.853852e-03
 1.859778e-03 -1.542772e-03 1.002952e-02 4.243376e-03  5.786148e-03
 1.911777e-03 -1.571897e-03 9.866150e-03 4.147126e-03  5.719024e-03
 1.965229e-03 -1.601710e-03 9.703237e-03 4.050763e-03  5.652474e-03
 2.020176e-03 -1.632228e-03 9.540758e-03 3.954265e-03  5.586493e-03
 2.076659e-03 -1.663468e-03 9.378686e-03 3.857609e-03  5.521077e-03
 2.134722e-03 -1.695447e-03 9.216992e-03 3.760773e-03  5.456220e-03
 2.194408e-03 -1.728184e-03 9.055650e-03 3.663733e-03  5.391917e-03
 2.255763e-03 -1.761696e-03 8.894629e-03 3.566467e-03  5.328162e-03
 2.318833e-03 -1.796002e-03 8.733902e-03 3.468950e-03  5.264952e-03
 2.383667e-03 -1.831123e-03 8.573440e-03 3.371158e-03  5.202281e-03
 2.450313e-03 -1.867076e-03 8.413212e-03 3.273068e-03  5.140144e-03
 2.518823e-03 -1.903884e-03 8.253189e-03 3.174653e-03  5.078536e-03
 2.589248e-03 -1.941566e-03 8.093341e-03 3.075887e-03  5.017453e-03
 2.661642e-03 -1.980144e-03 7.933636e-03 2.976746e-03  4.956890e-03
 2.736061e-03 -2.019639e-03 7.774044e-03 2.877202e-03  4.896841e-03
 2.812560e-03 -2.060074e-03 7.614532e-03 2.777229e-03  4.837303e-03
 2.891198e-03 -2.101472e-03 7.455069e-03 2.676798e-03  4.778271e-03
 2.972035e-03 -2.143857e-03 7.295622e-03 2.575883e-03  4.719740e-03
 3.055132e-03 -2.187252e-03 7.136159e-03 2.474453e-03  4.661705e-03
 3.140552e-03 -2.231681e-03 6.976644e-03 2.372481e-03  4.604163e-03
 3.228361e-03 -2.277171e-03 6.817044e-03 2.269937e-03  4.547108e-03
 3.318624e-03 -2.323747e-03 6.657325e-03 2.166789e-03  4.490536e-03
 3.411412e-03 -2.371435e-03 6.497451e-03 2.063008e-03  4.434443e-03
 3.506793e-03 -2.420263e-03 6.337387e-03 1.958562e-03  4.378825e-03
 3.604842e-03 -2.470259e-03 6.177096e-03 1.853419e-03  4.323677e-03
 3.705632e-03 -2.521450e-03 6.016541e-03 1.747546e-03  4.268996e-03
 3.809240e-03 -2.573866e-03 5.855685e-03 1.640910e-03  4.214776e-03
 3.915745e-03 -2.627537e-03 5.694490e-03 1.533477e-03  4.161014e-03
 4.025227e-03 -2.682493e-03 5.532917e-03 1.425212e-03  4.107705e-03
 4.137771e-03 -2.738766e-03 5.370927e-03 1.316080e-03  4.054847e-03
 4.253462e-03 -2.796388e-03 5.208479e-03 1.206045e-03  4.002433e-03
 4.372387e-03 -2.855391e-03 5.045533e-03 1.095071e-03  3.950462e-03
 4.494637e-03 -2.915809e-03 4.882048e-03 9.831194e-04  3.898929e-03
 4.620305e-03 -2.977677e-03 4.717982e-03 8.701524e-04  3.847829e-03
 4.749487e-03 -3.041029e-03 4.553291e-03 7.561312e-04  3.797160e-03
 4.882281e-03 -3.105901e-03 4.387933e-03 6.410160e-04  3.746917e-03
 5.018787e-03 -3.172331e-03 4.221864e-03 5.247664e-04  3.697098e-03
 5.159111e-03 -3.240356e-03 4.055038e-03 4.073411e-04  3.647697e-03
 5.303357e-03 -3.310013e-03 3.887410e-03 2.886981e-04  3.598712e-03
 5.451637e-03 -3.381344e-03 3.718933e-03 1.687945e-04  3.550138e-03
 5.604063e-03 -3.454387e-03 3.549560e-03 4.758664e-05  3.501974e-03
 5.760750e-03 -3.529184e-03 3.379244e-03 -7.497007e-05  3.454214e-03
 5.921818e-03 -3.605777e-03 3.207935e-03 -1.989210e-04  3.406856e-03
 6.087390e-03 -3.684209e-03 3.035585e-03 -3.243123e-04  3.359897e-03
 6.257591e-03 -3.764524e-03 2.862141e-03 -4.511912e-04  3.313332e-03
 6.432551e-03 -3.846765e-03 2.687554e-03 -5.796056e-04  3.267160e-03
 6.612403e-03 -3.930980e-03 2.511772e-03 -7.096043e-04  3.221376e-03
 6.797283e-03 -4.017215e-03 2.334740e-03 -8.412372e-04  3.175978e-03
 6.987332e-03 -4.105517e-03 2.156407e-03 -9.745549e-04  3.130962e-03
 7.182695e-03 -4.195934e-03 1.976716e-03 -1.109609e-03  3.086325e-03
 7.383520e-03 -4.288517e-03 1.795614e-03 -1.246452e-03  3.042065e-03
 7.589961e-03 -4.383316e-03 1.613042e-03 -1.385137e-03  2.998179e-03
 7.802173e-03 -4.480381e-03 1.428945e-03 -1.525718e-03  2.954663e-03
 8.020319e-03 -4.579767e-03 1.243264e-03 -1.668251e-03  2.911515e-03
 8.244563e-03 -4.681525e-03 1.055940e-03 -1.812792e-03  2.868733e-03
 8.475078e-03 -4.785711e-03 8.669145e-04 -1.959398e-03  2.826313e-03
 8.712038e-03 -4.892380e-03 6.761257e-04 -2.108127e-03  2.784253e-03
 8.955623e-03 -5.001587e-03 4.835124e-04 -2.259037e-03  2.742550e-03
 9.206019e-03 -5.113390e-03 2.890126e-04 -2.412189e-03  2.701202e-03
 9.463415e-03 -5.227848e-03 9.256297e-05 -2.567643e-03  2.660206e-03
 9.728009e-03 -5.345020e-03 -1.059003e-04 -2.725460e-03  2.619560e-03
 1.000000e-02 -5.464964e-03 -3.064418e-04 -2.885703e-03  2.579261e-03
 1.027960e-02 -5.587743e-03 -5.091272e-04 -3.048435e-03  2.539308e-03
 1.056701e-02 -5.713418e-03 -7.140226e-04 -3.213721e-03  2.499698e-03
 1.086246e-02 -5.842052e-03 -9.211951e-04 -3.381624e-03  2.460429e-03
 1.116617e-02 -5.973709e-03 -1.130713e-03 -3.552211e-03  2.421498e-03
 1.147837e-02 -6.108452e-03 -1.342644e-03 -3.725548e-03  2.382904e-03
 1.179930e-02 -6.246348e-03 -1.557059e-03 -3.901704e-03  2.344645e-03
 1.212920e-02 -6.387464e-03 -1.774027e-03 -4.080746e-03  2.306718e-03
 1.246833e-02 -6.531867e-03 -1.993621e-03 -4.262744e-03  2.269123e-03
 1.281694e-02 -6.679625e-03 -2.215913e-03 -4.447769e-03  2.231856e-03
 1.317530e-02 -6.830808e-03 -2.440974e-03 -4.635891e-03  2.194917e-03
 1.354368e-02 -6.985487e-03 -2.668881e-03 -4.827184e-03  2.158303e-03
 1.392235e-02 -7.143733e-03 -2.899708e-03 -5.021721e-03  2.122013e-03
 1.431161e-02 -7.305621e-03 -3.133530e-03 -5.219576e-03  2.086045e-03
 1.471176e-02 -7.471223e-03 -3.370426e-03 -5.420824e-03  2.050398e-03
 1.512310e-02 -7.640615e-03 -3.610474e-03 -5.625544e-03  2.015071e-03
 1.554593e-02 -7.813874e-03 -3.853752e-03 -5.833813e-03  1.980061e-03
 1.598059e-02 -7.991078e-03 -4.100343e-03 -6.045711e-03  1.945368e-03
 1.642740e-02 -8.172308e-03 -4.350328e-03 -6.261318e-03  1.910990e-03
 1.688670e-02 -8.357644e-03 -4.603793e-03 -6.480719e-03  1.876926e-03
 1.735885e-02 -8.547171e-03 -4.860822e-03 -6.703997e-03  1.843175e-03
 1.784420e-02 -8.740975e-03 -5.121505e-03 -6.931240e-03  1.809735e-03
 1.834311e-02 -8.939143e-03 -5.385931e-03 -7.162537e-03  1.776606e-03
 1.885598e-02 -9.141768e-03 -5.654195e-03 -7.397981e-03  1.743787e-03
 1.938319e-02 -9.348944e-03 -5.926392e-03 -7.637668e-03  1.711276e-03
 1.992513e-02 -9.560771e-03 -6.202624e-03 -7.881697e-03  1.679073e-03
 2.048223e-02 -9.777351e-03 -6.482997e-03 -8.130174e-03  1.647177e-03
 2.105491e-02 -9.998794e-03 -6.767620e-03 -8.383207e-03  1.615587e-03
 2.164359e-02 -1.022521e-02 -7.056608e-03 -8.640910e-03  1.584302e-03
 2.224874e-02 -1.045672e-02 -7.350076e-03 -8.903398e-03  1.553322e-03
 2.287080e-02 -1.069343e-02 -7.648142e-03 -9.170788e-03  1.522646e-03
 2.351026e-02 -1.093547e-02 -7.950924e-03 -9.443198e-03  1.492274e-03
 2.416760e-02 -1.118295e-02 -8.258543e-03 -9.720748e-03  1.462205e-03
 2.484332e-02 -1.143600e-02 -8.571121e-03 -1.000356e-02  1.432438e-03
 2.553793e-02 -1.169472e-02 -8.888779e-03 -1.029175e-02  1.402973e-03
 2.625196e-02 -1.195926e-02 -9.211640e-03 -1.058545e-02  1.373810e-03
 2.698595e-02 -1.222972e-02 -9.539828e-03 -1.088478e-02  1.344948e-03
 2.774047e-02 -1.250624e-02 -9.873465e-03 -1.118985e-02  1.316388e-03
 2.851608e-02 -1.278893e-02 -1.021267e-02 -1.150080e-02  1.288129e-03
 2.931338e-02 -1.307791e-02 -1.055757e-02 -1.181774e-02  1.260170e-03
 3.013297e-02 -1.337331e-02 -1.090829e-02 -1.214080e-02  1.232512e-03
 3.097547e-02 -1.367523e-02 -1.126492e-02 -1.247008e-02  1.205155e-03
 3.184154e-02 -1.398380e-02 -1.162760e-02 -1.280570e-02  1.178099e-03
 3.273181e-02 -1.429911e-02 -1.199642e-02 -1.314777e-02  1.151344e-03
 3.364698e-02 -1.462129e-02 -1.237151e-02 -1.349640e-02  1.124889e-03
 3.458774e-02 -1.495043e-02 -1.275296e-02 -1.385169e-02  1.098735e-03
 3.555480e-02 -1.528665e-02 -1.314088e-02 -1.421376e-02  1.072883e-03
 3.654890e-02 -1.563005e-02 -1.353538e-02 -1.458271e-02  1.047332e-03
 3.757079e-02 -1.598073e-02 -1.393657e-02 -1.495865e-02  1.022083e-03
 3.862125e-02 -1.633880e-02 -1.434453e-02 -1.534167e-02  9.971355e-04
 3.970109e-02 -1.670436e-02 -1.475938e-02 -1.573187e-02  9.724908e-04
 4.081111e-02 -1.707750e-02 -1.518121e-02 -1.612935e-02  9.481488e-04
 4.195218e-02 -1.745832e-02 -1.561010e-02 -1.653421e-02  9.241100e-04
 4.312514e-02 -1.784692e-02 -1.604617e-02 -1.694654e-02  9.003750e-04
 4.433090e-02 -1.824336e-02 -1.648947e-02 -1.736642e-02  8.769442e-04
 4.557038e-02 -1.864774e-02 -1.694011e-02 -1.779393e-02  8.538182e-04
 4.684451e-02 -1.906013e-02 -1.739814e-02 -1.822913e-02  8.309976e-04
 4.815426e-02 -1.948059e-02 -1.786362e-02 -1.867211e-02  8.084830e-04
 4.950064e-02 -1.990917e-02 -1.833662e-02 -1.912289e-02  7.862750e-04
 5.088465e-02 -2.034592e-02 -1.881717e-02 -1.958154e-02  7.643743e-04
 5.230737e-02 -2.079087e-02 -1.930530e-02 -2.004809e-02  7.427816e-04
 5.376986e-02 -2.124404e-02 -1.980104e-02 -2.052254e-02  7.214978e-04
 5.527325e-02 -2.170543e-02 -2.030438e-02 -2.100491e-02  7.005234e-04
 5.681866e-02 -2.217505e-02 -2.081533e-02 -2.149519e-02  6.798593e-04
 5.840729e-02 -2.265286e-02 -2.133385e-02 -2.199335e-02  6.595063e-04
 6.004034e-02 -2.313883e-02 -2.185990e-02 -2.249937e-02  6.394653e-04
 6.171904e-02 -2.363291e-02 -2.239344e-02 -2.301317e-02  6.197370e-04
 6.344468e-02 -2.413501e-02 -2.293437e-02 -2.353469e-02  6.003224e-04
 6.521857e-02 -2.464505e-02 -2.348261e-02 -2.406383e-02  5.812223e-04
 6.704205e-02 -2.516290e-02 -2.403802e-02 -2.460046e-02  5.624375e-04
 6.891652e-02 -2.568842e-02 -2.460048e-02 -2.514445e-02  5.439690e-04
 7.084340e-02 -2.622142e-02 -2.516979e-02 -2.569561e-02  5.258176e-04
 7.282415e-02 -2.676173e-02 -2.574576e-02 -2.625374e-02  5.079843e-04
 7.486029e-02 -2.730909e-02 -2.632815e-02 -2.681862e-02  4.904699e-04
 7.695335e-02 -2.786325e-02 -2.691670e-02 -2.738998e-02  4.732753e-04
 7.910494e-02 -2.842390e-02 -2.751110e-02 -2.796750e-02  4.564014e-04
 8.131668e-02 -2.899071e-02 -2.811101e-02 -2.855086e-02  4.398490e-04
 8.359026e-02 -2.956328e-02 -2.871605e-02 -2.913967e-02  4.236190e-04
 8.592741e-02 -3.014121e-02 -2.932578e-02 -2.973349e-02  4.077122e-04
 8.832991e-02 -3.072401e-02 -2.993975e-02 -3.033188e-02  3.921295e-04
 9.079958e-02 -3.131116e-02 -3.055741e-02 -3.093429e-02  3.768714e-04
 9.333830e-02 -3.190209e-02 -3.117821e-02 -3.154015e-02  3.619389e-04
 9.594800e-02 -3.249617e-02 -3.180150e-02 -3.214884e-02  3.473326e-04
 9.863067e-02 -3.309271e-02 -3.242660e-02 -3.275966e-02  3.330530e-04
 1.013883e-01 -3.369096e-02 -3.305276e-02 -3.337186e-02  3.191009e-04
 1.042231e-01 -3.429010e-02 -3.367914e-02 -3.398462e-02  3.054766e-04
 1.071372e-01 -3.488924e-02 -3.430488e-02 -3.459706e-02  2.921806e-04
 1.101327e-01 -3.548742e-02 -3.492899e-02 -3.520821e-02  2.792134e-04
 1.132119e-01 -3.608360e-02 -3.555045e-02 -3.581703e-02  2.665751e-04
 1.163773e-01 -3.667667e-02 -3.616814e-02 -3.642240e-02  2.542659e-04
 1.196312e-01 -3.726542e-02 -3.678085e-02 -3.702313e-02  2.422860e-04
 1.229760e-01 -3.784856e-02 -3.738728e-02 -3.761792e-02  2.306352e-04
 1.264144e-01 -3.842470e-02 -3.798607e-02 -3.820539e-02  2.193135e-04
 1.299489e-01 -3.899238e-02 -3.857574e-02 -3.878406e-02  2.083204e-04
 1.335822e-01 -3.955001e-02 -3.915470e-02 -3.935236e-02  1.976556e-04
 1.373171e-01 -4.009593e-02 -3.972129e-02 -3.990861e-02  1.873184e-04
 1.411564e-01 -4.062835e-02 -4.027373e-02 -4.045104e-02  1.773080e-04
 1.451031e-01 -4.114539e-02 -4.081014e-02 -4.097777e-02  1.676235e-04
 1.491601e-01 -4.164506e-02 -4.132853e-02 -4.148679e-02  1.582637e-04
 1.533306e-01 -4.212525e-02 -4.182680e-02 -4.197602e-02  1.492272e-04
 1.576176e-01 -4.258376e-02 -4.230274e-02 -4.244325e-02  1.405125e-04
 1.620246e-01 -4.301827e-02 -4.275404e-02 -4.288616e-02  1.321177e-04
 1.665547e-01 -4.342635e-02 -4.317827e-02 -4.330231e-02  1.240406e-04
 1.712115e-01 -4.380547e-02 -4.357291e-02 -4.368919e-02  1.162791e-04
 1.759985e-01 -4.415298e-02 -4.393532e-02 -4.404415e-02  1.088303e-04
 1.809194e-01 -4.446614e-02 -4.426276e-02 -4.436445e-02  1.016915e-04
 1.859778e-01 -4.474214e-02 -4.455242e-02 -4.464728e-02  9.485946e-05
 1.911777e-01 -4.497804e-02 -4.480137e-02 -4.488971e-02  8.833058e-05
 1.965229e-01 -4.517085e-02 -4.500665e-02 -4.508875e-02  8.210106e-05
 2.020176e-01 -4.531751e-02 -4.516518e-02 -4.524135e-02  7.616674e-05
 2.076659e-01 -4.541492e-02 -4.527387e-02 -4.534440e-02  7.052309e-05
 2.134722e-01 -4.545991e-02 -4.532958e-02 -4.539475e-02  6.516527e-05
 2.194408e-01 -4.544933e-02 -4.532916e-02 -4.538925e-02  6.008808e-05
 2.255763e-01 -4.538002e-02 -4.526944e-02 -4.532473e-02  5.528594e-05
 2.318833e-01 -4.524883e-02 -4.514732e-02 -4.519807e-02  5.075297e-05
 2.383667e-01 -4.505269e-02 -4.495973e-02 -4.500621e-02  4.648289e-05
 2.450313e-01 -4.478863e-02 -4.470369e-02 -4.474616e-02  4.246910e-05
 2.518823e-01 -4.445377e-02 -4.437636e-02 -4.441507e-02  3.870466e-05
 2.589248e-01 -4.404542e-02 -4.397506e-02 -4.401024e-02  3.518229e-05
 2.661642e-01 -4.356110e-02 -4.349731e-02 -4.352920e-02  3.189440e-05
 2.736061e-01 -4.299857e-02 -4.294090e-02 -4.296973e-02  2.883310e-05
 2.812560e-01 -4.235590e-02 -4.230392e-02 -4.232991e-02  2.599023e-05
 2.891198e-01 -4.163153e-02 -4.158482e-02 -4.160818e-02  2.335737e-05
 2.972035e-01 -4.082433e-02 -4.078248e-02 -4.080341e-02  2.092588e-05
 3.055132e-01 -3.993365e-02 -3.989627e-02 -3.991496e-02  1.868691e-05
 3.140552e-01 -3.895937e-02 -3.892610e-02 -3.894274e-02  1.663147e-05
 3.228361e-01 -3.790201e-02 -3.787250e-02 -3.788726e-02  1.475044e-05
 3.318624e-01 -3.676276e-02 -3.673669e-02 -3.674972e-02  1.303461e-05
 3.411412e-01 -3.554357e-02 -3.552062e-02 -3.553210e-02  1.147474e-05
 3.506793e-01 -3.424721e-02 -3.422708e-02 -3.423715e-02  1.006160e-05
 3.604842e-01 -3.287731e-02 -3.285974e-02 -3.286852e-02  8.785978e-06
 3.705632e-01 -3.143845e-02 -3.142317e-02 -3.143081e-02  7.638801e-06
 3.809240e-01 -2.993618e-02 -2.992295e-02 -2.992956e-02  6.611118e-06
 3.915745e-01 -2.837705e-02 -2.836566e-02 -2.837135e-02  5.694169e-06
 4.025227e-01 -2.676865e-02 -2.675889e-02 -2.676377e-02  4.879427e-06
 4.137771e-01 -2.511960e-02 -2.511129e-02 -2.511544e-02  4.158636e-06
 4.253462e-01 -2.343953e-02 -2.343248e-02 -2.343600e-02  3.523852e-06
 4.372387e-01 -2.173900e-02 -2.173307e-02 -2.173603e-02  2.967469e-06
 4.494637e-01 -2.002947e-02 -2.002451e-02 -2.002699e-02  2.482252e-06
 4.620305e-01 -1.832316e-02 -1.831903e-02 -1.832109e-02  2.061356e-06
 4.749487e-01 -1.663286e-02 -1.662947e-02 -1.663117e-02  1.698340e-06
 4.882281e-01 -1.497183e-02 -1.496906e-02 -1.497044e-02  1.387177e-06
 5.018787e-01 -1.335347e-02 -1.335123e-02 -1.335235e-02  1.122257e-06
 5.159111e-01 -1.179112e-02 -1.178932e-02 -1.179022e-02  8.983778e-07
 5.303357e-01 -1.029769e-02 -1.029627e-02 -1.029698e-02  7.107403e-07
 5.451637e-01 -8.885385e-03 -8.884275e-03 -8.884830e-03  5.549305e-07
 5.604063e-01 -7.565309e-03 -7.564455e-03 -7.564882e-03  4.269015e-07
 5.760750e-01 -6.347099e-03 -6.346453e-03 -6.346776e-03  3.229525e-07
 5.921818e-01 -5.238563e-03 -5.238084e-03 -5.238323e-03  2.397071e-07
 6.087390e-01 -4.245352e-03 -4.245003e-03 -4.245177e-03  1.740923e-07
 6.257591e-01 -3.370665e-03 -3.370418e-03 -3.370542e-03  1.233197e-07
 6.432551e-01 -2.615047e-03 -2.614877e-03 -2.614962e-03  8.486931e-08
 6.612403e-01 -1.976273e-03 -1.976160e-03 -1.976216e-03  5.647812e-08
 6.797283e-01 -1.449365e-03 -1.449293e-03 -1.449329e-03  3.613176e-08
 6.987332e-01 -1.026752e-03 -1.026708e-03 -1.026730e-03  2.206007e-08
 7.182695e-01 -6.985808e-04 -6.985553e-04 -6.985681e-04  1.273467e-08
 7.383520e-01 -4.531848e-04 -4.531711e-04 -4.531780e-04  6.866656e-09
 7.589961e-01 -2.776917e-04 -2.776849e-04 -2.776883e-04  3.402317e-09
 7.802173e-01 -1.587338e-04 -1.587308e-04 -1.587323e-04  1.514188e-09
 8.020319e-01 -8.321494e-05 -8.321377e-05 -8.321436e-05  5.855103e-10
 8.244563e-01 -3.905372e-05 -3.905335e-05 -3.905354e-05  1.868477e-10
 8.475078e-01 -1.582705e-05 -1.582696e-05 -1.582701e-05  4.511152e-11
 8.712038e-01 -5.230709e-06 -5.230695e-06 -5.230702e-06  6.965085e-12
 8.955623e-01 -1.276395e-06 -1.276394e-06 -1.276394e-06  4.520721e-13
 9.206019e-01 -1.888491e-07 -1.888491e-07 -1.888491e-07  1.405153e-15
 9.463415e-01 -1.031699e-08 -1.031699e-08 -1.031699e-08  -1.323489e-23
 9.728009e-01 -2.718968e-11 -2.718968e-11 -2.718968e-11  0.000000e+00