
 0.001997 6.009146e-04 
 0.003993 1.208099e-03 
 0.005989 1.815043e-03 
 0.007985 2.419364e-03 
 0.009981 3.019569e-03 
 0.011977 3.614696e-03 
 0.013973 4.204039e-03 
 0.015969 4.787064e-03 
 0.017965 5.363354e-03 
 0.019961 5.932574e-03 
 0.021957 6.494451e-03 
 0.023953 7.048762e-03 
 0.025949 7.595320e-03 
 0.027945 8.133971e-03 
 0.029941 8.664583e-03 
 0.031937 9.187049e-03 
 0.033933 9.701277e-03 
 0.035929 1.020719e-02 
 0.037925 1.070473e-02 
 0.039921 1.119385e-02 
 0.041917 1.167450e-02 
 0.043913 1.214666e-02 
 0.045909 1.261029e-02 
 0.047905 1.306539e-02 
 0.049901 1.351195e-02 
 0.051897 1.394997e-02 
 0.053893 1.437944e-02 
 0.055889 1.480037e-02 
 0.057885 1.521278e-02 
 0.059881 1.561668e-02 
 0.061877 1.601209e-02 
 0.063873 1.639904e-02 
 0.065869 1.677755e-02 
 0.067865 1.714766e-02 
 0.069861 1.750939e-02 
 0.071857 1.786277e-02 
 0.073853 1.820786e-02 
 0.075849 1.854469e-02 
 0.077845 1.887330e-02 
 0.079841 1.919373e-02 
 0.081837 1.950604e-02 
 0.083833 1.981027e-02 
 0.085829 2.010647e-02 
 0.087825 2.039469e-02 
 0.089821 2.067498e-02 
 0.091817 2.094741e-02 
 0.093813 2.121202e-02 
 0.095809 2.146888e-02 
 0.097805 2.171803e-02 
 0.099801 2.195955e-02 
 0.101797 2.219349e-02 
 0.103793 2.241991e-02 
 0.105789 2.263887e-02 
 0.107785 2.285045e-02 
 0.109781 2.305470e-02 
 0.111777 2.325169e-02 
 0.113773 2.344148e-02 
 0.115769 2.362414e-02 
 0.117765 2.379975e-02 
 0.119761 2.396836e-02 
 0.121757 2.413005e-02 
 0.123753 2.428488e-02 
 0.125749 2.443293e-02 
 0.127745 2.457427e-02 
 0.129741 2.470896e-02 
 0.131737 2.483708e-02 
 0.133733 2.495869e-02 
 0.135729 2.507388e-02 
 0.137725 2.518272e-02 
 0.139721 2.528527e-02 
 0.141717 2.538161e-02 
 0.143713 2.547182e-02 
 0.145709 2.555596e-02 
 0.147705 2.563412e-02 
 0.149701 2.570636e-02 
 0.151697 2.577275e-02 
 0.153693 2.583339e-02 
 0.155689 2.588833e-02 
 0.157685 2.593766e-02 
 0.159681 2.598144e-02 
 0.161677 2.601976e-02 
 0.163673 2.605269e-02 
 0.165669 2.608030e-02 
 0.167666 2.610267e-02 
 0.169662 2.611987e-02 
 0.171658 2.613198e-02 
 0.173654 2.613908e-02 
 0.175650 2.614124e-02 
 0.177646 2.613853e-02 
 0.179642 2.613103e-02 
 0.181638 2.611882e-02 
 0.183634 2.610197e-02 
 0.185630 2.608055e-02 
 0.187626 2.605463e-02 
 0.189622 2.602431e-02 
 0.191618 2.598963e-02 
 0.193614 2.595070e-02 
 0.195610 2.590756e-02 
 0.197606 2.586031e-02 
 0.199602 2.580901e-02 
 0.201598 2.575373e-02 
 0.203594 2.569456e-02 
 0.205590 2.563156e-02 
 0.207586 2.556480e-02 
 0.209582 2.549436e-02 
 0.211578 2.542031e-02 
 0.213574 2.534272e-02 
 0.215570 2.526166e-02 
 0.217566 2.517721e-02 
 0.219562 2.508943e-02 
 0.221558 2.499839e-02 
 0.223554 2.490418e-02 
 0.225550 2.480684e-02 
 0.227546 2.470646e-02 
 0.229542 2.460311e-02 
 0.231538 2.449685e-02 
 0.233534 2.438775e-02 
 0.235530 2.427587e-02 
 0.237526 2.416130e-02 
 0.239522 2.404409e-02 
 0.241518 2.392430e-02 
 0.243514 2.380202e-02 
 0.245510 2.367730e-02 
 0.247506 2.355020e-02 
 0.249502 2.342080e-02 
 0.251498 2.328915e-02 
 0.253494 2.315533e-02 
 0.255490 2.301939e-02 
 0.257486 2.288139e-02 
 0.259482 2.274141e-02 
 0.261478 2.259950e-02 
 0.263474 2.245572e-02 
 0.265470 2.231014e-02 
 0.267466 2.216282e-02 
 0.269462 2.201380e-02 
 0.271458 2.186317e-02 
 0.273454 2.171096e-02 
 0.275450 2.155725e-02 
 0.277446 2.140209e-02 
 0.279442 2.124554e-02 
 0.281438 2.108764e-02 
 0.283434 2.092847e-02 
 0.285430 2.076808e-02 
 0.287426 2.060651e-02 
 0.289422 2.044383e-02 
 0.291418 2.028009e-02 
 0.293414 2.011534e-02 
 0.295410 1.994964e-02 
 0.297406 1.978303e-02 
 0.299402 1.961557e-02 
 0.301398 1.944731e-02 
 0.303394 1.927830e-02 
 0.305390 1.910859e-02 
 0.307386 1.893823e-02 
 0.309382 1.876727e-02 
 0.311378 1.859575e-02 
 0.313374 1.842372e-02 
 0.315370 1.825123e-02 
 0.317366 1.807833e-02 
 0.319362 1.790505e-02 
 0.321358 1.773146e-02 
 0.323354 1.755758e-02 
 0.325350 1.738346e-02 
 0.327346 1.720915e-02 
 0.329342 1.703468e-02 
 0.331338 1.686011e-02 
 0.333334 1.668547e-02 
 0.335330 1.651079e-02 
 0.337326 1.633613e-02 
 0.339322 1.616152e-02 
 0.341318 1.598699e-02 
 0.343314 1.581260e-02 
 0.345310 1.563836e-02 
 0.347306 1.546433e-02 
 0.349302 1.529053e-02 
 0.351298 1.511700e-02 
 0.353294 1.494378e-02 
 0.355290 1.477090e-02 
 0.357286 1.459839e-02 
 0.359282 1.442629e-02 
 0.361278 1.425463e-02 
 0.363274 1.408344e-02 
 0.365270 1.391274e-02 
 0.367266 1.374258e-02 
 0.369262 1.357298e-02 
 0.371258 1.340397e-02 
 0.373254 1.323558e-02 
 0.375250 1.306783e-02 
 0.377246 1.290076e-02 
 0.379242 1.273439e-02 
 0.381238 1.256874e-02 
 0.383234 1.240385e-02 
 0.385230 1.223973e-02 
 0.387226 1.207641e-02 
 0.389222 1.191391e-02 
 0.391218 1.175226e-02 
 0.393214 1.159148e-02 
 0.395210 1.143159e-02 
 0.397206 1.127261e-02 
 0.399202 1.111456e-02 
 0.401198 1.095746e-02 
 0.403194 1.080134e-02 
 0.405190 1.064621e-02 
 0.407186 1.049208e-02 
 0.409182 1.033898e-02 
 0.411178 1.018693e-02 
 0.413174 1.003593e-02 
 0.415170 9.886015e-03 
 0.417166 9.737188e-03 
 0.419162 9.589466e-03 
 0.421158 9.442865e-03 
 0.423154 9.297398e-03 
 0.425150 9.153079e-03 
 0.427146 9.009921e-03 
 0.429142 8.867934e-03 
 0.431138 8.727132e-03 
 0.433134 8.587526e-03 
 0.435130 8.449125e-03 
 0.437126 8.311941e-03 
 0.439122 8.175982e-03 
 0.441118 8.041258e-03 
 0.443114 7.907778e-03 
 0.445110 7.775550e-03 
 0.447106 7.644581e-03 
 0.449102 7.514878e-03 
 0.451098 7.386449e-03 
 0.453094 7.259300e-03 
 0.455090 7.133436e-03 
 0.457086 7.008863e-03 
 0.459082 6.885586e-03 
 0.461078 6.763609e-03 
 0.463074 6.642936e-03 
 0.465070 6.523570e-03 
 0.467066 6.405516e-03 
 0.469062 6.288776e-03 
 0.471058 6.173351e-03 
 0.473054 6.059245e-03 
 0.475050 5.946458e-03 
 0.477046 5.834991e-03 
 0.479042 5.724847e-03 
 0.481038 5.616023e-03 
 0.483034 5.508522e-03 
 0.485030 5.402342e-03 
 0.487026 5.297482e-03 
 0.489022 5.193942e-03 
 0.491018 5.091720e-03 
 0.493014 4.990814e-03 
 0.495010 4.891221e-03 
 0.497006 4.792941e-03 
 0.499002 4.695969e-03 
 0.500999 4.600303e-03 
 0.502995 4.505939e-03 
 0.504991 4.412873e-03 
 0.506987 4.321102e-03 
 0.508983 4.230621e-03 
 0.510979 4.141425e-03 
 0.512975 4.053510e-03 
 0.514971 3.966870e-03 
 0.516967 3.881500e-03 
 0.518963 3.797394e-03 
 0.520959 3.714546e-03 
 0.522955 3.632950e-03 
 0.524951 3.552600e-03 
 0.526947 3.473488e-03 
 0.528943 3.395608e-03 
 0.530939 3.318953e-03 
 0.532935 3.243515e-03 
 0.534931 3.169286e-03 
 0.536927 3.096259e-03 
 0.538923 3.024425e-03 
 0.540919 2.953777e-03 
 0.542915 2.884306e-03 
 0.544911 2.816003e-03 
 0.546907 2.748859e-03 
 0.548903 2.682866e-03 
 0.550899 2.618015e-03 
 0.552895 2.554296e-03 
 0.554891 2.491699e-03 
 0.556887 2.430217e-03 
 0.558883 2.369837e-03 
 0.560879 2.310552e-03 
 0.562875 2.252350e-03 
 0.564871 2.195222e-03 
 0.566867 2.139157e-03 
 0.568863 2.084146e-03 
 0.570859 2.030177e-03 
 0.572855 1.977241e-03 
 0.574851 1.925325e-03 
 0.576847 1.874421e-03 
 0.578843 1.824517e-03 
 0.580839 1.775601e-03 
 0.582835 1.727664e-03 
 0.584831 1.680693e-03 
 0.586827 1.634679e-03 
 0.588823 1.589608e-03 
 0.590819 1.545471e-03 
 0.592815 1.502256e-03 
 0.594811 1.459952e-03 
 0.596807 1.418546e-03 
 0.598803 1.378029e-03 
 0.600799 1.338387e-03 
 0.602795 1.299610e-03 
 0.604791 1.261687e-03 
 0.606787 1.224605e-03 
 0.608783 1.188354e-03 
 0.610779 1.152922e-03 
 0.612775 1.118297e-03 
 0.614771 1.084467e-03 
 0.616767 1.051422e-03 
 0.618763 1.019150e-03 
 0.620759 9.876391e-04 
 0.622755 9.568778e-04 
 0.624751 9.268547e-04 
 0.626747 8.975584e-04 
 0.628743 8.689775e-04 
 0.630739 8.411006e-04 
 0.632735 8.139163e-04 
 0.634731 7.874134e-04 
 0.636727 7.615804e-04 
 0.638723 7.364062e-04 
 0.640719 7.118796e-04 
 0.642715 6.879894e-04 
 0.644711 6.647246e-04 
 0.646707 6.420742e-04 
 0.648703 6.200271e-04 
 0.650699 5.985724e-04 
 0.652695 5.776993e-04 
 0.654691 5.573970e-04 
 0.656687 5.376548e-04 
 0.658683 5.184620e-04 
 0.660679 4.998081e-04 
 0.662675 4.816826e-04 
 0.664671 4.640751e-04 
 0.666667 4.469753e-04 
 0.668663 4.303730e-04 
 0.670659 4.142581e-04 
 0.672655 3.986205e-04 
 0.674651 3.834502e-04 
 0.676647 3.687375e-04 
 0.678643 3.544725e-04 
 0.680639 3.406456e-04 
 0.682635 3.272471e-04 
 0.684631 3.142677e-04 
 0.686627 3.016979e-04 
 0.688623 2.895285e-04 
 0.690619 2.777503e-04 
 0.692615 2.663543e-04 
 0.694611 2.553315e-04 
 0.696607 2.446731e-04 
 0.698603 2.343704e-04 
 0.700599 2.244148e-04 
 0.702595 2.147977e-04 
 0.704591 2.055108e-04 
 0.706587 1.965457e-04 
 0.708583 1.878943e-04 
 0.710579 1.795486e-04 
 0.712575 1.715007e-04 
 0.714571 1.637426e-04 
 0.716567 1.562668e-04 
 0.718563 1.490656e-04 
 0.720559 1.421315e-04 
 0.722555 1.354574e-04 
 0.724551 1.290358e-04 
 0.726547 1.228598e-04 
 0.728543 1.169223e-04 
 0.730539 1.112165e-04 
 0.732535 1.057356e-04 
 0.734531 1.004730e-04 
 0.736527 9.542220e-05 
 0.738523 9.057682e-05 
 0.740519 8.593059e-05 
 0.742515 8.147737e-05 
 0.744511 7.721112e-05 
 0.746507 7.312595e-05 
 0.748503 6.921607e-05 
 0.750499 6.547578e-05 
 0.752495 6.189953e-05 
 0.754491 5.848186e-05 
 0.756487 5.521745e-05 
 0.758483 5.210108e-05 
 0.760479 4.912766e-05 
 0.762475 4.629220e-05 
 0.764471 4.358985e-05 
 0.766467 4.101584e-05 
 0.768463 3.856554e-05 
 0.770459 3.623440e-05 
 0.772455 3.401799e-05 
 0.774451 3.191200e-05 
 0.776447 2.991220e-05 
 0.778443 2.801451e-05 
 0.780439 2.621491e-05 
 0.782435 2.450952e-05 
 0.784431 2.289456e-05 
 0.786427 2.136635e-05 
 0.788423 1.992131e-05 
 0.790419 1.855594e-05 
 0.792415 1.726688e-05 
 0.794411 1.605084e-05 
 0.796407 1.490462e-05 
 0.798403 1.382513e-05 
 0.800399 1.280938e-05 
 0.802395 1.185446e-05 
 0.804391 1.095756e-05 
 0.806387 1.011596e-05 
 0.808383 9.327013e-06 
 0.810379 8.588178e-06 
 0.812375 7.896990e-06 
 0.814371 7.251070e-06 
 0.816367 6.648119e-06 
 0.818363 6.085922e-06 
 0.820359 5.562346e-06 
 0.822355 5.075339e-06 
 0.824351 4.622927e-06 
 0.826347 4.203208e-06 
 0.828343 3.814351e-06 
 0.830339 3.454599e-06 
 0.832335 3.122265e-06 
 0.834332 2.815731e-06 
 0.836328 2.533445e-06 
 0.838324 2.273919e-06 
 0.840320 2.035732e-06 
 0.842316 1.817526e-06 
 0.844312 1.618008e-06 
 0.846308 1.435940e-06 
 0.848304 1.270144e-06 
 0.850300 1.119498e-06 
 0.852296 9.829394e-07 
 0.854292 8.594601e-07 
 0.856288 7.481005e-07 
 0.858284 6.479490e-07 
 0.860280 5.581427e-07 
 0.862276 4.778681e-07 
 0.864272 4.063584e-07 
 0.866268 3.428874e-07 
 0.868264 2.867704e-07 
 0.870260 2.373649e-07 
 0.872256 1.940706e-07 
 0.874252 1.563268e-07 
 0.876248 1.236067e-07 
 0.878244 9.541750e-08 
 0.880240 7.130118e-08 
 0.882236 5.083497e-08 
 0.884232 3.362832e-08 
 0.886228 1.931749e-08 
 0.888224 7.565611e-09 
 0.890220 -1.936763e-09 
 0.892216 -9.471167e-09 
 0.894212 -1.529384e-08 
 0.896208 -1.964060e-08 
 0.898204 -2.272682e-08 
 0.900200 -2.474697e-08 
 0.902196 -2.587417e-08 
 0.904192 -2.626233e-08 
 0.906188 -2.605037e-08 
 0.908184 -2.536210e-08 
 0.910180 -2.430590e-08 
 0.912176 -2.297420e-08 
 0.914172 -2.144572e-08 
 0.916168 -1.978955e-08 
 0.918164 -1.806528e-08 
 0.920160 -1.632275e-08 
 0.922156 -1.460165e-08 
 0.924152 -1.293309e-08 
 0.926148 -1.134245e-08 
 0.928144 -9.849521e-09 
 0.930140 -8.468228e-09 
 0.932136 -7.206428e-09 
 0.934132 -6.067092e-09 
 0.936128 -5.050760e-09 
 0.938124 -4.155649e-09 
 0.940120 -3.377542e-09 
 0.942116 -2.709639e-09 
 0.944112 -2.143302e-09 
 0.946108 -1.669581e-09 
 0.948104 -1.279323e-09 
 0.950100 -9.631352e-10 
 0.952096 -7.113227e-10 
 0.954092 -5.142319e-10 
 0.956088 -3.629495e-10 
 0.958084 -2.493778e-10 
 0.960080 -1.662575e-10 
 0.962076 -1.071795e-10 
 0.964072 -6.657335e-11 
 0.966068 -3.966705e-11 
 0.968064 -2.250366e-11 
 0.970060 -1.198009e-11 
 0.972056 -5.885414e-12 
 0.974052 -2.726597e-12 
 0.976048 -1.335212e-12 
 0.978044 -8.346212e-13 
 0.980040 -6.545424e-13 
 0.982036 -5.506468e-13 
 0.984032 -5.085258e-13 
 0.986028 -5.258739e-13 
 0.988024 -5.864461e-13 
 0.990020 -6.555626e-13 
 0.992016 -6.785475e-13 
 0.994012 -6.012569e-13 
 0.996008 -4.164899e-13 
 0.998004 -1.782640e-13 