
 0.001997 -1.551653e-05 
 0.003993 -2.771244e-04 
 0.005989 -6.894597e-04 
 0.007985 -1.215775e-03 
 0.009981 -1.832517e-03 
 0.011977 -2.523702e-03 
 0.013973 -3.277200e-03 
 0.015969 -4.083517e-03 
 0.017965 -4.934921e-03 
 0.019961 -5.824977e-03 
 0.021957 -6.748226e-03 
 0.023953 -7.699966e-03 
 0.025949 -8.676098e-03 
 0.027945 -9.673011e-03 
 0.029941 -1.068750e-02 
 0.031937 -1.171671e-02 
 0.033933 -1.275805e-02 
 0.035929 -1.380921e-02 
 0.037925 -1.486807e-02 
 0.039921 -1.593271e-02 
 0.041917 -1.700137e-02 
 0.043913 -1.807243e-02 
 0.045909 -1.914443e-02 
 0.047905 -2.021600e-02 
 0.049901 -2.128587e-02 
 0.051897 -2.235290e-02 
 0.053893 -2.341600e-02 
 0.055889 -2.447419e-02 
 0.057885 -2.552654e-02 
 0.059881 -2.657220e-02 
 0.061877 -2.761038e-02 
 0.063873 -2.864035e-02 
 0.065869 -2.966142e-02 
 0.067865 -3.067296e-02 
 0.069861 -3.167438e-02 
 0.071857 -3.266513e-02 
 0.073853 -3.364471e-02 
 0.075849 -3.461263e-02 
 0.077845 -3.556846e-02 
 0.079841 -3.651179e-02 
 0.081837 -3.744224e-02 
 0.083833 -3.835947e-02 
 0.085829 -3.926314e-02 
 0.087825 -4.015297e-02 
 0.089821 -4.102867e-02 
 0.091817 -4.188998e-02 
 0.093813 -4.273669e-02 
 0.095809 -4.356856e-02 
 0.097805 -4.438542e-02 
 0.099801 -4.518708e-02 
 0.101797 -4.597340e-02 
 0.103793 -4.674423e-02 
 0.105789 -4.749946e-02 
 0.107785 -4.823898e-02 
 0.109781 -4.896269e-02 
 0.111777 -4.967051e-02 
 0.113773 -5.036237e-02 
 0.115769 -5.103821e-02 
 0.117765 -5.169800e-02 
 0.119761 -5.234168e-02 
 0.121757 -5.296923e-02 
 0.123753 -5.358064e-02 
 0.125749 -5.417590e-02 
 0.127745 -5.475501e-02 
 0.129741 -5.531798e-02 
 0.131737 -5.586483e-02 
 0.133733 -5.639559e-02 
 0.135729 -5.691029e-02 
 0.137725 -5.740897e-02 
 0.139721 -5.789169e-02 
 0.141717 -5.835850e-02 
 0.143713 -5.880945e-02 
 0.145709 -5.924462e-02 
 0.147705 -5.966408e-02 
 0.149701 -6.006790e-02 
 0.151697 -6.045618e-02 
 0.153693 -6.082900e-02 
 0.155689 -6.118645e-02 
 0.157685 -6.152863e-02 
 0.159681 -6.185565e-02 
 0.161677 -6.216761e-02 
 0.163673 -6.246462e-02 
 0.165669 -6.274680e-02 
 0.167666 -6.301426e-02 
 0.169662 -6.326714e-02 
 0.171658 -6.350555e-02 
 0.173654 -6.372962e-02 
 0.175650 -6.393948e-02 
 0.177646 -6.413528e-02 
 0.179642 -6.431714e-02 
 0.181638 -6.448520e-02 
 0.183634 -6.463962e-02 
 0.185630 -6.478053e-02 
 0.187626 -6.490807e-02 
 0.189622 -6.502241e-02 
 0.191618 -6.512369e-02 
 0.193614 -6.521206e-02 
 0.195610 -6.528768e-02 
 0.197606 -6.535071e-02 
 0.199602 -6.540130e-02 
 0.201598 -6.543962e-02 
 0.203594 -6.546582e-02 
 0.205590 -6.548006e-02 
 0.207586 -6.548252e-02 
 0.209582 -6.547334e-02 
 0.211578 -6.545270e-02 
 0.213574 -6.542075e-02 
 0.215570 -6.537768e-02 
 0.217566 -6.532363e-02 
 0.219562 -6.525879e-02 
 0.221558 -6.518332e-02 
 0.223554 -6.509738e-02 
 0.225550 -6.500115e-02 
 0.227546 -6.489479e-02 
 0.229542 -6.477848e-02 
 0.231538 -6.465239e-02 
 0.233534 -6.451668e-02 
 0.235530 -6.437152e-02 
 0.237526 -6.421709e-02 
 0.239522 -6.405355e-02 
 0.241518 -6.388107e-02 
 0.243514 -6.369983e-02 
 0.245510 -6.350999e-02 
 0.247506 -6.331171e-02 
 0.249502 -6.310518e-02 
 0.251498 -6.289055e-02 
 0.253494 -6.266798e-02 
 0.255490 -6.243766e-02 
 0.257486 -6.219975e-02 
 0.259482 -6.195440e-02 
 0.261478 -6.170179e-02 
 0.263474 -6.144208e-02 
 0.265470 -6.117544e-02 
 0.267466 -6.090202e-02 
 0.269462 -6.062200e-02 
 0.271458 -6.033553e-02 
 0.273454 -6.004278e-02 
 0.275450 -5.974390e-02 
 0.277446 -5.943907e-02 
 0.279442 -5.912842e-02 
 0.281438 -5.881214e-02 
 0.283434 -5.849035e-02 
 0.285430 -5.816323e-02 
 0.287426 -5.783092e-02 
 0.289422 -5.749358e-02 
 0.291418 -5.715136e-02 
 0.293414 -5.680441e-02 
 0.295410 -5.645288e-02 
 0.297406 -5.609691e-02 
 0.299402 -5.573665e-02 
 0.301398 -5.537226e-02 
 0.303394 -5.500387e-02 
 0.305390 -5.463162e-02 
 0.307386 -5.425566e-02 
 0.309382 -5.387613e-02 
 0.311378 -5.349317e-02 
 0.313374 -5.310692e-02 
 0.315370 -5.271750e-02 
 0.317366 -5.232507e-02 
 0.319362 -5.192974e-02 
 0.321358 -5.153166e-02 
 0.323354 -5.113095e-02 
 0.325350 -5.072775e-02 
 0.327346 -5.032217e-02 
 0.329342 -4.991436e-02 
 0.331338 -4.950442e-02 
 0.333334 -4.909249e-02 
 0.335330 -4.867869e-02 
 0.337326 -4.826314e-02 
 0.339322 -4.784595e-02 
 0.341318 -4.742725e-02 
 0.343314 -4.700715e-02 
 0.345310 -4.658577e-02 
 0.347306 -4.616321e-02 
 0.349302 -4.573959e-02 
 0.351298 -4.531503e-02 
 0.353294 -4.488962e-02 
 0.355290 -4.446347e-02 
 0.357286 -4.403670e-02 
 0.359282 -4.360940e-02 
 0.361278 -4.318168e-02 
 0.363274 -4.275364e-02 
 0.365270 -4.232538e-02 
 0.367266 -4.189700e-02 
 0.369262 -4.146859e-02 
 0.371258 -4.104024e-02 
 0.373254 -4.061206e-02 
 0.375250 -4.018412e-02 
 0.377246 -3.975653e-02 
 0.379242 -3.932937e-02 
 0.381238 -3.890272e-02 
 0.383234 -3.847667e-02 
 0.385230 -3.805131e-02 
 0.387226 -3.762671e-02 
 0.389222 -3.720296e-02 
 0.391218 -3.678013e-02 
 0.393214 -3.635831e-02 
 0.395210 -3.593756e-02 
 0.397206 -3.551797e-02 
 0.399202 -3.509960e-02 
 0.401198 -3.468252e-02 
 0.403194 -3.426681e-02 
 0.405190 -3.385253e-02 
 0.407186 -3.343974e-02 
 0.409182 -3.302852e-02 
 0.411178 -3.261893e-02 
 0.413174 -3.221102e-02 
 0.415170 -3.180487e-02 
 0.417166 -3.140052e-02 
 0.419162 -3.099804e-02 
 0.421158 -3.059748e-02 
 0.423154 -3.019890e-02 
 0.425150 -2.980235e-02 
 0.427146 -2.940788e-02 
 0.429142 -2.901556e-02 
 0.431138 -2.862541e-02 
 0.433134 -2.823750e-02 
 0.435130 -2.785187e-02 
 0.437126 -2.746856e-02 
 0.439122 -2.708763e-02 
 0.441118 -2.670910e-02 
 0.443114 -2.633303e-02 
 0.445110 -2.595945e-02 
 0.447106 -2.558840e-02 
 0.449102 -2.521991e-02 
 0.451098 -2.485403e-02 
 0.453094 -2.449078e-02 
 0.455090 -2.413019e-02 
 0.457086 -2.377230e-02 
 0.459082 -2.341715e-02 
 0.461078 -2.306474e-02 
 0.463074 -2.271513e-02 
 0.465070 -2.236832e-02 
 0.467066 -2.202436e-02 
 0.469062 -2.168325e-02 
 0.471058 -2.134504e-02 
 0.473054 -2.100973e-02 
 0.475050 -2.067736e-02 
 0.477046 -2.034793e-02 
 0.479042 -2.002147e-02 
 0.481038 -1.969801e-02 
 0.483034 -1.937754e-02 
 0.485030 -1.906010e-02 
 0.487026 -1.874570e-02 
 0.489022 -1.843435e-02 
 0.491018 -1.812605e-02 
 0.493014 -1.782083e-02 
 0.495010 -1.751870e-02 
 0.497006 -1.721966e-02 
 0.499002 -1.692371e-02 
 0.500999 -1.663088e-02 
 0.502995 -1.634116e-02 
 0.504991 -1.605456e-02 
 0.506987 -1.577108e-02 
 0.508983 -1.549074e-02 
 0.510979 -1.521352e-02 
 0.512975 -1.493943e-02 
 0.514971 -1.466848e-02 
 0.516967 -1.440067e-02 
 0.518963 -1.413599e-02 
 0.520959 -1.387443e-02 
 0.522955 -1.361601e-02 
 0.524951 -1.336071e-02 
 0.526947 -1.310853e-02 
 0.528943 -1.285946e-02 
 0.530939 -1.261351e-02 
 0.532935 -1.237066e-02 
 0.534931 -1.213091e-02 
 0.536927 -1.189425e-02 
 0.538923 -1.166068e-02 
 0.540919 -1.143019e-02 
 0.542915 -1.120277e-02 
 0.544911 -1.097840e-02 
 0.546907 -1.075708e-02 
 0.548903 -1.053880e-02 
 0.550899 -1.032354e-02 
 0.552895 -1.011129e-02 
 0.554891 -9.902029e-03 
 0.556887 -9.695757e-03 
 0.558883 -9.492452e-03 
 0.560879 -9.292101e-03 
 0.562875 -9.094689e-03 
 0.564871 -8.900200e-03 
 0.566867 -8.708618e-03 
 0.568863 -8.519926e-03 
 0.570859 -8.334107e-03 
 0.572855 -8.151143e-03 
 0.574851 -7.971016e-03 
 0.576847 -7.793707e-03 
 0.578843 -7.619198e-03 
 0.580839 -7.447469e-03 
 0.582835 -7.278502e-03 
 0.584831 -7.112275e-03 
 0.586827 -6.948770e-03 
 0.588823 -6.787965e-03 
 0.590819 -6.629839e-03 
 0.592815 -6.474372e-03 
 0.594811 -6.321540e-03 
 0.596807 -6.171321e-03 
 0.598803 -6.023694e-03 
 0.600799 -5.878634e-03 
 0.602795 -5.736120e-03 
 0.604791 -5.596127e-03 
 0.606787 -5.458632e-03 
 0.608783 -5.323613e-03 
 0.610779 -5.191044e-03 
 0.612775 -5.060903e-03 
 0.614771 -4.933167e-03 
 0.616767 -4.807811e-03 
 0.618763 -4.684811e-03 
 0.620759 -4.564142e-03 
 0.622755 -4.445777e-03 
 0.624751 -4.329693e-03 
 0.626747 -4.215863e-03 
 0.628743 -4.104263e-03 
 0.630739 -3.994866e-03 
 0.632735 -3.887649e-03 
 0.634731 -3.782586e-03 
 0.636727 -3.679651e-03 
 0.638723 -3.578820e-03 
 0.640719 -3.480066e-03 
 0.642715 -3.383364e-03 
 0.644711 -3.288687e-03 
 0.646707 -3.196009e-03 
 0.648703 -3.105304e-03 
 0.650699 -3.016546e-03 
 0.652695 -2.929709e-03 
 0.654691 -2.844768e-03 
 0.656687 -2.761697e-03 
 0.658683 -2.680470e-03 
 0.660679 -2.601061e-03 
 0.662675 -2.523444e-03 
 0.664671 -2.447595e-03 
 0.666667 -2.373486e-03 
 0.668663 -2.301092e-03 
 0.670659 -2.230388e-03 
 0.672655 -2.161349e-03 
 0.674651 -2.093948e-03 
 0.676647 -2.028161e-03 
 0.678643 -1.963962e-03 
 0.680639 -1.901326e-03 
 0.682635 -1.840228e-03 
 0.684631 -1.780644e-03 
 0.686627 -1.722547e-03 
 0.688623 -1.665914e-03 
 0.690619 -1.610720e-03 
 0.692615 -1.556941e-03 
 0.694611 -1.504551e-03 
 0.696607 -1.453527e-03 
 0.698603 -1.403845e-03 
 0.700599 -1.355481e-03 
 0.702595 -1.308411e-03 
 0.704591 -1.262612e-03 
 0.706587 -1.218059e-03 
 0.708583 -1.174731e-03 
 0.710579 -1.132604e-03 
 0.712575 -1.091655e-03 
 0.714571 -1.051861e-03 
 0.716567 -1.013200e-03 
 0.718563 -9.756494e-04 
 0.720559 -9.391873e-04 
 0.722555 -9.037915e-04 
 0.724551 -8.694405e-04 
 0.726547 -8.361127e-04 
 0.728543 -8.037866e-04 
 0.730539 -7.724414e-04 
 0.732535 -7.420560e-04 
 0.734531 -7.126097e-04 
 0.736527 -6.840822e-04 
 0.738523 -6.564532e-04 
 0.740519 -6.297026e-04 
 0.742515 -6.038108e-04 
 0.744511 -5.787580e-04 
 0.746507 -5.545251e-04 
 0.748503 -5.310928e-04 
 0.750499 -5.084423e-04 
 0.752495 -4.865551e-04 
 0.754491 -4.654127e-04 
 0.756487 -4.449969e-04 
 0.758483 -4.252899e-04 
 0.760479 -4.062739e-04 
 0.762475 -3.879315e-04 
 0.764471 -3.702457e-04 
 0.766467 -3.531993e-04 
 0.768463 -3.367757e-04 
 0.770459 -3.209584e-04 
 0.772455 -3.057313e-04 
 0.774451 -2.910784e-04 
 0.776447 -2.769839e-04 
 0.778443 -2.634325e-04 
 0.780439 -2.504089e-04 
 0.782435 -2.378980e-04 
 0.784431 -2.258853e-04 
 0.786427 -2.143561e-04 
 0.788423 -2.032963e-04 
 0.790419 -1.926919e-04 
 0.792415 -1.825291e-04 
 0.794411 -1.727946e-04 
 0.796407 -1.634751e-04 
 0.798403 -1.545575e-04 
 0.800399 -1.460292e-04 
 0.802395 -1.378775e-04 
 0.804391 -1.300903e-04 
 0.806387 -1.226554e-04 
 0.808383 -1.155611e-04 
 0.810379 -1.087959e-04 
 0.812375 -1.023485e-04 
 0.814371 -9.620776e-05 
 0.816367 -9.036298e-05 
 0.818363 -8.480356e-05 
 0.820359 -7.951915e-05 
 0.822355 -7.449965e-05 
 0.824351 -6.973517e-05 
 0.826347 -6.521607e-05 
 0.828343 -6.093292e-05 
 0.830339 -5.687654e-05 
 0.832335 -5.303796e-05 
 0.834332 -4.940845e-05 
 0.836328 -4.597951e-05 
 0.838324 -4.274283e-05 
 0.840320 -3.969033e-05 
 0.842316 -3.681417e-05 
 0.844312 -3.410669e-05 
 0.846308 -3.156048e-05 
 0.848304 -2.916829e-05 
 0.850300 -2.692312e-05 
 0.852296 -2.481816e-05 
 0.854292 -2.284681e-05 
 0.856288 -2.100267e-05 
 0.858284 -1.927952e-05 
 0.860280 -1.767137e-05 
 0.862276 -1.617241e-05 
 0.864272 -1.477703e-05 
 0.866268 -1.347980e-05 
 0.868264 -1.227547e-05 
 0.870260 -1.115899e-05 
 0.872256 -1.012548e-05 
 0.874252 -9.170249e-06 
 0.876248 -8.288771e-06 
 0.878244 -7.476694e-06 
 0.880240 -6.729837e-06 
 0.882236 -6.044192e-06 
 0.884232 -5.415918e-06 
 0.886228 -4.841331e-06 
 0.888224 -4.316900e-06 
 0.890220 -3.839255e-06 
 0.892216 -3.405180e-06 
 0.894212 -3.011616e-06 
 0.896208 -2.655639e-06 
 0.898204 -2.334468e-06 
 0.900200 -2.045461e-06 
 0.902196 -1.786120e-06 
 0.904192 -1.554083e-06 
 0.906188 -1.347109e-06 
 0.908184 -1.163081e-06 
 0.910180 -1.000006e-06 
 0.912176 -8.560176e-07 
 0.914172 -7.293681e-07 
 0.916168 -6.184145e-07 
 0.918164 -5.216188e-07 
 0.920160 -4.375496e-07 
 0.922156 -3.648843e-07 
 0.924152 -3.024013e-07 
 0.926148 -2.489648e-07 
 0.928144 -2.035250e-07 
 0.930140 -1.651198e-07 
 0.932136 -1.328766e-07 
 0.934132 -1.060048e-07 
 0.936128 -8.378103e-08 
 0.938124 -6.554883e-08 
 0.940120 -5.072030e-08 
 0.942116 -3.877798e-08 
 0.944112 -2.926745e-08 
 0.946108 -2.178173e-08 
 0.948104 -1.596083e-08 
 0.950100 -1.149322e-08 
 0.952096 -8.117365e-09 
 0.954092 -5.615090e-09 
 0.956088 -3.797081e-09 
 0.958084 -2.502209e-09 
 0.960080 -1.598568e-09 
 0.962076 -9.846991e-10 
 0.964072 -5.842261e-10 
 0.966068 -3.340775e-10 
 0.968064 -1.836514e-10 
 0.970060 -9.535821e-11 
 0.972056 -4.531475e-11 
 0.974052 -2.011549e-11 
 0.976048 -9.633255e-12 
 0.978044 -6.327099e-12 
 0.980040 -5.333448e-12 
 0.982036 -4.650998e-12 
 0.984032 -4.287599e-12 
 0.986028 -4.335447e-12 
 0.988024 -4.739933e-12 
 0.990020 -5.259308e-12 
 0.992016 -5.449889e-12 
 0.994012 -4.846160e-12 
 0.996008 -3.369134e-12 
 0.998004 -1.446915e-12 