
 0.001997 -4.563849e-05 
 0.003993 -1.290084e-04 
 0.005989 -2.410825e-04 
 0.007985 -3.777864e-04 
 0.009981 -5.363634e-04 
 0.011977 -7.147724e-04 
 0.013973 -9.113692e-04 
 0.015969 -1.124777e-03 
 0.017965 -1.353803e-03 
 0.019961 -1.597391e-03 
 0.021957 -1.854588e-03 
 0.023953 -2.124522e-03 
 0.025949 -2.406379e-03 
 0.027945 -2.699399e-03 
 0.029941 -3.002862e-03 
 0.031937 -3.316086e-03 
 0.033933 -3.638420e-03 
 0.035929 -3.969240e-03 
 0.037925 -4.307945e-03 
 0.039921 -4.653957e-03 
 0.041917 -5.006719e-03 
 0.043913 -5.365698e-03 
 0.045909 -5.730389e-03 
 0.047905 -6.100313e-03 
 0.049901 -6.475013e-03 
 0.051897 -6.854054e-03 
 0.053893 -7.237021e-03 
 0.055889 -7.623514e-03 
 0.057885 -8.013152e-03 
 0.059881 -8.405566e-03 
 0.061877 -8.800405e-03 
 0.063873 -9.197332e-03 
 0.065869 -9.596031e-03 
 0.067865 -9.996204e-03 
 0.069861 -1.039757e-02 
 0.071857 -1.079987e-02 
 0.073853 -1.120284e-02 
 0.075849 -1.160626e-02 
 0.077845 -1.200990e-02 
 0.079841 -1.241354e-02 
 0.081837 -1.281699e-02 
 0.083833 -1.322006e-02 
 0.085829 -1.362257e-02 
 0.087825 -1.402435e-02 
 0.089821 -1.442525e-02 
 0.091817 -1.482510e-02 
 0.093813 -1.522377e-02 
 0.095809 -1.562113e-02 
 0.097805 -1.601705e-02 
 0.099801 -1.641141e-02 
 0.101797 -1.680410e-02 
 0.103793 -1.719500e-02 
 0.105789 -1.758403e-02 
 0.107785 -1.797107e-02 
 0.109781 -1.835606e-02 
 0.111777 -1.873889e-02 
 0.113773 -1.911948e-02 
 0.115769 -1.949777e-02 
 0.117765 -1.987368e-02 
 0.119761 -2.024714e-02 
 0.121757 -2.061809e-02 
 0.123753 -2.098646e-02 
 0.125749 -2.135220e-02 
 0.127745 -2.171526e-02 
 0.129741 -2.207559e-02 
 0.131737 -2.243314e-02 
 0.133733 -2.278786e-02 
 0.135729 -2.313971e-02 
 0.137725 -2.348867e-02 
 0.139721 -2.383468e-02 
 0.141717 -2.417771e-02 
 0.143713 -2.451775e-02 
 0.145709 -2.485475e-02 
 0.147705 -2.518868e-02 
 0.149701 -2.551953e-02 
 0.151697 -2.584727e-02 
 0.153693 -2.617187e-02 
 0.155689 -2.649331e-02 
 0.157685 -2.681157e-02 
 0.159681 -2.712664e-02 
 0.161677 -2.743849e-02 
 0.163673 -2.774712e-02 
 0.165669 -2.805250e-02 
 0.167666 -2.835462e-02 
 0.169662 -2.865347e-02 
 0.171658 -2.894904e-02 
 0.173654 -2.924132e-02 
 0.175650 -2.953030e-02 
 0.177646 -2.981598e-02 
 0.179642 -3.009835e-02 
 0.181638 -3.037740e-02 
 0.183634 -3.065314e-02 
 0.185630 -3.092556e-02 
 0.187626 -3.119465e-02 
 0.189622 -3.146041e-02 
 0.191618 -3.172285e-02 
 0.193614 -3.198196e-02 
 0.195610 -3.223774e-02 
 0.197606 -3.249018e-02 
 0.199602 -3.273930e-02 
 0.201598 -3.298508e-02 
 0.203594 -3.322753e-02 
 0.205590 -3.346666e-02 
 0.207586 -3.370245e-02 
 0.209582 -3.393492e-02 
 0.211578 -3.416408e-02 
 0.213574 -3.438991e-02 
 0.215570 -3.461243e-02 
 0.217566 -3.483165e-02 
 0.219562 -3.504757e-02 
 0.221558 -3.526020e-02 
 0.223554 -3.546953e-02 
 0.225550 -3.567560e-02 
 0.227546 -3.587838e-02 
 0.229542 -3.607791e-02 
 0.231538 -3.627417e-02 
 0.233534 -3.646718e-02 
 0.235530 -3.665695e-02 
 0.237526 -3.684348e-02 
 0.239522 -3.702677e-02 
 0.241518 -3.720683e-02 
 0.243514 -3.738368e-02 
 0.245510 -3.755731e-02 
 0.247506 -3.772774e-02 
 0.249502 -3.789496e-02 
 0.251498 -3.805900e-02 
 0.253494 -3.821986e-02 
 0.255490 -3.837754e-02 
 0.257486 -3.853207e-02 
 0.259482 -3.868344e-02 
 0.261478 -3.883168e-02 
 0.263474 -3.897679e-02 
 0.265470 -3.911878e-02 
 0.267466 -3.925767e-02 
 0.269462 -3.939346e-02 
 0.271458 -3.952617e-02 
 0.273454 -3.965580e-02 
 0.275450 -3.978238e-02 
 0.277446 -3.990590e-02 
 0.279442 -4.002638e-02 
 0.281438 -4.014384e-02 
 0.283434 -4.025827e-02 
 0.285430 -4.036969e-02 
 0.287426 -4.047812e-02 
 0.289422 -4.058356e-02 
 0.291418 -4.068602e-02 
 0.293414 -4.078551e-02 
 0.295410 -4.088205e-02 
 0.297406 -4.097565e-02 
 0.299402 -4.106632e-02 
 0.301398 -4.115406e-02 
 0.303394 -4.123890e-02 
 0.305390 -4.132084e-02 
 0.307386 -4.139989e-02 
 0.309382 -4.147607e-02 
 0.311378 -4.154939e-02 
 0.313374 -4.161987e-02 
 0.315370 -4.168751e-02 
 0.317366 -4.175234e-02 
 0.319362 -4.181436e-02 
 0.321358 -4.187360e-02 
 0.323354 -4.193006e-02 
 0.325350 -4.198376e-02 
 0.327346 -4.203471e-02 
 0.329342 -4.208294e-02 
 0.331338 -4.212844e-02 
 0.333334 -4.217124e-02 
 0.335330 -4.221134e-02 
 0.337326 -4.224877e-02 
 0.339322 -4.228352e-02 
 0.341318 -4.231562e-02 
 0.343314 -4.234506e-02 
 0.345310 -4.237187e-02 
 0.347306 -4.239606e-02 
 0.349302 -4.241763e-02 
 0.351298 -4.243660e-02 
 0.353294 -4.245299e-02 
 0.355290 -4.246679e-02 
 0.357286 -4.247803e-02 
 0.359282 -4.248672e-02 
 0.361278 -4.249287e-02 
 0.363274 -4.249650e-02 
 0.365270 -4.249760e-02 
 0.367266 -4.249621e-02 
 0.369262 -4.249233e-02 
 0.371258 -4.248597e-02 
 0.373254 -4.247716e-02 
 0.375250 -4.246589e-02 
 0.377246 -4.245218e-02 
 0.379242 -4.243605e-02 
 0.381238 -4.241751e-02 
 0.383234 -4.239657e-02 
 0.385230 -4.237325e-02 
 0.387226 -4.234755e-02 
 0.389222 -4.231950e-02 
 0.391218 -4.228910e-02 
 0.393214 -4.225637e-02 
 0.395210 -4.222132e-02 
 0.397206 -4.218398e-02 
 0.399202 -4.214434e-02 
 0.401198 -4.210244e-02 
 0.403194 -4.205828e-02 
 0.405190 -4.201187e-02 
 0.407186 -4.196324e-02 
 0.409182 -4.191239e-02 
 0.411178 -4.185935e-02 
 0.413174 -4.180411e-02 
 0.415170 -4.174671e-02 
 0.417166 -4.168714e-02 
 0.419162 -4.162542e-02 
 0.421158 -4.156158e-02 
 0.423154 -4.149561e-02 
 0.425150 -4.142753e-02 
 0.427146 -4.135736e-02 
 0.429142 -4.128510e-02 
 0.431138 -4.121077e-02 
 0.433134 -4.113438e-02 
 0.435130 -4.105595e-02 
 0.437126 -4.097548e-02 
 0.439122 -4.089299e-02 
 0.441118 -4.080849e-02 
 0.443114 -4.072200e-02 
 0.445110 -4.063353e-02 
 0.447106 -4.054308e-02 
 0.449102 -4.045069e-02 
 0.451098 -4.035635e-02 
 0.453094 -4.026009e-02 
 0.455090 -4.016192e-02 
 0.457086 -4.006185e-02 
 0.459082 -3.995991e-02 
 0.461078 -3.985611e-02 
 0.463074 -3.975047e-02 
 0.465070 -3.964299e-02 
 0.467066 -3.953371e-02 
 0.469062 -3.942263e-02 
 0.471058 -3.930976e-02 
 0.473054 -3.919512e-02 
 0.475050 -3.907872e-02 
 0.477046 -3.896057e-02 
 0.479042 -3.884069e-02 
 0.481038 -3.871907e-02 
 0.483034 -3.859574e-02 
 0.485030 -3.847070e-02 
 0.487026 -3.834396e-02 
 0.489022 -3.821554e-02 
 0.491018 -3.808544e-02 
 0.493014 -3.795369e-02 
 0.495010 -3.782030e-02 
 0.497006 -3.768528e-02 
 0.499002 -3.754865e-02 
 0.500999 -3.741043e-02 
 0.502995 -3.727063e-02 
 0.504991 -3.712928e-02 
 0.506987 -3.698639e-02 
 0.508983 -3.684197e-02 
 0.510979 -3.669605e-02 
 0.512975 -3.654863e-02 
 0.514971 -3.639973e-02 
 0.516967 -3.624937e-02 
 0.518963 -3.609756e-02 
 0.520959 -3.594430e-02 
 0.522955 -3.578961e-02 
 0.524951 -3.563350e-02 
 0.526947 -3.547599e-02 
 0.528943 -3.531709e-02 
 0.530939 -3.515681e-02 
 0.532935 -3.499517e-02 
 0.534931 -3.483217e-02 
 0.536927 -3.466784e-02 
 0.538923 -3.450219e-02 
 0.540919 -3.433524e-02 
 0.542915 -3.416699e-02 
 0.544911 -3.399748e-02 
 0.546907 -3.382671e-02 
 0.548903 -3.365469e-02 
 0.550899 -3.348146e-02 
 0.552895 -3.330701e-02 
 0.554891 -3.313137e-02 
 0.556887 -3.295455e-02 
 0.558883 -3.277657e-02 
 0.560879 -3.259745e-02 
 0.562875 -3.241719e-02 
 0.564871 -3.223581e-02 
 0.566867 -3.205334e-02 
 0.568863 -3.186978e-02 
 0.570859 -3.168515e-02 
 0.572855 -3.149947e-02 
 0.574851 -3.131275e-02 
 0.576847 -3.112500e-02 
 0.578843 -3.093625e-02 
 0.580839 -3.074650e-02 
 0.582835 -3.055578e-02 
 0.584831 -3.036409e-02 
 0.586827 -3.017146e-02 
 0.588823 -2.997790e-02 
 0.590819 -2.978342e-02 
 0.592815 -2.958805e-02 
 0.594811 -2.939180e-02 
 0.596807 -2.919468e-02 
 0.598803 -2.899672e-02 
 0.600799 -2.879792e-02 
 0.602795 -2.859831e-02 
 0.604791 -2.839791e-02 
 0.606787 -2.819672e-02 
 0.608783 -2.799478e-02 
 0.610779 -2.779209e-02 
 0.612775 -2.758867e-02 
 0.614771 -2.738454e-02 
 0.616767 -2.717971e-02 
 0.618763 -2.697421e-02 
 0.620759 -2.676805e-02 
 0.622755 -2.656125e-02 
 0.624751 -2.635382e-02 
 0.626747 -2.614579e-02 
 0.628743 -2.593716e-02 
 0.630739 -2.572796e-02 
 0.632735 -2.551820e-02 
 0.634731 -2.530790e-02 
 0.636727 -2.509707e-02 
 0.638723 -2.488573e-02 
 0.640719 -2.467390e-02 
 0.642715 -2.446160e-02 
 0.644711 -2.424883e-02 
 0.646707 -2.403562e-02 
 0.648703 -2.382199e-02 
 0.650699 -2.360795e-02 
 0.652695 -2.339352e-02 
 0.654691 -2.317872e-02 
 0.656687 -2.296357e-02 
 0.658683 -2.274810e-02 
 0.660679 -2.253232e-02 
 0.662675 -2.231625e-02 
 0.664671 -2.209992e-02 
 0.666667 -2.188335e-02 
 0.668663 -2.166655e-02 
 0.670659 -2.144954e-02 
 0.672655 -2.123235e-02 
 0.674651 -2.101499e-02 
 0.676647 -2.079749e-02 
 0.678643 -2.057985e-02 
 0.680639 -2.036209e-02 
 0.682635 -2.014424e-02 
 0.684631 -1.992631e-02 
 0.686627 -1.970831e-02 
 0.688623 -1.949027e-02 
 0.690619 -1.927221e-02 
 0.692615 -1.905414e-02 
 0.694611 -1.883609e-02 
 0.696607 -1.861809e-02 
 0.698603 -1.840014e-02 
 0.700599 -1.818228e-02 
 0.702595 -1.796453e-02 
 0.704591 -1.774692e-02 
 0.706587 -1.752946e-02 
 0.708583 -1.731218e-02 
 0.710579 -1.709511e-02 
 0.712575 -1.687826e-02 
 0.714571 -1.666166e-02 
 0.716567 -1.644533e-02 
 0.718563 -1.622929e-02 
 0.720559 -1.601357e-02 
 0.722555 -1.579818e-02 
 0.724551 -1.558315e-02 
 0.726547 -1.536850e-02 
 0.728543 -1.515424e-02 
 0.730539 -1.494041e-02 
 0.732535 -1.472703e-02 
 0.734531 -1.451412e-02 
 0.736527 -1.430170e-02 
 0.738523 -1.408979e-02 
 0.740519 -1.387843e-02 
 0.742515 -1.366764e-02 
 0.744511 -1.345744e-02 
 0.746507 -1.324786e-02 
 0.748503 -1.303892e-02 
 0.750499 -1.283064e-02 
 0.752495 -1.262306e-02 
 0.754491 -1.241620e-02 
 0.756487 -1.221007e-02 
 0.758483 -1.200472e-02 
 0.760479 -1.180016e-02 
 0.762475 -1.159641e-02 
 0.764471 -1.139351e-02 
 0.766467 -1.119148e-02 
 0.768463 -1.099034e-02 
 0.770459 -1.079012e-02 
 0.772455 -1.059085e-02 
 0.774451 -1.039255e-02 
 0.776447 -1.019526e-02 
 0.778443 -9.998988e-03 
 0.780439 -9.803774e-03 
 0.782435 -9.609642e-03 
 0.784431 -9.416620e-03 
 0.786427 -9.224737e-03 
 0.788423 -9.034020e-03 
 0.790419 -8.844498e-03 
 0.792415 -8.656199e-03 
 0.794411 -8.469151e-03 
 0.796407 -8.283384e-03 
 0.798403 -8.098926e-03 
 0.800399 -7.915806e-03 
 0.802395 -7.734054e-03 
 0.804391 -7.553698e-03 
 0.806387 -7.374769e-03 
 0.808383 -7.197297e-03 
 0.810379 -7.021310e-03 
 0.812375 -6.846840e-03 
 0.814371 -6.673918e-03 
 0.816367 -6.502573e-03 
 0.818363 -6.332836e-03 
 0.820359 -6.164740e-03 
 0.822355 -5.998314e-03 
 0.824351 -5.833591e-03 
 0.826347 -5.670602e-03 
 0.828343 -5.509377e-03 
 0.830339 -5.349950e-03 
 0.832335 -5.192350e-03 
 0.834332 -5.036609e-03 
 0.836328 -4.882759e-03 
 0.838324 -4.730832e-03 
 0.840320 -4.580858e-03 
 0.842316 -4.432868e-03 
 0.844312 -4.286895e-03 
 0.846308 -4.142970e-03 
 0.848304 -4.001123e-03 
 0.850300 -3.861385e-03 
 0.852296 -3.723788e-03 
 0.854292 -3.588361e-03 
 0.856288 -3.455137e-03 
 0.858284 -3.324145e-03 
 0.860280 -3.195415e-03 
 0.862276 -3.068978e-03 
 0.864272 -2.944864e-03 
 0.866268 -2.823101e-03 
 0.868264 -2.703719e-03 
 0.870260 -2.586746e-03 
 0.872256 -2.472210e-03 
 0.874252 -2.360139e-03 
 0.876248 -2.250559e-03 
 0.878244 -2.143497e-03 
 0.880240 -2.038980e-03 
 0.882236 -1.937032e-03 
 0.884232 -1.837677e-03 
 0.886228 -1.740939e-03 
 0.888224 -1.646840e-03 
 0.890220 -1.555400e-03 
 0.892216 -1.466639e-03 
 0.894212 -1.380574e-03 
 0.896208 -1.297222e-03 
 0.898204 -1.216599e-03 
 0.900200 -1.138718e-03 
 0.902196 -1.063593e-03 
 0.904192 -9.912318e-04 
 0.906188 -9.216434e-04 
 0.908184 -8.548318e-04 
 0.910180 -7.907984e-04 
 0.912176 -7.295416e-04 
 0.914172 -6.710571e-04 
 0.916168 -6.153373e-04 
 0.918164 -5.623720e-04 
 0.920160 -5.121479e-04 
 0.922156 -4.646483e-04 
 0.924152 -4.198526e-04 
 0.926148 -3.777346e-04 
 0.928144 -3.382632e-04 
 0.930140 -3.014016e-04 
 0.932136 -2.671080e-04 
 0.934132 -2.353352e-04 
 0.936128 -2.060310e-04 
 0.938124 -1.791378e-04 
 0.940120 -1.545929e-04 
 0.942116 -1.323283e-04 
 0.944112 -1.122686e-04 
 0.946108 -9.432945e-05 
 0.948104 -7.841717e-05 
 0.950100 -6.442926e-05 
 0.952096 -5.225443e-05 
 0.954092 -4.177293e-05 
 0.956088 -3.285683e-05 
 0.958084 -2.537044e-05 
 0.960080 -1.917075e-05 
 0.962076 -1.410915e-05 
 0.964072 -1.003830e-05 
 0.966068 -6.821286e-06 
 0.968064 -4.332114e-06 
 0.970060 -2.455772e-06 
 0.972056 -1.088043e-06 
 0.974052 -1.353792e-07 
 0.976048 4.852418e-07 
 0.978044 8.464852e-07 
 0.980040 1.010840e-06 
 0.982036 1.031030e-06 
 0.984032 9.514353e-07 
 0.986028 8.099958e-07 
 0.988024 6.384553e-07 
 0.990020 4.624737e-07 
 0.992016 3.017174e-07 
 0.994012 1.699588e-07 
 0.996008 7.520797e-08 
 0.998004 1.970565e-08 