
 0.001997 -1.308204e-05 
 0.003993 -3.809021e-05 
 0.005989 -7.046625e-05 
 0.007985 -1.084967e-04 
 0.009981 -1.510793e-04 
 0.011977 -1.974652e-04 
 0.013973 -2.470808e-04 
 0.015969 -2.994727e-04 
 0.017965 -3.542668e-04 
 0.019961 -4.111465e-04 
 0.021957 -4.698380e-04 
 0.023953 -5.300996e-04 
 0.025949 -5.917147e-04 
 0.027945 -6.544876e-04 
 0.029941 -7.182399e-04 
 0.031937 -7.828084e-04 
 0.033933 -8.480430e-04 
 0.035929 -9.138054e-04 
 0.037925 -9.799674e-04 
 0.039921 -1.046410e-03 
 0.041917 -1.113023e-03 
 0.043913 -1.179703e-03 
 0.045909 -1.246353e-03 
 0.047905 -1.312885e-03 
 0.049901 -1.379213e-03 
 0.051897 -1.445261e-03 
 0.053893 -1.510953e-03 
 0.055889 -1.576224e-03 
 0.057885 -1.641008e-03 
 0.059881 -1.705248e-03 
 0.061877 -1.768888e-03 
 0.063873 -1.831877e-03 
 0.065869 -1.894165e-03 
 0.067865 -1.955709e-03 
 0.069861 -2.016465e-03 
 0.071857 -2.076395e-03 
 0.073853 -2.135462e-03 
 0.075849 -2.193635e-03 
 0.077845 -2.250883e-03 
 0.079841 -2.307182e-03 
 0.081837 -2.362507e-03 
 0.083833 -2.416836e-03 
 0.085829 -2.470151e-03 
 0.087825 -2.522434e-03 
 0.089821 -2.573668e-03 
 0.091817 -2.623840e-03 
 0.093813 -2.672936e-03 
 0.095809 -2.720946e-03 
 0.097805 -2.767860e-03 
 0.099801 -2.813670e-03 
 0.101797 -2.858367e-03 
 0.103793 -2.901946e-03 
 0.105789 -2.944400e-03 
 0.107785 -2.985724e-03 
 0.109781 -3.025911e-03 
 0.111777 -3.064958e-03 
 0.113773 -3.102865e-03 
 0.115769 -3.139632e-03 
 0.117765 -3.175263e-03 
 0.119761 -3.209766e-03 
 0.121757 -3.243146e-03 
 0.123753 -3.275412e-03 
 0.125749 -3.306570e-03 
 0.127745 -3.336626e-03 
 0.129741 -3.365584e-03 
 0.131737 -3.393451e-03 
 0.133733 -3.420229e-03 
 0.135729 -3.445925e-03 
 0.137725 -3.470544e-03 
 0.139721 -3.494092e-03 
 0.141717 -3.516576e-03 
 0.143713 -3.538006e-03 
 0.145709 -3.558394e-03 
 0.147705 -3.577753e-03 
 0.149701 -3.596099e-03 
 0.151697 -3.613447e-03 
 0.153693 -3.629810e-03 
 0.155689 -3.645201e-03 
 0.157685 -3.659626e-03 
 0.159681 -3.673092e-03 
 0.161677 -3.685605e-03 
 0.163673 -3.697173e-03 
 0.165669 -3.707808e-03 
 0.167666 -3.717526e-03 
 0.169662 -3.726344e-03 
 0.171658 -3.734282e-03 
 0.173654 -3.741358e-03 
 0.175650 -3.747590e-03 
 0.177646 -3.752989e-03 
 0.179642 -3.757567e-03 
 0.181638 -3.761334e-03 
 0.183634 -3.764299e-03 
 0.185630 -3.766472e-03 
 0.187626 -3.767864e-03 
 0.189622 -3.768487e-03 
 0.191618 -3.768353e-03 
 0.193614 -3.767473e-03 
 0.195610 -3.765861e-03 
 0.197606 -3.763530e-03 
 0.199602 -3.760495e-03 
 0.201598 -3.756768e-03 
 0.203594 -3.752365e-03 
 0.205590 -3.747299e-03 
 0.207586 -3.741584e-03 
 0.209582 -3.735234e-03 
 0.211578 -3.728262e-03 
 0.213574 -3.720681e-03 
 0.215570 -3.712505e-03 
 0.217566 -3.703748e-03 
 0.219562 -3.694423e-03 
 0.221558 -3.684542e-03 
 0.223554 -3.674118e-03 
 0.225550 -3.663158e-03 
 0.227546 -3.651673e-03 
 0.229542 -3.639668e-03 
 0.231538 -3.627152e-03 
 0.233534 -3.614134e-03 
 0.235530 -3.600626e-03 
 0.237526 -3.586647e-03 
 0.239522 -3.572214e-03 
 0.241518 -3.557347e-03 
 0.243514 -3.542063e-03 
 0.245510 -3.526374e-03 
 0.247506 -3.510288e-03 
 0.249502 -3.493808e-03 
 0.251498 -3.476936e-03 
 0.253494 -3.459678e-03 
 0.255490 -3.442047e-03 
 0.257486 -3.424060e-03 
 0.259482 -3.405740e-03 
 0.261478 -3.387113e-03 
 0.263474 -3.368198e-03 
 0.265470 -3.349009e-03 
 0.267466 -3.329551e-03 
 0.269462 -3.309820e-03 
 0.271458 -3.289814e-03 
 0.273454 -3.269526e-03 
 0.275450 -3.248959e-03 
 0.277446 -3.228119e-03 
 0.279442 -3.207017e-03 
 0.281438 -3.185668e-03 
 0.283434 -3.164088e-03 
 0.285430 -3.142289e-03 
 0.287426 -3.120283e-03 
 0.289422 -3.098081e-03 
 0.291418 -3.075691e-03 
 0.293414 -3.053121e-03 
 0.295410 -3.030384e-03 
 0.297406 -3.007489e-03 
 0.299402 -2.984447e-03 
 0.301398 -2.961272e-03 
 0.303394 -2.937973e-03 
 0.305390 -2.914559e-03 
 0.307386 -2.891035e-03 
 0.309382 -2.867406e-03 
 0.311378 -2.843675e-03 
 0.313374 -2.819844e-03 
 0.315370 -2.795920e-03 
 0.317366 -2.771909e-03 
 0.319362 -2.747817e-03 
 0.321358 -2.723653e-03 
 0.323354 -2.699426e-03 
 0.325350 -2.675143e-03 
 0.327346 -2.650811e-03 
 0.329342 -2.626435e-03 
 0.331338 -2.602020e-03 
 0.333334 -2.577573e-03 
 0.335330 -2.553098e-03 
 0.337326 -2.528603e-03 
 0.339322 -2.504092e-03 
 0.341318 -2.479574e-03 
 0.343314 -2.455054e-03 
 0.345310 -2.430538e-03 
 0.347306 -2.406029e-03 
 0.349302 -2.381533e-03 
 0.351298 -2.357051e-03 
 0.353294 -2.332588e-03 
 0.355290 -2.308149e-03 
 0.357286 -2.283739e-03 
 0.359282 -2.259365e-03 
 0.361278 -2.235033e-03 
 0.363274 -2.210750e-03 
 0.365270 -2.186518e-03 
 0.367266 -2.162343e-03 
 0.369262 -2.138223e-03 
 0.371258 -2.114161e-03 
 0.373254 -2.090157e-03 
 0.375250 -2.066215e-03 
 0.377246 -2.042340e-03 
 0.379242 -2.018538e-03 
 0.381238 -1.994816e-03 
 0.383234 -1.971183e-03 
 0.385230 -1.947644e-03 
 0.387226 -1.924203e-03 
 0.389222 -1.900865e-03 
 0.391218 -1.877631e-03 
 0.393214 -1.854504e-03 
 0.395210 -1.831485e-03 
 0.397206 -1.808577e-03 
 0.399202 -1.785781e-03 
 0.401198 -1.763100e-03 
 0.403194 -1.740537e-03 
 0.405190 -1.718093e-03 
 0.407186 -1.695773e-03 
 0.409182 -1.673580e-03 
 0.411178 -1.651517e-03 
 0.413174 -1.629587e-03 
 0.415170 -1.607794e-03 
 0.417166 -1.586142e-03 
 0.419162 -1.564634e-03 
 0.421158 -1.543273e-03 
 0.423154 -1.522061e-03 
 0.425150 -1.500999e-03 
 0.427146 -1.480088e-03 
 0.429142 -1.459327e-03 
 0.431138 -1.438716e-03 
 0.433134 -1.418253e-03 
 0.435130 -1.397939e-03 
 0.437126 -1.377775e-03 
 0.439122 -1.357764e-03 
 0.441118 -1.337907e-03 
 0.443114 -1.318208e-03 
 0.445110 -1.298667e-03 
 0.447106 -1.279286e-03 
 0.449102 -1.260065e-03 
 0.451098 -1.241003e-03 
 0.453094 -1.222100e-03 
 0.455090 -1.203356e-03 
 0.457086 -1.184773e-03 
 0.459082 -1.166353e-03 
 0.461078 -1.148097e-03 
 0.463074 -1.130008e-03 
 0.465070 -1.112087e-03 
 0.467066 -1.094334e-03 
 0.469062 -1.076750e-03 
 0.471058 -1.059332e-03 
 0.473054 -1.042081e-03 
 0.475050 -1.024997e-03 
 0.477046 -1.008079e-03 
 0.479042 -9.913298e-04 
 0.481038 -9.747496e-04 
 0.483034 -9.583402e-04 
 0.485030 -9.421029e-04 
 0.487026 -9.260384e-04 
 0.489022 -9.101473e-04 
 0.491018 -8.944298e-04 
 0.493014 -8.788858e-04 
 0.495010 -8.635151e-04 
 0.497006 -8.483175e-04 
 0.499002 -8.332925e-04 
 0.500999 -8.184399e-04 
 0.502995 -8.037594e-04 
 0.504991 -7.892511e-04 
 0.506987 -7.749155e-04 
 0.508983 -7.607533e-04 
 0.510979 -7.467653e-04 
 0.512975 -7.329516e-04 
 0.514971 -7.193118e-04 
 0.516967 -7.058441e-04 
 0.518963 -6.925461e-04 
 0.520959 -6.794151e-04 
 0.522955 -6.664484e-04 
 0.524951 -6.536446e-04 
 0.526947 -6.410035e-04 
 0.528943 -6.285260e-04 
 0.530939 -6.162135e-04 
 0.532935 -6.040676e-04 
 0.534931 -5.920886e-04 
 0.536927 -5.802760e-04 
 0.538923 -5.686279e-04 
 0.540919 -5.571422e-04 
 0.542915 -5.458164e-04 
 0.544911 -5.346491e-04 
 0.546907 -5.236401e-04 
 0.548903 -5.127896e-04 
 0.550899 -5.020988e-04 
 0.552895 -4.915685e-04 
 0.554891 -4.811986e-04 
 0.556887 -4.709877e-04 
 0.558883 -4.609336e-04 
 0.560879 -4.510332e-04 
 0.562875 -4.412834e-04 
 0.564871 -4.316813e-04 
 0.566867 -4.222250e-04 
 0.568863 -4.129130e-04 
 0.570859 -4.037443e-04 
 0.572855 -3.947187e-04 
 0.574851 -3.858360e-04 
 0.576847 -3.770965e-04 
 0.578843 -3.685005e-04 
 0.580839 -3.600484e-04 
 0.582835 -3.517403e-04 
 0.584831 -3.435751e-04 
 0.586827 -3.355509e-04 
 0.588823 -3.276648e-04 
 0.590819 -3.199136e-04 
 0.592815 -3.122938e-04 
 0.594811 -3.048030e-04 
 0.596807 -2.974396e-04 
 0.598803 -2.902031e-04 
 0.600799 -2.830933e-04 
 0.602795 -2.761105e-04 
 0.604791 -2.692542e-04 
 0.606787 -2.625231e-04 
 0.608783 -2.559157e-04 
 0.610779 -2.494299e-04 
 0.612775 -2.430634e-04 
 0.614771 -2.368151e-04 
 0.616767 -2.306841e-04 
 0.618763 -2.246706e-04 
 0.620759 -2.187750e-04 
 0.622755 -2.129976e-04 
 0.624751 -2.073379e-04 
 0.626747 -2.017943e-04 
 0.628743 -1.963644e-04 
 0.630739 -1.910452e-04 
 0.632735 -1.858339e-04 
 0.634731 -1.807282e-04 
 0.636727 -1.757272e-04 
 0.638723 -1.708306e-04 
 0.640719 -1.660389e-04 
 0.642715 -1.613523e-04 
 0.644711 -1.567704e-04 
 0.646707 -1.522912e-04 
 0.648703 -1.479121e-04 
 0.650699 -1.436296e-04 
 0.652695 -1.394401e-04 
 0.654691 -1.353410e-04 
 0.656687 -1.313308e-04 
 0.658683 -1.274087e-04 
 0.660679 -1.235749e-04 
 0.662675 -1.198297e-04 
 0.664671 -1.161730e-04 
 0.666667 -1.126039e-04 
 0.668663 -1.091210e-04 
 0.670659 -1.057223e-04 
 0.672655 -1.024059e-04 
 0.674651 -9.916970e-05 
 0.676647 -9.601244e-05 
 0.678643 -9.293296e-05 
 0.680639 -8.993045e-05 
 0.682635 -8.700412e-05 
 0.684631 -8.415304e-05 
 0.686627 -8.137597e-05 
 0.688623 -7.867141e-05 
 0.690619 -7.603770e-05 
 0.692615 -7.347308e-05 
 0.694611 -7.097592e-05 
 0.696607 -6.854477e-05 
 0.698603 -6.617834e-05 
 0.700599 -6.387548e-05 
 0.702595 -6.163517e-05 
 0.704591 -5.945643e-05 
 0.706587 -5.733830e-05 
 0.708583 -5.527985e-05 
 0.710579 -5.328014e-05 
 0.712575 -5.133815e-05 
 0.714571 -4.945275e-05 
 0.716567 -4.762264e-05 
 0.718563 -4.584638e-05 
 0.720559 -4.412245e-05 
 0.722555 -4.244930e-05 
 0.724551 -4.082549e-05 
 0.726547 -3.924974e-05 
 0.728543 -3.772090e-05 
 0.730539 -3.623798e-05 
 0.732535 -3.480010e-05 
 0.734531 -3.340651e-05 
 0.736527 -3.205657e-05 
 0.738523 -3.074970e-05 
 0.740519 -2.948540e-05 
 0.742515 -2.826308e-05 
 0.744511 -2.708203e-05 
 0.746507 -2.594129e-05 
 0.748503 -2.483972e-05 
 0.750499 -2.377604e-05 
 0.752495 -2.274894e-05 
 0.754491 -2.175719e-05 
 0.756487 -2.079975e-05 
 0.758483 -1.987574e-05 
 0.760479 -1.898439e-05 
 0.762475 -1.812500e-05 
 0.764471 -1.729682e-05 
 0.766467 -1.649905e-05 
 0.768463 -1.573078e-05 
 0.770459 -1.499109e-05 
 0.772455 -1.427906e-05 
 0.774451 -1.359383e-05 
 0.776447 -1.293467e-05 
 0.778443 -1.230094e-05 
 0.780439 -1.169210e-05 
 0.782435 -1.110760e-05 
 0.784431 -1.054691e-05 
 0.786427 -1.000939e-05 
 0.788423 -9.494365e-06 
 0.790419 -9.001095e-06 
 0.792415 -8.528824e-06 
 0.794411 -8.076802e-06 
 0.796407 -7.644307e-06 
 0.798403 -7.230644e-06 
 0.800399 -6.835145e-06 
 0.802395 -6.457169e-06 
 0.804391 -6.096097e-06 
 0.806387 -5.751333e-06 
 0.808383 -5.422304e-06 
 0.810379 -5.108460e-06 
 0.812375 -4.809273e-06 
 0.814371 -4.524243e-06 
 0.816367 -4.252896e-06 
 0.818363 -3.994782e-06 
 0.820359 -3.749469e-06 
 0.822355 -3.516528e-06 
 0.824351 -3.295518e-06 
 0.826347 -3.085967e-06 
 0.828343 -2.887388e-06 
 0.830339 -2.699280e-06 
 0.832335 -2.521152e-06 
 0.834332 -2.352554e-06 
 0.836328 -2.193096e-06 
 0.838324 -2.042436e-06 
 0.840320 -1.900277e-06 
 0.842316 -1.766337e-06 
 0.844312 -1.640322e-06 
 0.846308 -1.521894e-06 
 0.848304 -1.410688e-06 
 0.850300 -1.306314e-06 
 0.852296 -1.208377e-06 
 0.854292 -1.116502e-06 
 0.856288 -1.030359e-06 
 0.858284 -9.496496e-07 
 0.860280 -8.741127e-07 
 0.862276 -8.035085e-07 
 0.864272 -7.376077e-07 
 0.866268 -6.761811e-07 
 0.868264 -6.190003e-07 
 0.870260 -5.658389e-07 
 0.872256 -5.164741e-07 
 0.874252 -4.706908e-07 
 0.876248 -4.282836e-07 
 0.878244 -3.890564e-07 
 0.880240 -3.528224e-07 
 0.882236 -3.194034e-07 
 0.884232 -2.886285e-07 
 0.886228 -2.603338e-07 
 0.888224 -2.343620e-07 
 0.890220 -2.105624e-07 
 0.892216 -1.887909e-07 
 0.894212 -1.689096e-07 
 0.896208 -1.507871e-07 
 0.898204 -1.342982e-07 
 0.900200 -1.193239e-07 
 0.902196 -1.057515e-07 
 0.904192 -9.347506e-08 
 0.906188 -8.239539e-08 
 0.908184 -7.241980e-08 
 0.910180 -6.346167e-08 
 0.912176 -5.543980e-08 
 0.914172 -4.827735e-08 
 0.916168 -4.190101e-08 
 0.918164 -3.624106e-08 
 0.920160 -3.123143e-08 
 0.922156 -2.681001e-08 
 0.924152 -2.291924e-08 
 0.926148 -1.950646e-08 
 0.928144 -1.652371e-08 
 0.930140 -1.392741e-08 
 0.932136 -1.167784e-08 
 0.934132 -9.738383e-09 
 0.936128 -8.074886e-09 
 0.938124 -6.655601e-09 
 0.940120 -5.451157e-09 
 0.942116 -4.434572e-09 
 0.944112 -3.581347e-09 
 0.946108 -2.869510e-09 
 0.948104 -2.279493e-09 
 0.950100 -1.793993e-09 
 0.952096 -1.397770e-09 
 0.954092 -1.077348e-09 
 0.956088 -8.207485e-10 
 0.958084 -6.174134e-10 
 0.960080 -4.581267e-10 
 0.962076 -3.349186e-10 
 0.964072 -2.409311e-10 
 0.966068 -1.702922e-10 
 0.968064 -1.180543e-10 
 0.970060 -8.012628e-11 
 0.972056 -5.318294e-11 
 0.974052 -3.452861e-11 
 0.976048 -2.197130e-11 
 0.978044 -1.378076e-11 
 0.980040 -8.642804e-12 
 0.982036 -5.595296e-12 
 0.984032 -3.923256e-12 
 0.986028 -3.065169e-12 
 0.988024 -2.599829e-12 
 0.990020 -2.236478e-12 
 0.992016 -1.808670e-12 
 0.994012 -1.271831e-12 
 0.996008 -6.944703e-13 
 0.998004 -2.211974e-13 