
 0.001997 -3.771197e-04 
 0.003993 -1.096085e-03 
 0.005989 -2.025820e-03 
 0.007985 -3.116877e-03 
 0.009981 -4.337394e-03 
 0.011977 -5.665662e-03 
 0.013973 -7.085039e-03 
 0.015969 -8.582339e-03 
 0.017965 -1.014667e-02 
 0.019961 -1.176881e-02 
 0.021957 -1.344077e-02 
 0.023953 -1.515552e-02 
 0.025949 -1.690676e-02 
 0.027945 -1.868880e-02 
 0.029941 -2.049648e-02 
 0.031937 -2.232508e-02 
 0.033933 -2.417028e-02 
 0.035929 -2.602811e-02 
 0.037925 -2.789494e-02 
 0.039921 -2.976739e-02 
 0.041917 -3.164234e-02 
 0.043913 -3.351688e-02 
 0.045909 -3.538832e-02 
 0.047905 -3.725416e-02 
 0.049901 -3.911206e-02 
 0.051897 -4.095984e-02 
 0.053893 -4.279551e-02 
 0.055889 -4.461723e-02 
 0.057885 -4.642328e-02 
 0.059881 -4.821212e-02 
 0.061877 -4.998230e-02 
 0.063873 -5.173248e-02 
 0.065869 -5.346143e-02 
 0.067865 -5.516803e-02 
 0.069861 -5.685122e-02 
 0.071857 -5.851006e-02 
 0.073853 -6.014367e-02 
 0.075849 -6.175128e-02 
 0.077845 -6.333217e-02 
 0.079841 -6.488573e-02 
 0.081837 -6.641137e-02 
 0.083833 -6.790857e-02 
 0.085829 -6.937687e-02 
 0.087825 -7.081581e-02 
 0.089821 -7.222501e-02 
 0.091817 -7.360411e-02 
 0.093813 -7.495284e-02 
 0.095809 -7.627098e-02 
 0.097805 -7.755837e-02 
 0.099801 -7.881491e-02 
 0.101797 -8.004055e-02 
 0.103793 -8.123523e-02 
 0.105789 -8.239893e-02 
 0.107785 -8.353161e-02 
 0.109781 -8.463325e-02 
 0.111777 -8.570386e-02 
 0.113773 -8.674347e-02 
 0.115769 -8.775215e-02 
 0.117765 -8.873000e-02 
 0.119761 -8.967716e-02 
 0.121757 -9.059379e-02 
 0.123753 -9.148005e-02 
 0.125749 -9.233614e-02 
 0.127745 -9.316224e-02 
 0.129741 -9.395853e-02 
 0.131737 -9.472523e-02 
 0.133733 -9.546257e-02 
 0.135729 -9.617079e-02 
 0.137725 -9.685017e-02 
 0.139721 -9.750099e-02 
 0.141717 -9.812355e-02 
 0.143713 -9.871815e-02 
 0.145709 -9.928508e-02 
 0.147705 -9.982462e-02 
 0.149701 -1.003370e-01 
 0.151697 -1.008226e-01 
 0.153693 -1.012817e-01 
 0.155689 -1.017145e-01 
 0.157685 -1.021214e-01 
 0.159681 -1.025028e-01 
 0.161677 -1.028590e-01 
 0.163673 -1.031903e-01 
 0.165669 -1.034972e-01 
 0.167666 -1.037800e-01 
 0.169662 -1.040390e-01 
 0.171658 -1.042745e-01 
 0.173654 -1.044869e-01 
 0.175650 -1.046765e-01 
 0.177646 -1.048435e-01 
 0.179642 -1.049883e-01 
 0.181638 -1.051112e-01 
 0.183634 -1.052125e-01 
 0.185630 -1.052926e-01 
 0.187626 -1.053518e-01 
 0.189622 -1.053906e-01 
 0.191618 -1.054095e-01 
 0.193614 -1.054089e-01 
 0.195610 -1.053891e-01 
 0.197606 -1.053504e-01 
 0.199602 -1.052932e-01 
 0.201598 -1.052177e-01 
 0.203594 -1.051242e-01 
 0.205590 -1.050131e-01 
 0.207586 -1.048846e-01 
 0.209582 -1.047390e-01 
 0.211578 -1.045769e-01 
 0.213574 -1.043985e-01 
 0.215570 -1.042043e-01 
 0.217566 -1.039945e-01 
 0.219562 -1.037696e-01 
 0.221558 -1.035298e-01 
 0.223554 -1.032756e-01 
 0.225550 -1.030071e-01 
 0.227546 -1.027246e-01 
 0.229542 -1.024284e-01 
 0.231538 -1.021186e-01 
 0.233534 -1.017955e-01 
 0.235530 -1.014593e-01 
 0.237526 -1.011104e-01 
 0.239522 -1.007492e-01 
 0.241518 -1.003760e-01 
 0.243514 -9.999116e-02 
 0.245510 -9.959500e-02 
 0.247506 -9.918782e-02 
 0.249502 -9.876989e-02 
 0.251498 -9.834145e-02 
 0.253494 -9.790276e-02 
 0.255490 -9.745408e-02 
 0.257486 -9.699567e-02 
 0.259482 -9.652781e-02 
 0.261478 -9.605081e-02 
 0.263474 -9.556494e-02 
 0.265470 -9.507047e-02 
 0.267466 -9.456768e-02 
 0.269462 -9.405681e-02 
 0.271458 -9.353811e-02 
 0.273454 -9.301180e-02 
 0.275450 -9.247810e-02 
 0.277446 -9.193722e-02 
 0.279442 -9.138936e-02 
 0.281438 -9.083470e-02 
 0.283434 -9.027348e-02 
 0.285430 -8.970593e-02 
 0.287426 -8.913234e-02 
 0.289422 -8.855299e-02 
 0.291418 -8.796820e-02 
 0.293414 -8.737825e-02 
 0.295410 -8.678336e-02 
 0.297406 -8.618373e-02 
 0.299402 -8.557952e-02 
 0.301398 -8.497085e-02 
 0.303394 -8.435786e-02 
 0.305390 -8.374068e-02 
 0.307386 -8.311949e-02 
 0.309382 -8.249449e-02 
 0.311378 -8.186587e-02 
 0.313374 -8.123386e-02 
 0.315370 -8.059869e-02 
 0.317366 -7.996059e-02 
 0.319362 -7.931980e-02 
 0.321358 -7.867656e-02 
 0.323354 -7.803108e-02 
 0.325350 -7.738356e-02 
 0.327346 -7.673417e-02 
 0.329342 -7.608306e-02 
 0.331338 -7.543035e-02 
 0.333334 -7.477617e-02 
 0.335330 -7.412060e-02 
 0.337326 -7.346375e-02 
 0.339322 -7.280572e-02 
 0.341318 -7.214661e-02 
 0.343314 -7.148652e-02 
 0.345310 -7.082563e-02 
 0.347306 -7.016412e-02 
 0.349302 -6.950219e-02 
 0.351298 -6.884006e-02 
 0.353294 -6.817796e-02 
 0.355290 -6.751605e-02 
 0.357286 -6.685447e-02 
 0.359282 -6.619333e-02 
 0.361278 -6.553271e-02 
 0.363274 -6.487267e-02 
 0.365270 -6.421327e-02 
 0.367266 -6.355458e-02 
 0.369262 -6.289665e-02 
 0.371258 -6.223955e-02 
 0.373254 -6.158339e-02 
 0.375250 -6.092829e-02 
 0.377246 -6.027444e-02 
 0.379242 -5.962204e-02 
 0.381238 -5.897130e-02 
 0.383234 -5.832242e-02 
 0.385230 -5.767553e-02 
 0.387226 -5.703073e-02 
 0.389222 -5.638802e-02 
 0.391218 -5.574743e-02 
 0.393214 -5.510896e-02 
 0.395210 -5.447263e-02 
 0.397206 -5.383854e-02 
 0.399202 -5.320678e-02 
 0.401198 -5.257749e-02 
 0.403194 -5.195079e-02 
 0.405190 -5.132679e-02 
 0.407186 -5.070557e-02 
 0.409182 -5.008718e-02 
 0.411178 -4.947166e-02 
 0.413174 -4.885906e-02 
 0.415170 -4.824943e-02 
 0.417166 -4.764284e-02 
 0.419162 -4.703936e-02 
 0.421158 -4.643909e-02 
 0.423154 -4.584210e-02 
 0.425150 -4.524847e-02 
 0.427146 -4.465825e-02 
 0.429142 -4.407149e-02 
 0.431138 -4.348822e-02 
 0.433134 -4.290849e-02 
 0.435130 -4.233234e-02 
 0.437126 -4.175982e-02 
 0.439122 -4.119101e-02 
 0.441118 -4.062598e-02 
 0.443114 -4.006477e-02 
 0.445110 -3.950743e-02 
 0.447106 -3.895396e-02 
 0.449102 -3.840436e-02 
 0.451098 -3.785861e-02 
 0.453094 -3.731670e-02 
 0.455090 -3.677869e-02 
 0.457086 -3.624464e-02 
 0.459082 -3.571469e-02 
 0.461078 -3.518896e-02 
 0.463074 -3.466757e-02 
 0.465070 -3.415060e-02 
 0.467066 -3.363805e-02 
 0.469062 -3.312990e-02 
 0.471058 -3.262609e-02 
 0.473054 -3.212657e-02 
 0.475050 -3.163131e-02 
 0.477046 -3.114032e-02 
 0.479042 -3.065366e-02 
 0.481038 -3.017139e-02 
 0.483034 -2.969361e-02 
 0.485030 -2.922037e-02 
 0.487026 -2.875173e-02 
 0.489022 -2.828770e-02 
 0.491018 -2.782830e-02 
 0.493014 -2.737352e-02 
 0.495010 -2.692334e-02 
 0.497006 -2.647770e-02 
 0.499002 -2.603656e-02 
 0.500999 -2.559986e-02 
 0.502995 -2.516756e-02 
 0.504991 -2.473965e-02 
 0.506987 -2.431617e-02 
 0.508983 -2.389717e-02 
 0.510979 -2.348273e-02 
 0.512975 -2.307292e-02 
 0.514971 -2.266779e-02 
 0.516967 -2.226732e-02 
 0.518963 -2.187147e-02 
 0.520959 -2.148018e-02 
 0.522955 -2.109337e-02 
 0.524951 -2.071099e-02 
 0.526947 -2.033301e-02 
 0.528943 -1.995943e-02 
 0.530939 -1.959024e-02 
 0.532935 -1.922548e-02 
 0.534931 -1.886515e-02 
 0.536927 -1.850926e-02 
 0.538923 -1.815782e-02 
 0.540919 -1.781082e-02 
 0.542915 -1.746825e-02 
 0.544911 -1.713009e-02 
 0.546907 -1.679630e-02 
 0.548903 -1.646685e-02 
 0.550899 -1.614168e-02 
 0.552895 -1.582077e-02 
 0.554891 -1.550408e-02 
 0.556887 -1.519162e-02 
 0.558883 -1.488339e-02 
 0.560879 -1.457944e-02 
 0.562875 -1.427977e-02 
 0.564871 -1.398439e-02 
 0.566867 -1.369328e-02 
 0.568863 -1.340640e-02 
 0.570859 -1.312371e-02 
 0.572855 -1.284515e-02 
 0.574851 -1.257068e-02 
 0.576847 -1.230026e-02 
 0.578843 -1.203387e-02 
 0.580839 -1.177151e-02 
 0.582835 -1.151316e-02 
 0.584831 -1.125881e-02 
 0.586827 -1.100844e-02 
 0.588823 -1.076201e-02 
 0.590819 -1.051950e-02 
 0.592815 -1.028085e-02 
 0.594811 -1.004605e-02 
 0.596807 -9.815063e-03 
 0.598803 -9.587870e-03 
 0.600799 -9.364452e-03 
 0.602795 -9.144790e-03 
 0.604791 -8.928854e-03 
 0.606787 -8.716608e-03 
 0.608783 -8.508006e-03 
 0.610779 -8.302998e-03 
 0.612775 -8.101535e-03 
 0.614771 -7.903574e-03 
 0.616767 -7.709085e-03 
 0.618763 -7.518045e-03 
 0.620759 -7.330437e-03 
 0.622755 -7.146246e-03 
 0.624751 -6.965450e-03 
 0.626747 -6.788021e-03 
 0.628743 -6.613923e-03 
 0.630739 -6.443115e-03 
 0.632735 -6.275553e-03 
 0.634731 -6.111195e-03 
 0.636727 -5.950000e-03 
 0.638723 -5.791929e-03 
 0.640719 -5.636946e-03 
 0.642715 -5.485016e-03 
 0.644711 -5.336107e-03 
 0.646707 -5.190188e-03 
 0.648703 -5.047229e-03 
 0.650699 -4.907201e-03 
 0.652695 -4.770074e-03 
 0.654691 -4.635817e-03 
 0.656687 -4.504393e-03 
 0.658683 -4.375766e-03 
 0.660679 -4.249897e-03 
 0.662675 -4.126747e-03 
 0.664671 -4.006280e-03 
 0.666667 -3.888465e-03 
 0.668663 -3.773273e-03 
 0.670659 -3.660676e-03 
 0.672655 -3.550643e-03 
 0.674651 -3.443135e-03 
 0.676647 -3.338101e-03 
 0.678643 -3.235483e-03 
 0.680639 -3.135218e-03 
 0.682635 -3.037248e-03 
 0.684631 -2.941528e-03 
 0.686627 -2.848034e-03 
 0.688623 -2.756757e-03 
 0.690619 -2.667700e-03 
 0.692615 -2.580865e-03 
 0.694611 -2.496246e-03 
 0.696607 -2.413814e-03 
 0.698603 -2.333527e-03 
 0.700599 -2.255331e-03 
 0.702595 -2.179165e-03 
 0.704591 -2.104974e-03 
 0.706587 -2.032713e-03 
 0.708583 -1.962343e-03 
 0.710579 -1.893834e-03 
 0.712575 -1.827159e-03 
 0.714571 -1.762291e-03 
 0.716567 -1.699201e-03 
 0.718563 -1.637859e-03 
 0.720559 -1.578231e-03 
 0.722555 -1.520285e-03 
 0.724551 -1.463989e-03 
 0.726547 -1.409311e-03 
 0.728543 -1.356221e-03 
 0.730539 -1.304689e-03 
 0.732535 -1.254685e-03 
 0.734531 -1.206178e-03 
 0.736527 -1.159137e-03 
 0.738523 -1.113530e-03 
 0.740519 -1.069323e-03 
 0.742515 -1.026484e-03 
 0.744511 -9.849826e-04 
 0.746507 -9.447902e-04 
 0.748503 -9.058806e-04 
 0.750499 -8.682290e-04 
 0.752495 -8.318109e-04 
 0.754491 -7.966013e-04 
 0.756487 -7.625735e-04 
 0.758483 -7.296994e-04 
 0.760479 -6.979500e-04 
 0.762475 -6.672959e-04 
 0.764471 -6.377085e-04 
 0.766467 -6.091602e-04 
 0.768463 -5.816248e-04 
 0.770459 -5.550766e-04 
 0.772455 -5.294906e-04 
 0.774451 -5.048417e-04 
 0.776447 -4.811040e-04 
 0.778443 -4.582515e-04 
 0.780439 -4.362581e-04 
 0.782435 -4.150985e-04 
 0.784431 -3.947492e-04 
 0.786427 -3.751890e-04 
 0.788423 -3.563990e-04 
 0.790419 -3.383613e-04 
 0.792415 -3.210587e-04 
 0.794411 -3.044728e-04 
 0.796407 -2.885829e-04 
 0.798403 -2.733664e-04 
 0.800399 -2.587997e-04 
 0.802395 -2.448584e-04 
 0.804391 -2.315194e-04 
 0.806387 -2.187616e-04 
 0.808383 -2.065655e-04 
 0.810379 -1.949132e-04 
 0.812375 -1.837879e-04 
 0.814371 -1.731732e-04 
 0.816367 -1.630528e-04 
 0.818363 -1.534106e-04 
 0.820359 -1.442302e-04 
 0.822355 -1.354956e-04 
 0.824351 -1.271910e-04 
 0.826347 -1.193006e-04 
 0.828343 -1.118088e-04 
 0.830339 -1.047004e-04 
 0.832335 -9.796032e-05 
 0.834332 -9.157384e-05 
 0.836328 -8.552651e-05 
 0.838324 -7.980424e-05 
 0.840320 -7.439332e-05 
 0.842316 -6.928047e-05 
 0.844312 -6.445300e-05 
 0.846308 -5.989889e-05 
 0.848304 -5.560670e-05 
 0.850300 -5.156552e-05 
 0.852296 -4.776484e-05 
 0.854292 -4.419429e-05 
 0.856288 -4.084349e-05 
 0.858284 -3.770214e-05 
 0.860280 -3.475998e-05 
 0.862276 -3.200696e-05 
 0.864272 -2.943335e-05 
 0.866268 -2.702985e-05 
 0.868264 -2.478758e-05 
 0.870260 -2.269808e-05 
 0.872256 -2.075328e-05 
 0.874252 -1.894547e-05 
 0.876248 -1.726729e-05 
 0.878244 -1.571171e-05 
 0.880240 -1.427202e-05 
 0.882236 -1.294173e-05 
 0.884232 -1.171459e-05 
 0.886228 -1.058446e-05 
 0.888224 -9.545352e-06 
 0.890220 -8.591456e-06 
 0.892216 -7.717156e-06 
 0.894212 -6.917089e-06 
 0.896208 -6.186192e-06 
 0.898204 -5.519685e-06 
 0.900200 -4.913061e-06 
 0.902196 -4.362072e-06 
 0.904192 -3.862698e-06 
 0.906188 -3.411128e-06 
 0.908184 -3.003754e-06 
 0.910180 -2.637163e-06 
 0.912176 -2.308134e-06 
 0.914172 -2.013622e-06 
 0.916168 -1.750756e-06 
 0.918164 -1.516830e-06 
 0.920160 -1.309299e-06 
 0.922156 -1.125779e-06 
 0.924152 -9.640385e-07 
 0.926148 -8.219918e-07 
 0.928144 -6.976994e-07 
 0.930140 -5.893608e-07 
 0.932136 -4.953115e-07 
 0.934132 -4.140172e-07 
 0.936128 -3.440699e-07 
 0.938124 -2.841821e-07 
 0.940120 -2.331811e-07 
 0.942116 -1.900013e-07 
 0.944112 -1.536726e-07 
 0.946108 -1.233111e-07 
 0.948104 -9.811498e-08 
 0.950100 -7.736172e-08 
 0.952096 -6.040427e-08 
 0.954092 -4.666649e-08 
 0.956088 -3.563874e-08 
 0.958084 -2.687442e-08 
 0.960080 -1.998610e-08 
 0.962076 -1.464041e-08 
 0.964072 -1.055051e-08 
 0.966068 -7.469145e-09 
 0.968064 -5.186294e-09 
 0.970060 -3.526559e-09 
 0.972056 -2.345901e-09 
 0.974052 -1.526800e-09 
 0.976048 -9.737452e-10 
 0.978044 -6.114375e-10 
 0.980040 -3.827884e-10 
 0.982036 -2.460812e-10 
 0.984032 -1.703218e-10 
 0.986028 -1.310851e-10 
 0.988024 -1.099511e-10 
 0.990020 -9.408945e-11 
 0.992016 -7.601358e-11 
 0.994012 -5.350611e-11 
 0.996008 -2.926904e-11 
 0.998004 -9.343788e-12 