
 0.001997 1.509045e-03 
 0.003993 4.385891e-03 
 0.005989 8.106109e-03 
 0.007985 1.247184e-02 
 0.009981 1.735559e-02 
 0.011977 2.267050e-02 
 0.013973 2.834997e-02 
 0.015969 3.434123e-02 
 0.017965 4.060069e-02 
 0.019961 4.709144e-02 
 0.021957 5.378155e-02 
 0.023953 6.064284e-02 
 0.025949 6.765012e-02 
 0.027945 7.478066e-02 
 0.029941 8.201377e-02 
 0.031937 8.933059e-02 
 0.033933 9.671382e-02 
 0.035929 1.041476e-01 
 0.037925 1.116174e-01 
 0.039921 1.191096e-01 
 0.041917 1.266117e-01 
 0.043913 1.341122e-01 
 0.045909 1.416003e-01 
 0.047905 1.490659e-01 
 0.049901 1.564998e-01 
 0.051897 1.638932e-01 
 0.053893 1.712383e-01 
 0.055889 1.785277e-01 
 0.057885 1.857545e-01 
 0.059881 1.929125e-01 
 0.061877 1.999960e-01 
 0.063873 2.069996e-01 
 0.065869 2.139185e-01 
 0.067865 2.207480e-01 
 0.069861 2.274841e-01 
 0.071857 2.341229e-01 
 0.073853 2.406609e-01 
 0.075849 2.470948e-01 
 0.077845 2.534217e-01 
 0.079841 2.596387e-01 
 0.081837 2.657434e-01 
 0.083833 2.717337e-01 
 0.085829 2.776077e-01 
 0.087825 2.833640e-01 
 0.089821 2.890012e-01 
 0.091817 2.945184e-01 
 0.093813 2.999146e-01 
 0.095809 3.051890e-01 
 0.097805 3.103407e-01 
 0.099801 3.153691e-01 
 0.101797 3.202736e-01 
 0.103793 3.250536e-01 
 0.105789 3.297091e-01 
 0.107785 3.342399e-01 
 0.109781 3.386461e-01 
 0.111777 3.429280e-01 
 0.113773 3.470859e-01 
 0.115769 3.511201e-01 
 0.117765 3.550309e-01 
 0.119761 3.588189e-01 
 0.121757 3.624843e-01 
 0.123753 3.660280e-01 
 0.125749 3.694505e-01 
 0.127745 3.727528e-01 
 0.129741 3.759359e-01 
 0.131737 3.790007e-01 
 0.133733 3.819485e-01 
 0.135729 3.847803e-01 
 0.137725 3.874974e-01 
 0.139721 3.901008e-01 
 0.141717 3.925917e-01 
 0.143713 3.949712e-01 
 0.145709 3.972402e-01 
 0.147705 3.993994e-01 
 0.149701 4.014497e-01 
 0.151697 4.033919e-01 
 0.153693 4.052272e-01 
 0.155689 4.069567e-01 
 0.157685 4.085824e-01 
 0.159681 4.101060e-01 
 0.161677 4.115296e-01 
 0.163673 4.128549e-01 
 0.165669 4.140833e-01 
 0.167666 4.152158e-01 
 0.169662 4.162534e-01 
 0.171658 4.171968e-01 
 0.173654 4.180467e-01 
 0.175650 4.188043e-01 
 0.177646 4.194711e-01 
 0.179642 4.200488e-01 
 0.181638 4.205392e-01 
 0.183634 4.209440e-01 
 0.185630 4.212647e-01 
 0.187626 4.215028e-01 
 0.189622 4.216595e-01 
 0.191618 4.217359e-01 
 0.193614 4.217332e-01 
 0.195610 4.216529e-01 
 0.197606 4.214965e-01 
 0.199602 4.212656e-01 
 0.201598 4.209619e-01 
 0.203594 4.205869e-01 
 0.205590 4.201422e-01 
 0.207586 4.196290e-01 
 0.209582 4.190485e-01 
 0.211578 4.184018e-01 
 0.213574 4.176899e-01 
 0.215570 4.169138e-01 
 0.217566 4.160747e-01 
 0.219562 4.151735e-01 
 0.221558 4.142114e-01 
 0.223554 4.131897e-01 
 0.225550 4.121099e-01 
 0.227546 4.109736e-01 
 0.229542 4.097825e-01 
 0.231538 4.085384e-01 
 0.233534 4.072429e-01 
 0.235530 4.058972e-01 
 0.237526 4.045024e-01 
 0.239522 4.030592e-01 
 0.241518 4.015683e-01 
 0.243514 4.000303e-01 
 0.245510 3.984462e-01 
 0.247506 3.968174e-01 
 0.249502 3.951451e-01 
 0.251498 3.934309e-01 
 0.253494 3.916762e-01 
 0.255490 3.898822e-01 
 0.257486 3.880497e-01 
 0.259482 3.861796e-01 
 0.261478 3.842725e-01 
 0.263474 3.823293e-01 
 0.265470 3.803510e-01 
 0.267466 3.783389e-01 
 0.269462 3.762944e-01 
 0.271458 3.742192e-01 
 0.273454 3.721146e-01 
 0.275450 3.699816e-01 
 0.277446 3.678210e-01 
 0.279442 3.656332e-01 
 0.281438 3.634186e-01 
 0.283434 3.611776e-01 
 0.285430 3.589109e-01 
 0.287426 3.566195e-01 
 0.289422 3.543046e-01 
 0.291418 3.519677e-01 
 0.293414 3.496099e-01 
 0.295410 3.472323e-01 
 0.297406 3.448357e-01 
 0.299402 3.424209e-01 
 0.301398 3.399881e-01 
 0.303394 3.375379e-01 
 0.305390 3.350710e-01 
 0.307386 3.325880e-01 
 0.309382 3.300898e-01 
 0.311378 3.275774e-01 
 0.313374 3.250516e-01 
 0.315370 3.225133e-01 
 0.317366 3.199631e-01 
 0.319362 3.174018e-01 
 0.321358 3.148298e-01 
 0.323354 3.122479e-01 
 0.325350 3.096565e-01 
 0.327346 3.070565e-01 
 0.329342 3.044484e-01 
 0.331338 3.018330e-01 
 0.333334 2.992110e-01 
 0.335330 2.965830e-01 
 0.337326 2.939496e-01 
 0.339322 2.913113e-01 
 0.341318 2.886686e-01 
 0.343314 2.860221e-01 
 0.345310 2.833725e-01 
 0.347306 2.807204e-01 
 0.349302 2.780666e-01 
 0.351298 2.754121e-01 
 0.353294 2.727576e-01 
 0.355290 2.701038e-01 
 0.357286 2.674515e-01 
 0.359282 2.648013e-01 
 0.361278 2.621536e-01 
 0.363274 2.595089e-01 
 0.365270 2.568676e-01 
 0.367266 2.542300e-01 
 0.369262 2.515966e-01 
 0.371258 2.489675e-01 
 0.373254 2.463432e-01 
 0.375250 2.437241e-01 
 0.377246 2.411105e-01 
 0.379242 2.385029e-01 
 0.381238 2.359020e-01 
 0.383234 2.333081e-01 
 0.385230 2.307216e-01 
 0.387226 2.281425e-01 
 0.389222 2.255711e-01 
 0.391218 2.230072e-01 
 0.393214 2.204511e-01 
 0.395210 2.179030e-01 
 0.397206 2.153634e-01 
 0.399202 2.128328e-01 
 0.401198 2.103120e-01 
 0.403194 2.078017e-01 
 0.405190 2.053025e-01 
 0.407186 2.028148e-01 
 0.409182 2.003391e-01 
 0.411178 1.978755e-01 
 0.413174 1.954243e-01 
 0.415170 1.929856e-01 
 0.417166 1.905594e-01 
 0.419162 1.881458e-01 
 0.421158 1.857449e-01 
 0.423154 1.833567e-01 
 0.425150 1.809815e-01 
 0.427146 1.786196e-01 
 0.429142 1.762714e-01 
 0.431138 1.739375e-01 
 0.433134 1.716183e-01 
 0.435130 1.693141e-01 
 0.437126 1.670251e-01 
 0.439122 1.647515e-01 
 0.441118 1.624931e-01 
 0.443114 1.602501e-01 
 0.445110 1.580223e-01 
 0.447106 1.558100e-01 
 0.449102 1.536131e-01 
 0.451098 1.514319e-01 
 0.453094 1.492666e-01 
 0.455090 1.471173e-01 
 0.457086 1.449841e-01 
 0.459082 1.428672e-01 
 0.461078 1.407668e-01 
 0.463074 1.386829e-01 
 0.465070 1.366159e-01 
 0.467066 1.345660e-01 
 0.469062 1.325333e-01 
 0.471058 1.305182e-01 
 0.473054 1.285208e-01 
 0.475050 1.265415e-01 
 0.477046 1.245801e-01 
 0.479042 1.226366e-01 
 0.481038 1.207111e-01 
 0.483034 1.188034e-01 
 0.485030 1.169134e-01 
 0.487026 1.150409e-01 
 0.489022 1.131860e-01 
 0.491018 1.113485e-01 
 0.493014 1.095285e-01 
 0.495010 1.077260e-01 
 0.497006 1.059412e-01 
 0.499002 1.041742e-01 
 0.500999 1.024255e-01 
 0.502995 1.006951e-01 
 0.504991 9.898317e-02 
 0.506987 9.728970e-02 
 0.508983 9.561457e-02 
 0.510979 9.395756e-02 
 0.512975 9.231848e-02 
 0.514971 9.069720e-02 
 0.516967 8.909368e-02 
 0.518963 8.750796e-02 
 0.520959 8.594015e-02 
 0.522955 8.439037e-02 
 0.524951 8.285872e-02 
 0.526947 8.134527e-02 
 0.528943 7.985004e-02 
 0.530939 7.837303e-02 
 0.532935 7.691418e-02 
 0.534931 7.547342e-02 
 0.536927 7.405060e-02 
 0.538923 7.264558e-02 
 0.540919 7.125818e-02 
 0.542915 6.988824e-02 
 0.544911 6.853564e-02 
 0.546907 6.720032e-02 
 0.548903 6.588226e-02 
 0.550899 6.458147e-02 
 0.552895 6.329799e-02 
 0.554891 6.203179e-02 
 0.556887 6.078284e-02 
 0.558883 5.955106e-02 
 0.560879 5.833634e-02 
 0.562875 5.713858e-02 
 0.564871 5.595766e-02 
 0.566867 5.479349e-02 
 0.568863 5.364597e-02 
 0.570859 5.251502e-02 
 0.572855 5.140055e-02 
 0.574851 5.030248e-02 
 0.576847 4.922071e-02 
 0.578843 4.815515e-02 
 0.580839 4.710571e-02 
 0.582835 4.607227e-02 
 0.584831 4.505476e-02 
 0.586827 4.405307e-02 
 0.588823 4.306713e-02 
 0.590819 4.209684e-02 
 0.592815 4.114213e-02 
 0.594811 4.020289e-02 
 0.596807 3.927900e-02 
 0.598803 3.837035e-02 
 0.600799 3.747680e-02 
 0.602795 3.659821e-02 
 0.604791 3.573442e-02 
 0.606787 3.488528e-02 
 0.608783 3.405065e-02 
 0.610779 3.323036e-02 
 0.612775 3.242427e-02 
 0.614771 3.163223e-02 
 0.616767 3.085407e-02 
 0.618763 3.008968e-02 
 0.620759 2.933891e-02 
 0.622755 2.860164e-02 
 0.624751 2.787778e-02 
 0.626747 2.716725e-02 
 0.628743 2.646998e-02 
 0.630739 2.578592e-02 
 0.632735 2.511500e-02 
 0.634731 2.445715e-02 
 0.636727 2.381222e-02 
 0.638723 2.318006e-02 
 0.640719 2.256050e-02 
 0.642715 2.195332e-02 
 0.644711 2.135832e-02 
 0.646707 2.077529e-02 
 0.648703 2.020403e-02 
 0.650699 1.964434e-02 
 0.652695 1.909603e-02 
 0.654691 1.855897e-02 
 0.656687 1.803302e-02 
 0.658683 1.751810e-02 
 0.660679 1.701413e-02 
 0.662675 1.652104e-02 
 0.664671 1.603872e-02 
 0.666667 1.556706e-02 
 0.668663 1.510588e-02 
 0.670659 1.465501e-02 
 0.672655 1.421426e-02 
 0.674651 1.378347e-02 
 0.676647 1.336248e-02 
 0.678643 1.295117e-02 
 0.680639 1.254942e-02 
 0.682635 1.215712e-02 
 0.684631 1.177414e-02 
 0.686627 1.140034e-02 
 0.688623 1.103553e-02 
 0.690619 1.067954e-02 
 0.692615 1.033219e-02 
 0.694611 9.993335e-03 
 0.696607 9.662862e-03 
 0.698603 9.340686e-03 
 0.700599 9.026743e-03 
 0.702595 8.720973e-03 
 0.704591 8.423292e-03 
 0.706587 8.133580e-03 
 0.708583 7.851688e-03 
 0.710579 7.577440e-03 
 0.712575 7.310651e-03 
 0.714571 7.051133e-03 
 0.716567 6.798710e-03 
 0.718563 6.553218e-03 
 0.720559 6.314503e-03 
 0.722555 6.082426e-03 
 0.724551 5.856869e-03 
 0.726547 5.637733e-03 
 0.728543 5.424938e-03 
 0.730539 5.218413e-03 
 0.732535 5.018086e-03 
 0.734531 4.823865e-03 
 0.736527 4.635627e-03 
 0.738523 4.453224e-03 
 0.740519 4.276491e-03 
 0.742515 4.105259e-03 
 0.744511 3.939373e-03 
 0.746507 3.778703e-03 
 0.748503 3.623142e-03 
 0.750499 3.472598e-03 
 0.752495 3.326988e-03 
 0.754491 3.186219e-03 
 0.756487 3.050187e-03 
 0.758483 2.918772e-03 
 0.760479 2.791847e-03 
 0.762475 2.669283e-03 
 0.764471 2.550958e-03 
 0.766467 2.436763e-03 
 0.768463 2.326600e-03 
 0.770459 2.220382e-03 
 0.772455 2.118024e-03 
 0.774451 2.019436e-03 
 0.776447 1.924523e-03 
 0.778443 1.833180e-03 
 0.780439 1.745301e-03 
 0.782435 1.660776e-03 
 0.784431 1.579502e-03 
 0.786427 1.501385e-03 
 0.788423 1.426337e-03 
 0.790419 1.354279e-03 
 0.792415 1.285133e-03 
 0.794411 1.218823e-03 
 0.796407 1.155268e-03 
 0.798403 1.094387e-03 
 0.800399 1.036096e-03 
 0.802395 9.803109e-04 
 0.804391 9.269468e-04 
 0.806387 8.759221e-04 
 0.808383 8.271565e-04 
 0.810379 7.805717e-04 
 0.812375 7.360920e-04 
 0.814371 6.936453e-04 
 0.816367 6.531632e-04 
 0.818363 6.145809e-04 
 0.820359 5.778365e-04 
 0.822355 5.428695e-04 
 0.824351 5.096194e-04 
 0.826347 4.780243e-04 
 0.828343 4.480212e-04 
 0.830339 4.195467e-04 
 0.832335 3.925380e-04 
 0.834332 3.669347e-04 
 0.836328 3.426801e-04 
 0.838324 3.197203e-04 
 0.840320 2.980047e-04 
 0.842316 2.774847e-04 
 0.844312 2.581135e-04 
 0.846308 2.398445e-04 
 0.848304 2.226323e-04 
 0.850300 2.064321e-04 
 0.852296 1.911998e-04 
 0.854292 1.768921e-04 
 0.856288 1.634663e-04 
 0.858284 1.508805e-04 
 0.860280 1.390938e-04 
 0.862276 1.280662e-04 
 0.864272 1.177592e-04 
 0.866268 1.081358e-04 
 0.868264 9.916065e-05 
 0.870260 9.079975e-05 
 0.872256 8.302061e-05 
 0.874252 7.579200e-05 
 0.876248 6.908387e-05 
 0.878244 6.286733e-05 
 0.880240 5.711457e-05 
 0.882236 5.179886e-05 
 0.884232 4.689435e-05 
 0.886228 4.237604e-05 
 0.888224 3.821982e-05 
 0.890220 3.440246e-05 
 0.892216 3.090173e-05 
 0.894212 2.769656e-05 
 0.896208 2.476718e-05 
 0.898204 2.209501e-05 
 0.900200 1.966264e-05 
 0.902196 1.745360e-05 
 0.904192 1.545222e-05 
 0.906188 1.364339e-05 
 0.908184 1.201262e-05 
 0.910180 1.054599e-05 
 0.912176 9.230272e-06 
 0.914172 8.052914e-06 
 0.916168 7.002159e-06 
 0.918164 6.066998e-06 
 0.920160 5.237152e-06 
 0.922156 4.503045e-06 
 0.924152 3.855774e-06 
 0.926148 3.287074e-06 
 0.928144 2.789292e-06 
 0.930140 2.355361e-06 
 0.932136 1.978758e-06 
 0.934132 1.653438e-06 
 0.936128 1.373790e-06 
 0.938124 1.134621e-06 
 0.940120 9.311456e-07 
 0.942116 7.589802e-07 
 0.944112 6.141401e-07 
 0.946108 4.930325e-07 
 0.948104 3.924384e-07 
 0.950100 3.094925e-07 
 0.952096 2.416547e-07 
 0.954092 1.866697e-07 
 0.956088 1.425298e-07 
 0.958084 1.074628e-07 
 0.960080 7.991880e-08 
 0.962076 5.855472e-08 
 0.964072 4.221177e-08 
 0.966068 2.989473e-08 
 0.968064 2.076197e-08 
 0.970060 1.411433e-08 
 0.972056 9.380585e-09 
 0.974052 6.095485e-09 
 0.976048 3.879556e-09 
 0.978044 2.432081e-09 
 0.980040 1.523433e-09 
 0.982036 9.843524e-10 
 0.984032 6.884311e-10 
 0.986028 5.364438e-10 
 0.988024 4.540512e-10 
 0.990020 3.900355e-10 
 0.992016 3.151371e-10 
 0.994012 2.214789e-10 
 0.996008 1.208984e-10 
 0.998004 3.850125e-11 