
 0.001997 -4.001627e-03 
 0.003993 -7.687454e-03 
 0.005989 -1.115131e-02 
 0.007985 -1.443026e-02 
 0.009981 -1.754835e-02 
 0.011977 -2.052225e-02 
 0.013973 -2.336481e-02 
 0.015969 -2.608622e-02 
 0.017965 -2.869493e-02 
 0.019961 -3.119808e-02 
 0.021957 -3.360182e-02 
 0.023953 -3.591152e-02 
 0.025949 -3.813195e-02 
 0.027945 -4.026737e-02 
 0.029941 -4.232163e-02 
 0.031937 -4.429823e-02 
 0.033933 -4.620037e-02 
 0.035929 -4.803099e-02 
 0.037925 -4.979281e-02 
 0.039921 -5.148836e-02 
 0.041917 -5.311999e-02 
 0.043913 -5.468992e-02 
 0.045909 -5.620021e-02 
 0.047905 -5.765281e-02 
 0.049901 -5.904955e-02 
 0.051897 -6.039219e-02 
 0.053893 -6.168237e-02 
 0.055889 -6.292165e-02 
 0.057885 -6.411154e-02 
 0.059881 -6.525344e-02 
 0.061877 -6.634873e-02 
 0.063873 -6.739871e-02 
 0.065869 -6.840462e-02 
 0.067865 -6.936766e-02 
 0.069861 -7.028897e-02 
 0.071857 -7.116967e-02 
 0.073853 -7.201081e-02 
 0.075849 -7.281343e-02 
 0.077845 -7.357850e-02 
 0.079841 -7.430700e-02 
 0.081837 -7.499983e-02 
 0.083833 -7.565790e-02 
 0.085829 -7.628207e-02 
 0.087825 -7.687318e-02 
 0.089821 -7.743203e-02 
 0.091817 -7.795942e-02 
 0.093813 -7.845612e-02 
 0.095809 -7.892286e-02 
 0.097805 -7.936037e-02 
 0.099801 -7.976935e-02 
 0.101797 -8.015049e-02 
 0.103793 -8.050445e-02 
 0.105789 -8.083188e-02 
 0.107785 -8.113341e-02 
 0.109781 -8.140965e-02 
 0.111777 -8.166122e-02 
 0.113773 -8.188869e-02 
 0.115769 -8.209263e-02 
 0.117765 -8.227361e-02 
 0.119761 -8.243217e-02 
 0.121757 -8.256884e-02 
 0.123753 -8.268415e-02 
 0.125749 -8.277860e-02 
 0.127745 -8.285269e-02 
 0.129741 -8.290692e-02 
 0.131737 -8.294175e-02 
 0.133733 -8.295766e-02 
 0.135729 -8.295510e-02 
 0.137725 -8.293451e-02 
 0.139721 -8.289635e-02 
 0.141717 -8.284104e-02 
 0.143713 -8.276900e-02 
 0.145709 -8.268064e-02 
 0.147705 -8.257636e-02 
 0.149701 -8.245658e-02 
 0.151697 -8.232166e-02 
 0.153693 -8.217200e-02 
 0.155689 -8.200798e-02 
 0.157685 -8.182995e-02 
 0.159681 -8.163828e-02 
 0.161677 -8.143332e-02 
 0.163673 -8.121542e-02 
 0.165669 -8.098493e-02 
 0.167666 -8.074217e-02 
 0.169662 -8.048748e-02 
 0.171658 -8.022118e-02 
 0.173654 -7.994358e-02 
 0.175650 -7.965500e-02 
 0.177646 -7.935575e-02 
 0.179642 -7.904612e-02 
 0.181638 -7.872642e-02 
 0.183634 -7.839692e-02 
 0.185630 -7.805792e-02 
 0.187626 -7.770970e-02 
 0.189622 -7.735254e-02 
 0.191618 -7.698670e-02 
 0.193614 -7.661244e-02 
 0.195610 -7.623005e-02 
 0.197606 -7.583976e-02 
 0.199602 -7.544183e-02 
 0.201598 -7.503652e-02 
 0.203594 -7.462406e-02 
 0.205590 -7.420470e-02 
 0.207586 -7.377868e-02 
 0.209582 -7.334621e-02 
 0.211578 -7.290754e-02 
 0.213574 -7.246289e-02 
 0.215570 -7.201248e-02 
 0.217566 -7.155653e-02 
 0.219562 -7.109524e-02 
 0.221558 -7.062884e-02 
 0.223554 -7.015752e-02 
 0.225550 -6.968149e-02 
 0.227546 -6.920095e-02 
 0.229542 -6.871609e-02 
 0.231538 -6.822711e-02 
 0.233534 -6.773420e-02 
 0.235530 -6.723753e-02 
 0.237526 -6.673731e-02 
 0.239522 -6.623370e-02 
 0.241518 -6.572688e-02 
 0.243514 -6.521703e-02 
 0.245510 -6.470431e-02 
 0.247506 -6.418890e-02 
 0.249502 -6.367096e-02 
 0.251498 -6.315065e-02 
 0.253494 -6.262813e-02 
 0.255490 -6.210355e-02 
 0.257486 -6.157708e-02 
 0.259482 -6.104886e-02 
 0.261478 -6.051904e-02 
 0.263474 -5.998776e-02 
 0.265470 -5.945517e-02 
 0.267466 -5.892141e-02 
 0.269462 -5.838661e-02 
 0.271458 -5.785092e-02 
 0.273454 -5.731445e-02 
 0.275450 -5.677736e-02 
 0.277446 -5.623975e-02 
 0.279442 -5.570176e-02 
 0.281438 -5.516350e-02 
 0.283434 -5.462511e-02 
 0.285430 -5.408670e-02 
 0.287426 -5.354838e-02 
 0.289422 -5.301027e-02 
 0.291418 -5.247247e-02 
 0.293414 -5.193511e-02 
 0.295410 -5.139828e-02 
 0.297406 -5.086209e-02 
 0.299402 -5.032664e-02 
 0.301398 -4.979204e-02 
 0.303394 -4.925837e-02 
 0.305390 -4.872575e-02 
 0.307386 -4.819425e-02 
 0.309382 -4.766398e-02 
 0.311378 -4.713503e-02 
 0.313374 -4.660748e-02 
 0.315370 -4.608141e-02 
 0.317366 -4.555692e-02 
 0.319362 -4.503409e-02 
 0.321358 -4.451299e-02 
 0.323354 -4.399370e-02 
 0.325350 -4.347631e-02 
 0.327346 -4.296088e-02 
 0.329342 -4.244749e-02 
 0.331338 -4.193621e-02 
 0.333334 -4.142711e-02 
 0.335330 -4.092026e-02 
 0.337326 -4.041572e-02 
 0.339322 -3.991355e-02 
 0.341318 -3.941383e-02 
 0.343314 -3.891661e-02 
 0.345310 -3.842194e-02 
 0.347306 -3.792990e-02 
 0.349302 -3.744053e-02 
 0.351298 -3.695388e-02 
 0.353294 -3.647001e-02 
 0.355290 -3.598898e-02 
 0.357286 -3.551082e-02 
 0.359282 -3.503559e-02 
 0.361278 -3.456334e-02 
 0.363274 -3.409410e-02 
 0.365270 -3.362793e-02 
 0.367266 -3.316486e-02 
 0.369262 -3.270494e-02 
 0.371258 -3.224820e-02 
 0.373254 -3.179468e-02 
 0.375250 -3.134442e-02 
 0.377246 -3.089745e-02 
 0.379242 -3.045381e-02 
 0.381238 -3.001352e-02 
 0.383234 -2.957662e-02 
 0.385230 -2.914315e-02 
 0.387226 -2.871311e-02 
 0.389222 -2.828655e-02 
 0.391218 -2.786349e-02 
 0.393214 -2.744394e-02 
 0.395210 -2.702795e-02 
 0.397206 -2.661552e-02 
 0.399202 -2.620667e-02 
 0.401198 -2.580144e-02 
 0.403194 -2.539983e-02 
 0.405190 -2.500186e-02 
 0.407186 -2.460755e-02 
 0.409182 -2.421691e-02 
 0.411178 -2.382995e-02 
 0.413174 -2.344670e-02 
 0.415170 -2.306715e-02 
 0.417166 -2.269132e-02 
 0.419162 -2.231923e-02 
 0.421158 -2.195087e-02 
 0.423154 -2.158625e-02 
 0.425150 -2.122539e-02 
 0.427146 -2.086828e-02 
 0.429142 -2.051493e-02 
 0.431138 -2.016535e-02 
 0.433134 -1.981953e-02 
 0.435130 -1.947748e-02 
 0.437126 -1.913919e-02 
 0.439122 -1.880467e-02 
 0.441118 -1.847392e-02 
 0.443114 -1.814694e-02 
 0.445110 -1.782371e-02 
 0.447106 -1.750424e-02 
 0.449102 -1.718852e-02 
 0.451098 -1.687655e-02 
 0.453094 -1.656831e-02 
 0.455090 -1.626381e-02 
 0.457086 -1.596304e-02 
 0.459082 -1.566598e-02 
 0.461078 -1.537262e-02 
 0.463074 -1.508297e-02 
 0.465070 -1.479700e-02 
 0.467066 -1.451470e-02 
 0.469062 -1.423607e-02 
 0.471058 -1.396108e-02 
 0.473054 -1.368973e-02 
 0.475050 -1.342200e-02 
 0.477046 -1.315787e-02 
 0.479042 -1.289734e-02 
 0.481038 -1.264038e-02 
 0.483034 -1.238698e-02 
 0.485030 -1.213712e-02 
 0.487026 -1.189079e-02 
 0.489022 -1.164795e-02 
 0.491018 -1.140861e-02 
 0.493014 -1.117273e-02 
 0.495010 -1.094030e-02 
 0.497006 -1.071129e-02 
 0.499002 -1.048569e-02 
 0.500999 -1.026347e-02 
 0.502995 -1.004462e-02 
 0.504991 -9.829100e-03 
 0.506987 -9.616903e-03 
 0.508983 -9.408000e-03 
 0.510979 -9.202368e-03 
 0.512975 -8.999984e-03 
 0.514971 -8.800822e-03 
 0.516967 -8.604859e-03 
 0.518963 -8.412069e-03 
 0.520959 -8.222428e-03 
 0.522955 -8.035910e-03 
 0.524951 -7.852488e-03 
 0.526947 -7.672137e-03 
 0.528943 -7.494831e-03 
 0.530939 -7.320542e-03 
 0.532935 -7.149243e-03 
 0.534931 -6.980908e-03 
 0.536927 -6.815509e-03 
 0.538923 -6.653018e-03 
 0.540919 -6.493407e-03 
 0.542915 -6.336648e-03 
 0.544911 -6.182713e-03 
 0.546907 -6.031573e-03 
 0.548903 -5.883200e-03 
 0.550899 -5.737564e-03 
 0.552895 -5.594638e-03 
 0.554891 -5.454391e-03 
 0.556887 -5.316794e-03 
 0.558883 -5.181818e-03 
 0.560879 -5.049434e-03 
 0.562875 -4.919612e-03 
 0.564871 -4.792323e-03 
 0.566867 -4.667536e-03 
 0.568863 -4.545221e-03 
 0.570859 -4.425350e-03 
 0.572855 -4.307892e-03 
 0.574851 -4.192817e-03 
 0.576847 -4.080096e-03 
 0.578843 -3.969697e-03 
 0.580839 -3.861592e-03 
 0.582835 -3.755750e-03 
 0.584831 -3.652141e-03 
 0.586827 -3.550736e-03 
 0.588823 -3.451504e-03 
 0.590819 -3.354416e-03 
 0.592815 -3.259441e-03 
 0.594811 -3.166550e-03 
 0.596807 -3.075713e-03 
 0.598803 -2.986901e-03 
 0.600799 -2.900083e-03 
 0.602795 -2.815231e-03 
 0.604791 -2.732315e-03 
 0.606787 -2.651305e-03 
 0.608783 -2.572173e-03 
 0.610779 -2.494888e-03 
 0.612775 -2.419423e-03 
 0.614771 -2.345748e-03 
 0.616767 -2.273835e-03 
 0.618763 -2.203655e-03 
 0.620759 -2.135180e-03 
 0.622755 -2.068380e-03 
 0.624751 -2.003229e-03 
 0.626747 -1.939698e-03 
 0.628743 -1.877759e-03 
 0.630739 -1.817386e-03 
 0.632735 -1.758549e-03 
 0.634731 -1.701222e-03 
 0.636727 -1.645379e-03 
 0.638723 -1.590991e-03 
 0.640719 -1.538033e-03 
 0.642715 -1.486478e-03 
 0.644711 -1.436300e-03 
 0.646707 -1.387472e-03 
 0.648703 -1.339969e-03 
 0.650699 -1.293766e-03 
 0.652695 -1.248836e-03 
 0.654691 -1.205156e-03 
 0.656687 -1.162699e-03 
 0.658683 -1.121441e-03 
 0.660679 -1.081359e-03 
 0.662675 -1.042427e-03 
 0.664671 -1.004621e-03 
 0.666667 -9.679193e-04 
 0.668663 -9.322969e-04 
 0.670659 -8.977311e-04 
 0.672655 -8.641990e-04 
 0.674651 -8.316779e-04 
 0.676647 -8.001456e-04 
 0.678643 -7.695799e-04 
 0.680639 -7.399591e-04 
 0.682635 -7.112615e-04 
 0.684631 -6.834659e-04 
 0.686627 -6.565514e-04 
 0.688623 -6.304971e-04 
 0.690619 -6.052827e-04 
 0.692615 -5.808880e-04 
 0.694611 -5.572931e-04 
 0.696607 -5.344785e-04 
 0.698603 -5.124248e-04 
 0.700599 -4.911129e-04 
 0.702595 -4.705243e-04 
 0.704591 -4.506403e-04 
 0.706587 -4.314428e-04 
 0.708583 -4.129140e-04 
 0.710579 -3.950362e-04 
 0.712575 -3.777921e-04 
 0.714571 -3.611646e-04 
 0.716567 -3.451371e-04 
 0.718563 -3.296930e-04 
 0.720559 -3.148162e-04 
 0.722555 -3.004908e-04 
 0.724551 -2.867011e-04 
 0.726547 -2.734319e-04 
 0.728543 -2.606681e-04 
 0.730539 -2.483949e-04 
 0.732535 -2.365978e-04 
 0.734531 -2.252627e-04 
 0.736527 -2.143756e-04 
 0.738523 -2.039228e-04 
 0.740519 -1.938909e-04 
 0.742515 -1.842670e-04 
 0.744511 -1.750380e-04 
 0.746507 -1.661915e-04 
 0.748503 -1.577152e-04 
 0.750499 -1.495970e-04 
 0.752495 -1.418252e-04 
 0.754491 -1.343882e-04 
 0.756487 -1.272749e-04 
 0.758483 -1.204741e-04 
 0.760479 -1.139752e-04 
 0.762475 -1.077678e-04 
 0.764471 -1.018415e-04 
 0.766467 -9.618634e-05 
 0.768463 -9.079267e-05 
 0.770459 -8.565095e-05 
 0.772455 -8.075193e-05 
 0.774451 -7.608658e-05 
 0.776447 -7.164612e-05 
 0.778443 -6.742198e-05 
 0.780439 -6.340585e-05 
 0.782435 -5.958963e-05 
 0.784431 -5.596546e-05 
 0.786427 -5.252568e-05 
 0.788423 -4.926284e-05 
 0.790419 -4.616973e-05 
 0.792415 -4.323934e-05 
 0.794411 -4.046485e-05 
 0.796407 -3.783967e-05 
 0.798403 -3.535739e-05 
 0.800399 -3.301182e-05 
 0.802395 -3.079694e-05 
 0.804391 -2.870695e-05 
 0.806387 -2.673622e-05 
 0.808383 -2.487930e-05 
 0.810379 -2.313093e-05 
 0.812375 -2.148603e-05 
 0.814371 -1.993968e-05 
 0.816367 -1.848714e-05 
 0.818363 -1.712384e-05 
 0.820359 -1.584537e-05 
 0.822355 -1.464747e-05 
 0.824351 -1.352608e-05 
 0.826347 -1.247724e-05 
 0.828343 -1.149717e-05 
 0.830339 -1.058222e-05 
 0.832335 -9.728895e-06 
 0.834332 -8.933849e-06 
 0.836328 -8.193856e-06 
 0.838324 -7.505823e-06 
 0.840320 -6.866787e-06 
 0.842316 -6.273920e-06 
 0.844312 -5.724517e-06 
 0.846308 -5.215986e-06 
 0.848304 -4.745851e-06 
 0.850300 -4.311749e-06 
 0.852296 -3.911432e-06 
 0.854292 -3.542764e-06 
 0.856288 -3.203702e-06 
 0.858284 -2.892301e-06 
 0.860280 -2.606713e-06 
 0.862276 -2.345190e-06 
 0.864272 -2.106076e-06 
 0.866268 -1.887796e-06 
 0.868264 -1.688857e-06 
 0.870260 -1.507848e-06 
 0.872256 -1.343444e-06 
 0.874252 -1.194396e-06 
 0.876248 -1.059524e-06 
 0.878244 -9.377124e-07 
 0.880240 -8.279167e-07 
 0.882236 -7.291605e-07 
 0.884232 -6.405312e-07 
 0.886228 -5.611703e-07 
 0.888224 -4.902726e-07 
 0.890220 -4.270881e-07 
 0.892216 -3.709222e-07 
 0.894212 -3.211313e-07 
 0.896208 -2.771139e-07 
 0.898204 -2.383102e-07 
 0.900200 -2.042038e-07 
 0.902196 -1.743216e-07 
 0.904192 -1.482304e-07 
 0.906188 -1.255281e-07 
 0.908184 -1.058445e-07 
 0.910180 -8.884124e-08 
 0.912176 -7.421303e-08 
 0.914172 -6.168395e-08 
 0.916168 -5.100071e-08 
 0.918164 -4.193255e-08 
 0.920160 -3.427183e-08 
 0.922156 -2.783459e-08 
 0.924152 -2.245777e-08 
 0.926148 -1.799353e-08 
 0.928144 -1.430915e-08 
 0.930140 -1.128743e-08 
 0.932136 -8.827154e-09 
 0.934132 -6.840955e-09 
 0.936128 -5.250928e-09 
 0.938124 -3.988473e-09 
 0.940120 -2.994587e-09 
 0.942116 -2.220195e-09 
 0.944112 -1.624621e-09 
 0.946108 -1.172387e-09 
 0.948104 -8.330567e-10 
 0.950100 -5.814073e-10 
 0.952096 -3.976413e-10 
 0.954092 -2.664137e-10 
 0.956088 -1.747515e-10 
 0.958084 -1.119171e-10 
 0.960080 -6.949358e-11 
 0.962076 -4.149651e-11 
 0.964072 -2.385630e-11 
 0.966068 -1.329012e-11 
 0.968064 -7.208528e-12 
 0.970060 -3.742083e-12 
 0.972056 -1.782935e-12 
 0.974052 -7.929401e-13 
 0.976048 -3.779444e-13 
 0.978044 -2.451013e-13 
 0.980040 -2.049203e-13 
 0.982036 -1.788926e-13 
 0.984032 -1.663507e-13 
 0.986028 -1.700774e-13 
 0.988024 -1.873559e-13 
 0.990020 -2.084203e-13 
 0.992016 -2.158900e-13 
 0.994012 -1.917466e-13 
 0.996008 -1.331434e-13 
 0.998004 -5.711552e-14 