
 0.001997 -1.767950e-05 
 0.003993 -5.045917e-05 
 0.005989 -9.282008e-05 
 0.007985 -1.426276e-04 
 0.009981 -1.984993e-04 
 0.011977 -2.594830e-04 
 0.013973 -3.248446e-04 
 0.015969 -3.939985e-04 
 0.017965 -4.664586e-04 
 0.019961 -5.418113e-04 
 0.021957 -6.196984e-04 
 0.023953 -6.998040e-04 
 0.025949 -7.818466e-04 
 0.027945 -8.655724e-04 
 0.029941 -9.507511e-04 
 0.031937 -1.037172e-03 
 0.033933 -1.124641e-03 
 0.035929 -1.212978e-03 
 0.037925 -1.302017e-03 
 0.039921 -1.391602e-03 
 0.041917 -1.481588e-03 
 0.043913 -1.571840e-03 
 0.045909 -1.662228e-03 
 0.047905 -1.752633e-03 
 0.049901 -1.842943e-03 
 0.051897 -1.933049e-03 
 0.053893 -2.022851e-03 
 0.055889 -2.112254e-03 
 0.057885 -2.201168e-03 
 0.059881 -2.289507e-03 
 0.061877 -2.377190e-03 
 0.063873 -2.464142e-03 
 0.065869 -2.550292e-03 
 0.067865 -2.635574e-03 
 0.069861 -2.719925e-03 
 0.071857 -2.803286e-03 
 0.073853 -2.885603e-03 
 0.075849 -2.966824e-03 
 0.077845 -3.046902e-03 
 0.079841 -3.125790e-03 
 0.081837 -3.203447e-03 
 0.083833 -3.279834e-03 
 0.085829 -3.354914e-03 
 0.087825 -3.428654e-03 
 0.089821 -3.501024e-03 
 0.091817 -3.571995e-03 
 0.093813 -3.641541e-03 
 0.095809 -3.709638e-03 
 0.097805 -3.776265e-03 
 0.099801 -3.841403e-03 
 0.101797 -3.905032e-03 
 0.103793 -3.967139e-03 
 0.105789 -4.027708e-03 
 0.107785 -4.086729e-03 
 0.109781 -4.144190e-03 
 0.111777 -4.200083e-03 
 0.113773 -4.254402e-03 
 0.115769 -4.307139e-03 
 0.117765 -4.358292e-03 
 0.119761 -4.407857e-03 
 0.121757 -4.455833e-03 
 0.123753 -4.502220e-03 
 0.125749 -4.547018e-03 
 0.127745 -4.590232e-03 
 0.129741 -4.631863e-03 
 0.131737 -4.671918e-03 
 0.133733 -4.710402e-03 
 0.135729 -4.747321e-03 
 0.137725 -4.782685e-03 
 0.139721 -4.816502e-03 
 0.141717 -4.848781e-03 
 0.143713 -4.879531e-03 
 0.145709 -4.908764e-03 
 0.147705 -4.936489e-03 
 0.149701 -4.962719e-03 
 0.151697 -4.987464e-03 
 0.153693 -5.010737e-03 
 0.155689 -5.032550e-03 
 0.157685 -5.052915e-03 
 0.159681 -5.071846e-03 
 0.161677 -5.089357e-03 
 0.163673 -5.105463e-03 
 0.165669 -5.120179e-03 
 0.167666 -5.133522e-03 
 0.169662 -5.145509e-03 
 0.171658 -5.156158e-03 
 0.173654 -5.165488e-03 
 0.175650 -5.173517e-03 
 0.177646 -5.180266e-03 
 0.179642 -5.185755e-03 
 0.181638 -5.190004e-03 
 0.183634 -5.193033e-03 
 0.185630 -5.194863e-03 
 0.187626 -5.195512e-03 
 0.189622 -5.195000e-03 
 0.191618 -5.193347e-03 
 0.193614 -5.190572e-03 
 0.195610 -5.186693e-03 
 0.197606 -5.181729e-03 
 0.199602 -5.175700e-03 
 0.201598 -5.168625e-03 
 0.203594 -5.160521e-03 
 0.205590 -5.151409e-03 
 0.207586 -5.141308e-03 
 0.209582 -5.130239e-03 
 0.211578 -5.118221e-03 
 0.213574 -5.105277e-03 
 0.215570 -5.091425e-03 
 0.217566 -5.076688e-03 
 0.219562 -5.061085e-03 
 0.221558 -5.044639e-03 
 0.223554 -5.027368e-03 
 0.225550 -5.009295e-03 
 0.227546 -4.990437e-03 
 0.229542 -4.970815e-03 
 0.231538 -4.950448e-03 
 0.233534 -4.929353e-03 
 0.235530 -4.907550e-03 
 0.237526 -4.885056e-03 
 0.239522 -4.861889e-03 
 0.241518 -4.838066e-03 
 0.243514 -4.813606e-03 
 0.245510 -4.788526e-03 
 0.247506 -4.762843e-03 
 0.249502 -4.736576e-03 
 0.251498 -4.709743e-03 
 0.253494 -4.682362e-03 
 0.255490 -4.654450e-03 
 0.257486 -4.626026e-03 
 0.259482 -4.597107e-03 
 0.261478 -4.567713e-03 
 0.263474 -4.537859e-03 
 0.265470 -4.507563e-03 
 0.267466 -4.476841e-03 
 0.269462 -4.445711e-03 
 0.271458 -4.414187e-03 
 0.273454 -4.382285e-03 
 0.275450 -4.350021e-03 
 0.277446 -4.317409e-03 
 0.279442 -4.284464e-03 
 0.281438 -4.251200e-03 
 0.283434 -4.217633e-03 
 0.285430 -4.183778e-03 
 0.287426 -4.149648e-03 
 0.289422 -4.115260e-03 
 0.291418 -4.080628e-03 
 0.293414 -4.045768e-03 
 0.295410 -4.010695e-03 
 0.297406 -3.975425e-03 
 0.299402 -3.939972e-03 
 0.301398 -3.904352e-03 
 0.303394 -3.868578e-03 
 0.305390 -3.832664e-03 
 0.307386 -3.796622e-03 
 0.309382 -3.760465e-03 
 0.311378 -3.724204e-03 
 0.313374 -3.687849e-03 
 0.315370 -3.651411e-03 
 0.317366 -3.614898e-03 
 0.319362 -3.578320e-03 
 0.321358 -3.541685e-03 
 0.323354 -3.505003e-03 
 0.325350 -3.468282e-03 
 0.327346 -3.431533e-03 
 0.329342 -3.394763e-03 
 0.331338 -3.357983e-03 
 0.333334 -3.321204e-03 
 0.335330 -3.284434e-03 
 0.337326 -3.247685e-03 
 0.339322 -3.210966e-03 
 0.341318 -3.174287e-03 
 0.343314 -3.137658e-03 
 0.345310 -3.101090e-03 
 0.347306 -3.064590e-03 
 0.349302 -3.028167e-03 
 0.351298 -2.991831e-03 
 0.353294 -2.955588e-03 
 0.355290 -2.919447e-03 
 0.357286 -2.883414e-03 
 0.359282 -2.847498e-03 
 0.361278 -2.811704e-03 
 0.363274 -2.776040e-03 
 0.365270 -2.740512e-03 
 0.367266 -2.705126e-03 
 0.369262 -2.669891e-03 
 0.371258 -2.634811e-03 
 0.373254 -2.599894e-03 
 0.375250 -2.565145e-03 
 0.377246 -2.530572e-03 
 0.379242 -2.496181e-03 
 0.381238 -2.461976e-03 
 0.383234 -2.427965e-03 
 0.385230 -2.394153e-03 
 0.387226 -2.360546e-03 
 0.389222 -2.327147e-03 
 0.391218 -2.293962e-03 
 0.393214 -2.260995e-03 
 0.395210 -2.228251e-03 
 0.397206 -2.195733e-03 
 0.399202 -2.163446e-03 
 0.401198 -2.131392e-03 
 0.403194 -2.099576e-03 
 0.405190 -2.067999e-03 
 0.407186 -2.036667e-03 
 0.409182 -2.005581e-03 
 0.411178 -1.974744e-03 
 0.413174 -1.944159e-03 
 0.415170 -1.913829e-03 
 0.417166 -1.883756e-03 
 0.419162 -1.853942e-03 
 0.421158 -1.824391e-03 
 0.423154 -1.795103e-03 
 0.425150 -1.766080e-03 
 0.427146 -1.737325e-03 
 0.429142 -1.708839e-03 
 0.431138 -1.680623e-03 
 0.433134 -1.652680e-03 
 0.435130 -1.625009e-03 
 0.437126 -1.597611e-03 
 0.439122 -1.570489e-03 
 0.441118 -1.543643e-03 
 0.443114 -1.517073e-03 
 0.445110 -1.490780e-03 
 0.447106 -1.464765e-03 
 0.449102 -1.439029e-03 
 0.451098 -1.413572e-03 
 0.453094 -1.388394e-03 
 0.455090 -1.363497e-03 
 0.457086 -1.338880e-03 
 0.459082 -1.314545e-03 
 0.461078 -1.290491e-03 
 0.463074 -1.266718e-03 
 0.465070 -1.243228e-03 
 0.467066 -1.220021e-03 
 0.469062 -1.197096e-03 
 0.471058 -1.174454e-03 
 0.473054 -1.152095e-03 
 0.475050 -1.130020e-03 
 0.477046 -1.108228e-03 
 0.479042 -1.086719e-03 
 0.481038 -1.065494e-03 
 0.483034 -1.044551e-03 
 0.485030 -1.023891e-03 
 0.487026 -1.003513e-03 
 0.489022 -9.834158e-04 
 0.491018 -9.635981e-04 
 0.493014 -9.440589e-04 
 0.495010 -9.247966e-04 
 0.497006 -9.058096e-04 
 0.499002 -8.870961e-04 
 0.500999 -8.686544e-04 
 0.502995 -8.504823e-04 
 0.504991 -8.325780e-04 
 0.506987 -8.149396e-04 
 0.508983 -7.975650e-04 
 0.510979 -7.804524e-04 
 0.512975 -7.636000e-04 
 0.514971 -7.470057e-04 
 0.516967 -7.306676e-04 
 0.518963 -7.145841e-04 
 0.520959 -6.987531e-04 
 0.522955 -6.831729e-04 
 0.524951 -6.678418e-04 
 0.526947 -6.527580e-04 
 0.528943 -6.379201e-04 
 0.530939 -6.233263e-04 
 0.532935 -6.089751e-04 
 0.534931 -5.948651e-04 
 0.536927 -5.809946e-04 
 0.538923 -5.673623e-04 
 0.540919 -5.539666e-04 
 0.542915 -5.408057e-04 
 0.544911 -5.278780e-04 
 0.546907 -5.151815e-04 
 0.548903 -5.027140e-04 
 0.550899 -4.904733e-04 
 0.552895 -4.784570e-04 
 0.554891 -4.666626e-04 
 0.556887 -4.550874e-04 
 0.558883 -4.437288e-04 
 0.560879 -4.325839e-04 
 0.562875 -4.216502e-04 
 0.564871 -4.109249e-04 
 0.566867 -4.004055e-04 
 0.568863 -3.900895e-04 
 0.570859 -3.799747e-04 
 0.572855 -3.700587e-04 
 0.574851 -3.603393e-04 
 0.576847 -3.508146e-04 
 0.578843 -3.414823e-04 
 0.580839 -3.323404e-04 
 0.582835 -3.233869e-04 
 0.584831 -3.146195e-04 
 0.586827 -3.060361e-04 
 0.588823 -2.976343e-04 
 0.590819 -2.894118e-04 
 0.592815 -2.813659e-04 
 0.594811 -2.734941e-04 
 0.596807 -2.657939e-04 
 0.598803 -2.582626e-04 
 0.600799 -2.508976e-04 
 0.602795 -2.436960e-04 
 0.604791 -2.366553e-04 
 0.606787 -2.297730e-04 
 0.608783 -2.230464e-04 
 0.610779 -2.164731e-04 
 0.612775 -2.100507e-04 
 0.614771 -2.037767e-04 
 0.616767 -1.976489e-04 
 0.618763 -1.916649e-04 
 0.620759 -1.858225e-04 
 0.622755 -1.801194e-04 
 0.624751 -1.745534e-04 
 0.626747 -1.691223e-04 
 0.628743 -1.638240e-04 
 0.630739 -1.586563e-04 
 0.632735 -1.536170e-04 
 0.634731 -1.487041e-04 
 0.636727 -1.439155e-04 
 0.638723 -1.392490e-04 
 0.640719 -1.347025e-04 
 0.642715 -1.302741e-04 
 0.644711 -1.259615e-04 
 0.646707 -1.217628e-04 
 0.648703 -1.176758e-04 
 0.650699 -1.136984e-04 
 0.652695 -1.098286e-04 
 0.654691 -1.060642e-04 
 0.656687 -1.024033e-04 
 0.658683 -9.884356e-05 
 0.660679 -9.538310e-05 
 0.662675 -9.201983e-05 
 0.664671 -8.875176e-05 
 0.666667 -8.557692e-05 
 0.668663 -8.249341e-05 
 0.670659 -7.949934e-05 
 0.672655 -7.659288e-05 
 0.674651 -7.377222e-05 
 0.676647 -7.103559e-05 
 0.678643 -6.838125e-05 
 0.680639 -6.580747e-05 
 0.682635 -6.331253e-05 
 0.684631 -6.089472e-05 
 0.686627 -5.855231e-05 
 0.688623 -5.628355e-05 
 0.690619 -5.408670e-05 
 0.692615 -5.196001e-05 
 0.694611 -4.990171e-05 
 0.696607 -4.791008e-05 
 0.698603 -4.598336e-05 
 0.700599 -4.411982e-05 
 0.702595 -4.231779e-05 
 0.704591 -4.057560e-05 
 0.706587 -3.889168e-05 
 0.708583 -3.726447e-05 
 0.710579 -3.569252e-05 
 0.712575 -3.417438e-05 
 0.714571 -3.270867e-05 
 0.716567 -3.129406e-05 
 0.718563 -2.992926e-05 
 0.720559 -2.861300e-05 
 0.722555 -2.734405e-05 
 0.724551 -2.612121e-05 
 0.726547 -2.494327e-05 
 0.728543 -2.380905e-05 
 0.730539 -2.271736e-05 
 0.732535 -2.166704e-05 
 0.734531 -2.065693e-05 
 0.736527 -1.968589e-05 
 0.738523 -1.875279e-05 
 0.740519 -1.785652e-05 
 0.742515 -1.699596e-05 
 0.744511 -1.617002e-05 
 0.746507 -1.537762e-05 
 0.748503 -1.461769e-05 
 0.750499 -1.388918e-05 
 0.752495 -1.319105e-05 
 0.754491 -1.252227e-05 
 0.756487 -1.188184e-05 
 0.758483 -1.126876e-05 
 0.760479 -1.068207e-05 
 0.762475 -1.012083e-05 
 0.764471 -9.584107e-06 
 0.766467 -9.071040e-06 
 0.768463 -8.580780e-06 
 0.770459 -8.112516e-06 
 0.772455 -7.665469e-06 
 0.774451 -7.238888e-06 
 0.776447 -6.832051e-06 
 0.778443 -6.444263e-06 
 0.780439 -6.074850e-06 
 0.782435 -5.723160e-06 
 0.784431 -5.388553e-06 
 0.786427 -5.070396e-06 
 0.788423 -4.768066e-06 
 0.790419 -4.480948e-06 
 0.792415 -4.208436e-06 
 0.794411 -3.949937e-06 
 0.796407 -3.704866e-06 
 0.798403 -3.472651e-06 
 0.800399 -3.252731e-06 
 0.802395 -3.044563e-06 
 0.804391 -2.847621e-06 
 0.806387 -2.661401e-06 
 0.808383 -2.485420e-06 
 0.810379 -2.319214e-06 
 0.812375 -2.162340e-06 
 0.814371 -2.014374e-06 
 0.816367 -1.874908e-06 
 0.818363 -1.743553e-06 
 0.820359 -1.619937e-06 
 0.822355 -1.503701e-06 
 0.824351 -1.394499e-06 
 0.826347 -1.291996e-06 
 0.828343 -1.195866e-06 
 0.830339 -1.105795e-06 
 0.832335 -1.021478e-06 
 0.834332 -9.426208e-07 
 0.836328 -8.689388e-07 
 0.838324 -8.001577e-07 
 0.840320 -7.360128e-07 
 0.842316 -6.762496e-07 
 0.844312 -6.206233e-07 
 0.846308 -5.688997e-07 
 0.848304 -5.208543e-07 
 0.850300 -4.762723e-07 
 0.852296 -4.349487e-07 
 0.854292 -3.966877e-07 
 0.856288 -3.613025e-07 
 0.858284 -3.286153e-07 
 0.860280 -2.984569e-07 
 0.862276 -2.706663e-07 
 0.864272 -2.450904e-07 
 0.866268 -2.215837e-07 
 0.868264 -2.000079e-07 
 0.870260 -1.802319e-07 
 0.872256 -1.621315e-07 
 0.874252 -1.455896e-07 
 0.876248 -1.304951e-07 
 0.878244 -1.167438e-07 
 0.880240 -1.042372e-07 
 0.882236 -9.288286e-08 
 0.884232 -8.259334e-08 
 0.886228 -7.328626e-08 
 0.888224 -6.488398e-08 
 0.890220 -5.731348e-08 
 0.892216 -5.050624e-08 
 0.894212 -4.439815e-08 
 0.896208 -3.892930e-08 
 0.898204 -3.404391e-08 
 0.900200 -2.969010e-08 
 0.902196 -2.581967e-08 
 0.904192 -2.238783e-08 
 0.906188 -1.935289e-08 
 0.908184 -1.667617e-08 
 0.910180 -1.432194e-08 
 0.912176 -1.225726e-08 
 0.914172 -1.045194e-08 
 0.916168 -8.878393e-09 
 0.918164 -7.511502e-09 
 0.920160 -6.328507e-09 
 0.922156 -5.308788e-09 
 0.924152 -4.433561e-09 
 0.926148 -3.685629e-09 
 0.928144 -3.049317e-09 
 0.930140 -2.510421e-09 
 0.932136 -2.056152e-09 
 0.934132 -1.675070e-09 
 0.936128 -1.357026e-09 
 0.938124 -1.093084e-09 
 0.940120 -8.754364e-10 
 0.942116 -6.972824e-10 
 0.944112 -5.526383e-10 
 0.946108 -4.361731e-10 
 0.948104 -3.431794e-10 
 0.950100 -2.695430e-10 
 0.952096 -2.117157e-10 
 0.954092 -1.666839e-10 
 0.956088 -1.319340e-10 
 0.958084 -1.054137e-10 
 0.960080 -8.548376e-11 
 0.962076 -7.084618e-11 
 0.964072 -6.042452e-11 
 0.966068 -5.326072e-11 
 0.968064 -4.850761e-11 
 0.970060 -4.542414e-11 
 0.972056 -4.337321e-11 
 0.974052 -4.181879e-11 
 0.976048 -4.032346e-11 
 0.978044 -3.854636e-11 
 0.980040 -3.624207e-11 
 0.982036 -3.326340e-11 
 0.984032 -2.957233e-11 
 0.986028 -2.524714e-11 
 0.988024 -2.046908e-11 
 0.990020 -1.550571e-11 
 0.992016 -1.069048e-11 
 0.994012 -6.396153e-12 
 0.996008 -3.000777e-12 
 0.998004 -8.234185e-13 