
 0.001997 4.419875e-06 
 0.003993 1.261479e-05 
 0.005989 2.320502e-05 
 0.007985 3.565691e-05 
 0.009981 4.962481e-05 
 0.011977 6.487073e-05 
 0.013973 8.121113e-05 
 0.015969 9.849963e-05 
 0.017965 1.166146e-04 
 0.019961 1.354528e-04 
 0.021957 1.549246e-04 
 0.023953 1.749510e-04 
 0.025949 1.954616e-04 
 0.027945 2.163931e-04 
 0.029941 2.376878e-04 
 0.031937 2.592929e-04 
 0.033933 2.811601e-04 
 0.035929 3.032444e-04 
 0.037925 3.255042e-04 
 0.039921 3.479005e-04 
 0.041917 3.703971e-04 
 0.043913 3.929599e-04 
 0.045909 4.155570e-04 
 0.047905 4.381583e-04 
 0.049901 4.607357e-04 
 0.051897 4.832622e-04 
 0.053893 5.057128e-04 
 0.055889 5.280636e-04 
 0.057885 5.502920e-04 
 0.059881 5.723766e-04 
 0.061877 5.942975e-04 
 0.063873 6.160355e-04 
 0.065869 6.375730e-04 
 0.067865 6.588934e-04 
 0.069861 6.799811e-04 
 0.071857 7.008215e-04 
 0.073853 7.214007e-04 
 0.075849 7.417061e-04 
 0.077845 7.617254e-04 
 0.079841 7.814475e-04 
 0.081837 8.008617e-04 
 0.083833 8.199584e-04 
 0.085829 8.387285e-04 
 0.087825 8.571636e-04 
 0.089821 8.752560e-04 
 0.091817 8.929987e-04 
 0.093813 9.103852e-04 
 0.095809 9.274095e-04 
 0.097805 9.440663e-04 
 0.099801 9.603506e-04 
 0.101797 9.762580e-04 
 0.103793 9.917847e-04 
 0.105789 1.006927e-03 
 0.107785 1.021682e-03 
 0.109781 1.036048e-03 
 0.111777 1.050021e-03 
 0.113773 1.063600e-03 
 0.115769 1.076785e-03 
 0.117765 1.089573e-03 
 0.119761 1.101964e-03 
 0.121757 1.113958e-03 
 0.123753 1.125555e-03 
 0.125749 1.136755e-03 
 0.127745 1.147558e-03 
 0.129741 1.157966e-03 
 0.131737 1.167979e-03 
 0.133733 1.177600e-03 
 0.135729 1.186830e-03 
 0.137725 1.195671e-03 
 0.139721 1.204126e-03 
 0.141717 1.212195e-03 
 0.143713 1.219883e-03 
 0.145709 1.227191e-03 
 0.147705 1.234122e-03 
 0.149701 1.240680e-03 
 0.151697 1.246866e-03 
 0.153693 1.252684e-03 
 0.155689 1.258137e-03 
 0.157685 1.263229e-03 
 0.159681 1.267962e-03 
 0.161677 1.272339e-03 
 0.163673 1.276366e-03 
 0.165669 1.280045e-03 
 0.167666 1.283381e-03 
 0.169662 1.286377e-03 
 0.171658 1.289040e-03 
 0.173654 1.291372e-03 
 0.175650 1.293379e-03 
 0.177646 1.295067e-03 
 0.179642 1.296439e-03 
 0.181638 1.297501e-03 
 0.183634 1.298258e-03 
 0.185630 1.298716e-03 
 0.187626 1.298878e-03 
 0.189622 1.298750e-03 
 0.191618 1.298337e-03 
 0.193614 1.297643e-03 
 0.195610 1.296673e-03 
 0.197606 1.295432e-03 
 0.199602 1.293925e-03 
 0.201598 1.292156e-03 
 0.203594 1.290130e-03 
 0.205590 1.287852e-03 
 0.207586 1.285327e-03 
 0.209582 1.282560e-03 
 0.211578 1.279555e-03 
 0.213574 1.276319e-03 
 0.215570 1.272856e-03 
 0.217566 1.269172e-03 
 0.219562 1.265271e-03 
 0.221558 1.261160e-03 
 0.223554 1.256842e-03 
 0.225550 1.252324e-03 
 0.227546 1.247609e-03 
 0.229542 1.242704e-03 
 0.231538 1.237612e-03 
 0.233534 1.232338e-03 
 0.235530 1.226888e-03 
 0.237526 1.221264e-03 
 0.239522 1.215472e-03 
 0.241518 1.209517e-03 
 0.243514 1.203402e-03 
 0.245510 1.197131e-03 
 0.247506 1.190711e-03 
 0.249502 1.184144e-03 
 0.251498 1.177436e-03 
 0.253494 1.170590e-03 
 0.255490 1.163612e-03 
 0.257486 1.156506e-03 
 0.259482 1.149277e-03 
 0.261478 1.141928e-03 
 0.263474 1.134465e-03 
 0.265470 1.126891e-03 
 0.267466 1.119210e-03 
 0.269462 1.111428e-03 
 0.271458 1.103547e-03 
 0.273454 1.095571e-03 
 0.275450 1.087505e-03 
 0.277446 1.079352e-03 
 0.279442 1.071116e-03 
 0.281438 1.062800e-03 
 0.283434 1.054408e-03 
 0.285430 1.045944e-03 
 0.287426 1.037412e-03 
 0.289422 1.028815e-03 
 0.291418 1.020157e-03 
 0.293414 1.011442e-03 
 0.295410 1.002674e-03 
 0.297406 9.938563e-04 
 0.299402 9.849931e-04 
 0.301398 9.760879e-04 
 0.303394 9.671444e-04 
 0.305390 9.581659e-04 
 0.307386 9.491556e-04 
 0.309382 9.401164e-04 
 0.311378 9.310511e-04 
 0.313374 9.219624e-04 
 0.315370 9.128527e-04 
 0.317366 9.037245e-04 
 0.319362 8.945800e-04 
 0.321358 8.854213e-04 
 0.323354 8.762508e-04 
 0.325350 8.670706e-04 
 0.327346 8.578831e-04 
 0.329342 8.486907e-04 
 0.331338 8.394958e-04 
 0.333334 8.303009e-04 
 0.335330 8.211085e-04 
 0.337326 8.119212e-04 
 0.339322 8.027414e-04 
 0.341318 7.935717e-04 
 0.343314 7.844146e-04 
 0.345310 7.752724e-04 
 0.347306 7.661475e-04 
 0.349302 7.570419e-04 
 0.351298 7.479577e-04 
 0.353294 7.388970e-04 
 0.355290 7.298617e-04 
 0.357286 7.208536e-04 
 0.359282 7.118744e-04 
 0.361278 7.029260e-04 
 0.363274 6.940099e-04 
 0.365270 6.851279e-04 
 0.367266 6.762816e-04 
 0.369262 6.674726e-04 
 0.371258 6.587027e-04 
 0.373254 6.499734e-04 
 0.375250 6.412863e-04 
 0.377246 6.326430e-04 
 0.379242 6.240451e-04 
 0.381238 6.154941e-04 
 0.383234 6.069914e-04 
 0.385230 5.985384e-04 
 0.387226 5.901364e-04 
 0.389222 5.817867e-04 
 0.391218 5.734905e-04 
 0.393214 5.652488e-04 
 0.395210 5.570628e-04 
 0.397206 5.489334e-04 
 0.399202 5.408615e-04 
 0.401198 5.328481e-04 
 0.403194 5.248939e-04 
 0.405190 5.169999e-04 
 0.407186 5.091667e-04 
 0.409182 5.013952e-04 
 0.411178 4.936860e-04 
 0.413174 4.860398e-04 
 0.415170 4.784573e-04 
 0.417166 4.709390e-04 
 0.419162 4.634856e-04 
 0.421158 4.560977e-04 
 0.423154 4.487757e-04 
 0.425150 4.415201e-04 
 0.427146 4.343313e-04 
 0.429142 4.272098e-04 
 0.431138 4.201559e-04 
 0.433134 4.131699e-04 
 0.435130 4.062522e-04 
 0.437126 3.994029e-04 
 0.439122 3.926223e-04 
 0.441118 3.859107e-04 
 0.443114 3.792682e-04 
 0.445110 3.726951e-04 
 0.447106 3.661913e-04 
 0.449102 3.597573e-04 
 0.451098 3.533930e-04 
 0.453094 3.470986e-04 
 0.455090 3.408742e-04 
 0.457086 3.347201e-04 
 0.459082 3.286362e-04 
 0.461078 3.226226e-04 
 0.463074 3.166796e-04 
 0.465070 3.108071e-04 
 0.467066 3.050051e-04 
 0.469062 2.992739e-04 
 0.471058 2.936135e-04 
 0.473054 2.880238e-04 
 0.475050 2.825050e-04 
 0.477046 2.770570e-04 
 0.479042 2.716798e-04 
 0.481038 2.663734e-04 
 0.483034 2.611378e-04 
 0.485030 2.559729e-04 
 0.487026 2.508783e-04 
 0.489022 2.458540e-04 
 0.491018 2.408996e-04 
 0.493014 2.360147e-04 
 0.495010 2.311992e-04 
 0.497006 2.264524e-04 
 0.499002 2.217741e-04 
 0.500999 2.171636e-04 
 0.502995 2.126206e-04 
 0.504991 2.081445e-04 
 0.506987 2.037349e-04 
 0.508983 1.993913e-04 
 0.510979 1.951131e-04 
 0.512975 1.909000e-04 
 0.514971 1.867514e-04 
 0.516967 1.826669e-04 
 0.518963 1.786460e-04 
 0.520959 1.746883e-04 
 0.522955 1.707933e-04 
 0.524951 1.669605e-04 
 0.526947 1.631895e-04 
 0.528943 1.594800e-04 
 0.530939 1.558316e-04 
 0.532935 1.522438e-04 
 0.534931 1.487163e-04 
 0.536927 1.452487e-04 
 0.538923 1.418406e-04 
 0.540919 1.384917e-04 
 0.542915 1.352015e-04 
 0.544911 1.319695e-04 
 0.546907 1.287954e-04 
 0.548903 1.256785e-04 
 0.550899 1.226183e-04 
 0.552895 1.196143e-04 
 0.554891 1.166657e-04 
 0.556887 1.137719e-04 
 0.558883 1.109322e-04 
 0.560879 1.081460e-04 
 0.562875 1.054126e-04 
 0.564871 1.027312e-04 
 0.566867 1.001014e-04 
 0.568863 9.752239e-05 
 0.570859 9.499367e-05 
 0.572855 9.251467e-05 
 0.574851 9.008484e-05 
 0.576847 8.770365e-05 
 0.578843 8.537058e-05 
 0.580839 8.308511e-05 
 0.582835 8.084672e-05 
 0.584831 7.865489e-05 
 0.586827 7.650904e-05 
 0.588823 7.440859e-05 
 0.590819 7.235294e-05 
 0.592815 7.034147e-05 
 0.594811 6.837354e-05 
 0.596807 6.644849e-05 
 0.598803 6.456566e-05 
 0.600799 6.272439e-05 
 0.602795 6.092400e-05 
 0.604791 5.916384e-05 
 0.606787 5.744325e-05 
 0.608783 5.576160e-05 
 0.610779 5.411828e-05 
 0.612775 5.251267e-05 
 0.614771 5.094418e-05 
 0.616767 4.941222e-05 
 0.618763 4.791622e-05 
 0.620759 4.645561e-05 
 0.622755 4.502984e-05 
 0.624751 4.363834e-05 
 0.626747 4.228057e-05 
 0.628743 4.095599e-05 
 0.630739 3.966407e-05 
 0.632735 3.840426e-05 
 0.634731 3.717603e-05 
 0.636727 3.597887e-05 
 0.638723 3.481224e-05 
 0.640719 3.367563e-05 
 0.642715 3.256852e-05 
 0.644711 3.149038e-05 
 0.646707 3.044070e-05 
 0.648703 2.941895e-05 
 0.650699 2.842461e-05 
 0.652695 2.745715e-05 
 0.654691 2.651606e-05 
 0.656687 2.560081e-05 
 0.658683 2.471089e-05 
 0.660679 2.384577e-05 
 0.662675 2.300496e-05 
 0.664671 2.218794e-05 
 0.666667 2.139423e-05 
 0.668663 2.062335e-05 
 0.670659 1.987483e-05 
 0.672655 1.914822e-05 
 0.674651 1.844305e-05 
 0.676647 1.775890e-05 
 0.678643 1.709531e-05 
 0.680639 1.645186e-05 
 0.682635 1.582813e-05 
 0.684631 1.522368e-05 
 0.686627 1.463808e-05 
 0.688623 1.407089e-05 
 0.690619 1.352167e-05 
 0.692615 1.299000e-05 
 0.694611 1.247543e-05 
 0.696607 1.197752e-05 
 0.698603 1.149584e-05 
 0.700599 1.102995e-05 
 0.702595 1.057945e-05 
 0.704591 1.014390e-05 
 0.706587 9.722917e-06 
 0.708583 9.316117e-06 
 0.710579 8.923128e-06 
 0.712575 8.543593e-06 
 0.714571 8.177167e-06 
 0.716567 7.823515e-06 
 0.718563 7.482314e-06 
 0.720559 7.153249e-06 
 0.722555 6.836013e-06 
 0.724551 6.530302e-06 
 0.726547 6.235818e-06 
 0.728543 5.952262e-06 
 0.730539 5.679339e-06 
 0.732535 5.416759e-06 
 0.734531 5.164232e-06 
 0.736527 4.921472e-06 
 0.738523 4.688198e-06 
 0.740519 4.464129e-06 
 0.742515 4.248989e-06 
 0.744511 4.042504e-06 
 0.746507 3.844404e-06 
 0.748503 3.654423e-06 
 0.750499 3.472296e-06 
 0.752495 3.297763e-06 
 0.754491 3.130568e-06 
 0.756487 2.970460e-06 
 0.758483 2.817191e-06 
 0.760479 2.670518e-06 
 0.762475 2.530206e-06 
 0.764471 2.396026e-06 
 0.766467 2.267760e-06 
 0.768463 2.145195e-06 
 0.770459 2.028129e-06 
 0.772455 1.916367e-06 
 0.774451 1.809722e-06 
 0.776447 1.708013e-06 
 0.778443 1.611066e-06 
 0.780439 1.518712e-06 
 0.782435 1.430790e-06 
 0.784431 1.347138e-06 
 0.786427 1.267599e-06 
 0.788423 1.192016e-06 
 0.790419 1.120237e-06 
 0.792415 1.052109e-06 
 0.794411 9.874843e-07 
 0.796407 9.262166e-07 
 0.798403 8.681627e-07 
 0.800399 8.131828e-07 
 0.802395 7.611408e-07 
 0.804391 7.119053e-07 
 0.806387 6.653503e-07 
 0.808383 6.213550e-07 
 0.810379 5.798035e-07 
 0.812375 5.405850e-07 
 0.814371 5.035934e-07 
 0.816367 4.687269e-07 
 0.818363 4.358883e-07 
 0.820359 4.049843e-07 
 0.822355 3.759253e-07 
 0.824351 3.486249e-07 
 0.826347 3.229990e-07 
 0.828343 2.989665e-07 
 0.830339 2.764488e-07 
 0.832335 2.553695e-07 
 0.834332 2.356552e-07 
 0.836328 2.172347e-07 
 0.838324 2.000394e-07 
 0.840320 1.840032e-07 
 0.842316 1.690624e-07 
 0.844312 1.551558e-07 
 0.846308 1.422249e-07 
 0.848304 1.302136e-07 
 0.850300 1.190681e-07 
 0.852296 1.087372e-07 
 0.854292 9.917193e-08 
 0.856288 9.032563e-08 
 0.858284 8.215384e-08 
 0.860280 7.461423e-08 
 0.862276 6.766657e-08 
 0.864272 6.127260e-08 
 0.866268 5.539592e-08 
 0.868264 5.000197e-08 
 0.870260 4.505797e-08 
 0.872256 4.053289e-08 
 0.874252 3.639740e-08 
 0.876248 3.262379e-08 
 0.878244 2.918596e-08 
 0.880240 2.605932e-08 
 0.882236 2.322072e-08 
 0.884232 2.064834e-08 
 0.886228 1.832157e-08 
 0.888224 1.622100e-08 
 0.890220 1.432837e-08 
 0.892216 1.262657e-08 
 0.894212 1.109954e-08 
 0.896208 9.732331e-09 
 0.898204 8.510984e-09 
 0.900200 7.422530e-09 
 0.902196 6.454923e-09 
 0.904192 5.596963e-09 
 0.906188 4.838228e-09 
 0.908184 4.169049e-09 
 0.910180 3.580491e-09 
 0.912176 3.064322e-09 
 0.914172 2.612992e-09 
 0.916168 2.219604e-09 
 0.918164 1.877881e-09 
 0.920160 1.582132e-09 
 0.922156 1.327202e-09 
 0.924152 1.108396e-09 
 0.926148 9.214122e-10 
 0.928144 7.623341e-10 
 0.930140 6.276101e-10 
 0.932136 5.140427e-10 
 0.934132 4.187722e-10 
 0.936128 3.392612e-10 
 0.938124 2.732756e-10 
 0.940120 2.188636e-10 
 0.942116 1.743251e-10 
 0.944112 1.381640e-10 
 0.946108 1.090477e-10 
 0.948104 8.579921e-11 
 0.950100 6.739006e-11 
 0.952096 5.293318e-11 
 0.954092 4.167515e-11 
 0.956088 3.298760e-11 
 0.958084 2.635742e-11 
 0.960080 2.137482e-11 
 0.962076 1.771529e-11 
 0.964072 1.510972e-11 
 0.966068 1.331858e-11 
 0.968064 1.213010e-11 
 0.970060 1.135901e-11 
 0.972056 1.084604e-11 
 0.974052 1.045717e-11 
 0.976048 1.008307e-11 
 0.978044 9.638525e-12 
 0.980040 9.062180e-12 
 0.982036 8.317241e-12 
 0.984032 7.394212e-12 
 0.986028 6.312671e-12 
 0.988024 5.117932e-12 
 0.990020 3.876891e-12 
 0.992016 2.672917e-12 
 0.994012 1.599205e-12 
 0.996008 7.502674e-13 
 0.998004 2.058735e-13 