
 0.001997 2.050549e-03 
 0.003993 3.929093e-03 
 0.005989 5.687963e-03 
 0.007985 7.347776e-03 
 0.009981 8.921883e-03 
 0.011977 1.041953e-02 
 0.013973 1.184783e-02 
 0.015969 1.321241e-02 
 0.017965 1.451795e-02 
 0.019961 1.576836e-02 
 0.021957 1.696704e-02 
 0.023953 1.811694e-02 
 0.025949 1.922067e-02 
 0.027945 2.028058e-02 
 0.029941 2.129876e-02 
 0.031937 2.227712e-02 
 0.033933 2.321741e-02 
 0.035929 2.412123e-02 
 0.037925 2.499006e-02 
 0.039921 2.582527e-02 
 0.041917 2.662813e-02 
 0.043913 2.739985e-02 
 0.045909 2.814153e-02 
 0.047905 2.885422e-02 
 0.049901 2.953892e-02 
 0.051897 3.019656e-02 
 0.053893 3.082802e-02 
 0.055889 3.143413e-02 
 0.057885 3.201570e-02 
 0.059881 3.257349e-02 
 0.061877 3.310821e-02 
 0.063873 3.362055e-02 
 0.065869 3.411118e-02 
 0.067865 3.458073e-02 
 0.069861 3.502980e-02 
 0.071857 3.545897e-02 
 0.073853 3.586880e-02 
 0.075849 3.625983e-02 
 0.077845 3.663257e-02 
 0.079841 3.698753e-02 
 0.081837 3.732518e-02 
 0.083833 3.764598e-02 
 0.085829 3.795039e-02 
 0.087825 3.823884e-02 
 0.089821 3.851174e-02 
 0.091817 3.876950e-02 
 0.093813 3.901251e-02 
 0.095809 3.924115e-02 
 0.097805 3.945580e-02 
 0.099801 3.965680e-02 
 0.101797 3.984452e-02 
 0.103793 4.001927e-02 
 0.105789 4.018140e-02 
 0.107785 4.033122e-02 
 0.109781 4.046904e-02 
 0.111777 4.059516e-02 
 0.113773 4.070987e-02 
 0.115769 4.081347e-02 
 0.117765 4.090623e-02 
 0.119761 4.098841e-02 
 0.121757 4.106029e-02 
 0.123753 4.112213e-02 
 0.125749 4.117417e-02 
 0.127745 4.121666e-02 
 0.129741 4.124984e-02 
 0.131737 4.127394e-02 
 0.133733 4.128919e-02 
 0.135729 4.129582e-02 
 0.137725 4.129404e-02 
 0.139721 4.128406e-02 
 0.141717 4.126610e-02 
 0.143713 4.124035e-02 
 0.145709 4.120702e-02 
 0.147705 4.116629e-02 
 0.149701 4.111837e-02 
 0.151697 4.106343e-02 
 0.153693 4.100167e-02 
 0.155689 4.093324e-02 
 0.157685 4.085834e-02 
 0.159681 4.077713e-02 
 0.161677 4.068978e-02 
 0.163673 4.059645e-02 
 0.165669 4.049731e-02 
 0.167666 4.039250e-02 
 0.169662 4.028219e-02 
 0.171658 4.016653e-02 
 0.173654 4.004566e-02 
 0.175650 3.991972e-02 
 0.177646 3.978887e-02 
 0.179642 3.965324e-02 
 0.181638 3.951296e-02 
 0.183634 3.936817e-02 
 0.185630 3.921900e-02 
 0.187626 3.906558e-02 
 0.189622 3.890803e-02 
 0.191618 3.874649e-02 
 0.193614 3.858106e-02 
 0.195610 3.841188e-02 
 0.197606 3.823905e-02 
 0.199602 3.806269e-02 
 0.201598 3.788291e-02 
 0.203594 3.769982e-02 
 0.205590 3.751354e-02 
 0.207586 3.732416e-02 
 0.209582 3.713180e-02 
 0.211578 3.693654e-02 
 0.213574 3.673850e-02 
 0.215570 3.653777e-02 
 0.217566 3.633445e-02 
 0.219562 3.612864e-02 
 0.221558 3.592041e-02 
 0.223554 3.570988e-02 
 0.225550 3.549712e-02 
 0.227546 3.528222e-02 
 0.229542 3.506528e-02 
 0.231538 3.484637e-02 
 0.233534 3.462557e-02 
 0.235530 3.440298e-02 
 0.237526 3.417866e-02 
 0.239522 3.395270e-02 
 0.241518 3.372517e-02 
 0.243514 3.349616e-02 
 0.245510 3.326572e-02 
 0.247506 3.303394e-02 
 0.249502 3.280089e-02 
 0.251498 3.256664e-02 
 0.253494 3.233125e-02 
 0.255490 3.209480e-02 
 0.257486 3.185734e-02 
 0.259482 3.161895e-02 
 0.261478 3.137968e-02 
 0.263474 3.113961e-02 
 0.265470 3.089878e-02 
 0.267466 3.065727e-02 
 0.269462 3.041512e-02 
 0.271458 3.017241e-02 
 0.273454 2.992917e-02 
 0.275450 2.968548e-02 
 0.277446 2.944137e-02 
 0.279442 2.919692e-02 
 0.281438 2.895216e-02 
 0.283434 2.870715e-02 
 0.285430 2.846195e-02 
 0.287426 2.821659e-02 
 0.289422 2.797113e-02 
 0.291418 2.772561e-02 
 0.293414 2.748008e-02 
 0.295410 2.723459e-02 
 0.297406 2.698918e-02 
 0.299402 2.674389e-02 
 0.301398 2.649877e-02 
 0.303394 2.625386e-02 
 0.305390 2.600919e-02 
 0.307386 2.576482e-02 
 0.309382 2.552077e-02 
 0.311378 2.527708e-02 
 0.313374 2.503380e-02 
 0.315370 2.479096e-02 
 0.317366 2.454859e-02 
 0.319362 2.430673e-02 
 0.321358 2.406542e-02 
 0.323354 2.382468e-02 
 0.325350 2.358455e-02 
 0.327346 2.334507e-02 
 0.329342 2.310626e-02 
 0.331338 2.286815e-02 
 0.333334 2.263077e-02 
 0.335330 2.239416e-02 
 0.337326 2.215834e-02 
 0.339322 2.192333e-02 
 0.341318 2.168917e-02 
 0.343314 2.145588e-02 
 0.345310 2.122349e-02 
 0.347306 2.099202e-02 
 0.349302 2.076149e-02 
 0.351298 2.053194e-02 
 0.353294 2.030337e-02 
 0.355290 2.007583e-02 
 0.357286 1.984931e-02 
 0.359282 1.962386e-02 
 0.361278 1.939949e-02 
 0.363274 1.917621e-02 
 0.365270 1.895405e-02 
 0.367266 1.873303e-02 
 0.369262 1.851316e-02 
 0.371258 1.829447e-02 
 0.373254 1.807697e-02 
 0.375250 1.786068e-02 
 0.377246 1.764561e-02 
 0.379242 1.743178e-02 
 0.381238 1.721920e-02 
 0.383234 1.700789e-02 
 0.385230 1.679787e-02 
 0.387226 1.658914e-02 
 0.389222 1.638172e-02 
 0.391218 1.617563e-02 
 0.393214 1.597087e-02 
 0.395210 1.576745e-02 
 0.397206 1.556540e-02 
 0.399202 1.536471e-02 
 0.401198 1.516541e-02 
 0.403194 1.496749e-02 
 0.405190 1.477098e-02 
 0.407186 1.457587e-02 
 0.409182 1.438218e-02 
 0.411178 1.418991e-02 
 0.413174 1.399908e-02 
 0.415170 1.380969e-02 
 0.417166 1.362175e-02 
 0.419162 1.343526e-02 
 0.421158 1.325024e-02 
 0.423154 1.306668e-02 
 0.425150 1.288459e-02 
 0.427146 1.270398e-02 
 0.429142 1.252486e-02 
 0.431138 1.234722e-02 
 0.433134 1.217108e-02 
 0.435130 1.199643e-02 
 0.437126 1.182328e-02 
 0.439122 1.165163e-02 
 0.441118 1.148149e-02 
 0.443114 1.131285e-02 
 0.445110 1.114573e-02 
 0.447106 1.098012e-02 
 0.449102 1.081602e-02 
 0.451098 1.065344e-02 
 0.453094 1.049237e-02 
 0.455090 1.033282e-02 
 0.457086 1.017479e-02 
 0.459082 1.001827e-02 
 0.461078 9.863270e-03 
 0.463074 9.709788e-03 
 0.465070 9.557822e-03 
 0.467066 9.407372e-03 
 0.469062 9.258435e-03 
 0.471058 9.111011e-03 
 0.473054 8.965098e-03 
 0.475050 8.820694e-03 
 0.477046 8.677797e-03 
 0.479042 8.536405e-03 
 0.481038 8.396514e-03 
 0.483034 8.258122e-03 
 0.485030 8.121226e-03 
 0.487026 7.985823e-03 
 0.489022 7.851908e-03 
 0.491018 7.719479e-03 
 0.493014 7.588531e-03 
 0.495010 7.459061e-03 
 0.497006 7.331063e-03 
 0.499002 7.204533e-03 
 0.500999 7.079467e-03 
 0.502995 6.955860e-03 
 0.504991 6.833706e-03 
 0.506987 6.713001e-03 
 0.508983 6.593738e-03 
 0.510979 6.475912e-03 
 0.512975 6.359518e-03 
 0.514971 6.244549e-03 
 0.516967 6.130999e-03 
 0.518963 6.018862e-03 
 0.520959 5.908132e-03 
 0.522955 5.798801e-03 
 0.524951 5.690863e-03 
 0.526947 5.584312e-03 
 0.528943 5.479139e-03 
 0.530939 5.375339e-03 
 0.532935 5.272903e-03 
 0.534931 5.171825e-03 
 0.536927 5.072097e-03 
 0.538923 4.973710e-03 
 0.540919 4.876658e-03 
 0.542915 4.780932e-03 
 0.544911 4.686524e-03 
 0.546907 4.593426e-03 
 0.548903 4.501631e-03 
 0.550899 4.411129e-03 
 0.552895 4.321911e-03 
 0.554891 4.233971e-03 
 0.556887 4.147298e-03 
 0.558883 4.061884e-03 
 0.560879 3.977721e-03 
 0.562875 3.894799e-03 
 0.564871 3.813109e-03 
 0.566867 3.732642e-03 
 0.568863 3.653390e-03 
 0.570859 3.575342e-03 
 0.572855 3.498490e-03 
 0.574851 3.422824e-03 
 0.576847 3.348334e-03 
 0.578843 3.275012e-03 
 0.580839 3.202847e-03 
 0.582835 3.131830e-03 
 0.584831 3.061951e-03 
 0.586827 2.993201e-03 
 0.588823 2.925569e-03 
 0.590819 2.859046e-03 
 0.592815 2.793622e-03 
 0.594811 2.729287e-03 
 0.596807 2.666031e-03 
 0.598803 2.603844e-03 
 0.600799 2.542715e-03 
 0.602795 2.482635e-03 
 0.604791 2.423594e-03 
 0.606787 2.365582e-03 
 0.608783 2.308587e-03 
 0.610779 2.252601e-03 
 0.612775 2.197612e-03 
 0.614771 2.143611e-03 
 0.616767 2.090587e-03 
 0.618763 2.038530e-03 
 0.620759 1.987430e-03 
 0.622755 1.937276e-03 
 0.624751 1.888058e-03 
 0.626747 1.839765e-03 
 0.628743 1.792388e-03 
 0.630739 1.745916e-03 
 0.632735 1.700338e-03 
 0.634731 1.655645e-03 
 0.636727 1.611825e-03 
 0.638723 1.568869e-03 
 0.640719 1.526766e-03 
 0.642715 1.485506e-03 
 0.644711 1.445079e-03 
 0.646707 1.405474e-03 
 0.648703 1.366680e-03 
 0.650699 1.328689e-03 
 0.652695 1.291488e-03 
 0.654691 1.255069e-03 
 0.656687 1.219421e-03 
 0.658683 1.184533e-03 
 0.660679 1.150396e-03 
 0.662675 1.116999e-03 
 0.664671 1.084333e-03 
 0.666667 1.052386e-03 
 0.668663 1.021150e-03 
 0.670659 9.906133e-04 
 0.672655 9.607669e-04 
 0.674651 9.316006e-04 
 0.676647 9.031044e-04 
 0.678643 8.752684e-04 
 0.680639 8.480827e-04 
 0.682635 8.215377e-04 
 0.684631 7.956234e-04 
 0.686627 7.703301e-04 
 0.688623 7.456483e-04 
 0.690619 7.215682e-04 
 0.692615 6.980804e-04 
 0.694611 6.751751e-04 
 0.696607 6.528430e-04 
 0.698603 6.310747e-04 
 0.700599 6.098607e-04 
 0.702595 5.891918e-04 
 0.704591 5.690586e-04 
 0.706587 5.494521e-04 
 0.708583 5.303629e-04 
 0.710579 5.117822e-04 
 0.712575 4.937007e-04 
 0.714571 4.761096e-04 
 0.716567 4.589999e-04 
 0.718563 4.423629e-04 
 0.720559 4.261897e-04 
 0.722555 4.104716e-04 
 0.724551 3.952001e-04 
 0.726547 3.803665e-04 
 0.728543 3.659623e-04 
 0.730539 3.519792e-04 
 0.732535 3.384088e-04 
 0.734531 3.252427e-04 
 0.736527 3.124728e-04 
 0.738523 3.000910e-04 
 0.740519 2.880892e-04 
 0.742515 2.764593e-04 
 0.744511 2.651936e-04 
 0.746507 2.542841e-04 
 0.748503 2.437232e-04 
 0.750499 2.335031e-04 
 0.752495 2.236163e-04 
 0.754491 2.140552e-04 
 0.756487 2.048124e-04 
 0.758483 1.958806e-04 
 0.760479 1.872525e-04 
 0.762475 1.789208e-04 
 0.764471 1.708786e-04 
 0.766467 1.631188e-04 
 0.768463 1.556344e-04 
 0.770459 1.484187e-04 
 0.772455 1.414648e-04 
 0.774451 1.347662e-04 
 0.776447 1.283161e-04 
 0.778443 1.221082e-04 
 0.780439 1.161360e-04 
 0.782435 1.103933e-04 
 0.784431 1.048737e-04 
 0.786427 9.957114e-05 
 0.788423 9.447961e-05 
 0.790419 8.959311e-05 
 0.792415 8.490580e-05 
 0.794411 8.041188e-05 
 0.796407 7.610567e-05 
 0.798403 7.198158e-05 
 0.800399 6.803410e-05 
 0.802395 6.425782e-05 
 0.804391 6.064742e-05 
 0.806387 5.719766e-05 
 0.808383 5.390342e-05 
 0.810379 5.075965e-05 
 0.812375 4.776139e-05 
 0.814371 4.490379e-05 
 0.816367 4.218206e-05 
 0.818363 3.959155e-05 
 0.820359 3.712766e-05 
 0.822355 3.478591e-05 
 0.824351 3.256190e-05 
 0.826347 3.045132e-05 
 0.828343 2.844995e-05 
 0.830339 2.655368e-05 
 0.832335 2.475848e-05 
 0.834332 2.306039e-05 
 0.836328 2.145558e-05 
 0.838324 1.994029e-05 
 0.840320 1.851085e-05 
 0.842316 1.716368e-05 
 0.844312 1.589530e-05 
 0.846308 1.470230e-05 
 0.848304 1.358138e-05 
 0.850300 1.252932e-05 
 0.852296 1.154298e-05 
 0.854292 1.061931e-05 
 0.856288 9.755360e-06 
 0.858284 8.948242e-06 
 0.860280 8.195171e-06 
 0.862276 7.493445e-06 
 0.864272 6.840446e-06 
 0.866268 6.233638e-06 
 0.868264 5.670567e-06 
 0.870260 5.148864e-06 
 0.872256 4.666240e-06 
 0.874252 4.220490e-06 
 0.876248 3.809486e-06 
 0.878244 3.431176e-06 
 0.880240 3.083588e-06 
 0.882236 2.764829e-06 
 0.884232 2.473083e-06 
 0.886228 2.206604e-06 
 0.888224 1.963719e-06 
 0.890220 1.742829e-06 
 0.892216 1.542408e-06 
 0.894212 1.361001e-06 
 0.896208 1.197218e-06 
 0.898204 1.049737e-06 
 0.900200 9.173015e-07 
 0.902196 7.987248e-07 
 0.904192 6.928836e-07 
 0.906188 5.987137e-07 
 0.908184 5.152098e-07 
 0.910180 4.414259e-07 
 0.912176 3.764769e-07 
 0.914172 3.195346e-07 
 0.916168 2.698214e-07 
 0.918164 2.266104e-07 
 0.920160 1.892264e-07 
 0.922156 1.570468e-07 
 0.924152 1.294976e-07 
 0.926148 1.060467e-07 
 0.928144 8.620345e-08 
 0.930140 6.951983e-08 
 0.932136 5.559123e-08 
 0.934132 4.405276e-08 
 0.936128 3.457147e-08 
 0.938124 2.684633e-08 
 0.940120 2.060898e-08 
 0.942116 1.562462e-08 
 0.944112 1.168843e-08 
 0.946108 8.617880e-09 
 0.948104 6.252504e-09 
 0.950100 4.454616e-09 
 0.952096 3.110091e-09 
 0.954092 2.125001e-09 
 0.956088 1.418360e-09 
 0.958084 9.217534e-10 
 0.960080 5.798129e-10 
 0.962076 3.507826e-10 
 0.964072 2.039882e-10 
 0.966068 1.142881e-10 
 0.968064 6.166193e-11 
 0.970060 3.143120e-11 
 0.972056 1.455214e-11 
 0.974052 6.247082e-12 
 0.976048 2.957955e-12 
 0.978044 2.047777e-12 
 0.980040 1.828319e-12 
 0.982036 1.627570e-12 
 0.984032 1.484565e-12 
 0.986028 1.462211e-12 
 0.988024 1.564557e-12 
 0.990020 1.722209e-12 
 0.992016 1.786779e-12 
 0.994012 1.594799e-12 
 0.996008 1.112980e-12 
 0.998004 4.796729e-13 