
 0.001997 2.331936e-04 
 0.003993 4.498635e-04 
 0.005989 6.548781e-04 
 0.007985 8.501348e-04 
 0.009981 1.036860e-03 
 0.011977 1.215902e-03 
 0.013973 1.387912e-03 
 0.015969 1.553406e-03 
 0.017965 1.712811e-03 
 0.019961 1.866487e-03 
 0.021957 2.014745e-03 
 0.023953 2.157855e-03 
 0.025949 2.296058e-03 
 0.027945 2.429567e-03 
 0.029941 2.558577e-03 
 0.031937 2.683264e-03 
 0.033933 2.803789e-03 
 0.035929 2.920301e-03 
 0.037925 3.032935e-03 
 0.039921 3.141821e-03 
 0.041917 3.247077e-03 
 0.043913 3.348815e-03 
 0.045909 3.447138e-03 
 0.047905 3.542147e-03 
 0.049901 3.633935e-03 
 0.051897 3.722589e-03 
 0.053893 3.808193e-03 
 0.055889 3.890829e-03 
 0.057885 3.970571e-03 
 0.059881 4.047493e-03 
 0.061877 4.121665e-03 
 0.063873 4.193153e-03 
 0.065869 4.262022e-03 
 0.067865 4.328333e-03 
 0.069861 4.392146e-03 
 0.071857 4.453517e-03 
 0.073853 4.512504e-03 
 0.075849 4.569158e-03 
 0.077845 4.623532e-03 
 0.079841 4.675675e-03 
 0.081837 4.725637e-03 
 0.083833 4.773464e-03 
 0.085829 4.819202e-03 
 0.087825 4.862896e-03 
 0.089821 4.904589e-03 
 0.091817 4.944323e-03 
 0.093813 4.982138e-03 
 0.095809 5.018075e-03 
 0.097805 5.052174e-03 
 0.099801 5.084471e-03 
 0.101797 5.115003e-03 
 0.103793 5.143809e-03 
 0.105789 5.170921e-03 
 0.107785 5.196377e-03 
 0.109781 5.220208e-03 
 0.111777 5.242449e-03 
 0.113773 5.263132e-03 
 0.115769 5.282289e-03 
 0.117765 5.299952e-03 
 0.119761 5.316150e-03 
 0.121757 5.330914e-03 
 0.123753 5.344273e-03 
 0.125749 5.356257e-03 
 0.127745 5.366893e-03 
 0.129741 5.376210e-03 
 0.131737 5.384235e-03 
 0.133733 5.390996e-03 
 0.135729 5.396518e-03 
 0.137725 5.400827e-03 
 0.139721 5.403950e-03 
 0.141717 5.405912e-03 
 0.143713 5.406737e-03 
 0.145709 5.406449e-03 
 0.147705 5.405074e-03 
 0.149701 5.402634e-03 
 0.151697 5.399152e-03 
 0.153693 5.394653e-03 
 0.155689 5.389158e-03 
 0.157685 5.382689e-03 
 0.159681 5.375270e-03 
 0.161677 5.366920e-03 
 0.163673 5.357662e-03 
 0.165669 5.347517e-03 
 0.167666 5.336505e-03 
 0.169662 5.324647e-03 
 0.171658 5.311963e-03 
 0.173654 5.298473e-03 
 0.175650 5.284196e-03 
 0.177646 5.269151e-03 
 0.179642 5.253359e-03 
 0.181638 5.236837e-03 
 0.183634 5.219604e-03 
 0.185630 5.201679e-03 
 0.187626 5.183079e-03 
 0.189622 5.163822e-03 
 0.191618 5.143926e-03 
 0.193614 5.123409e-03 
 0.195610 5.102286e-03 
 0.197606 5.080575e-03 
 0.199602 5.058293e-03 
 0.201598 5.035457e-03 
 0.203594 5.012081e-03 
 0.205590 4.988182e-03 
 0.207586 4.963777e-03 
 0.209582 4.938880e-03 
 0.211578 4.913507e-03 
 0.213574 4.887672e-03 
 0.215570 4.861392e-03 
 0.217566 4.834679e-03 
 0.219562 4.807550e-03 
 0.221558 4.780018e-03 
 0.223554 4.752098e-03 
 0.225550 4.723802e-03 
 0.227546 4.695146e-03 
 0.229542 4.666142e-03 
 0.231538 4.636804e-03 
 0.233534 4.607144e-03 
 0.235530 4.577177e-03 
 0.237526 4.546913e-03 
 0.239522 4.516367e-03 
 0.241518 4.485551e-03 
 0.243514 4.454476e-03 
 0.245510 4.423154e-03 
 0.247506 4.391598e-03 
 0.249502 4.359819e-03 
 0.251498 4.327828e-03 
 0.253494 4.295638e-03 
 0.255490 4.263258e-03 
 0.257486 4.230700e-03 
 0.259482 4.197974e-03 
 0.261478 4.165092e-03 
 0.263474 4.132063e-03 
 0.265470 4.098897e-03 
 0.267466 4.065606e-03 
 0.269462 4.032198e-03 
 0.271458 3.998684e-03 
 0.273454 3.965072e-03 
 0.275450 3.931373e-03 
 0.277446 3.897596e-03 
 0.279442 3.863749e-03 
 0.281438 3.829841e-03 
 0.283434 3.795882e-03 
 0.285430 3.761880e-03 
 0.287426 3.727843e-03 
 0.289422 3.693779e-03 
 0.291418 3.659697e-03 
 0.293414 3.625605e-03 
 0.295410 3.591509e-03 
 0.297406 3.557419e-03 
 0.299402 3.523341e-03 
 0.301398 3.489283e-03 
 0.303394 3.455251e-03 
 0.305390 3.421254e-03 
 0.307386 3.387297e-03 
 0.309382 3.353388e-03 
 0.311378 3.319533e-03 
 0.313374 3.285738e-03 
 0.315370 3.252011e-03 
 0.317366 3.218356e-03 
 0.319362 3.184780e-03 
 0.321358 3.151289e-03 
 0.323354 3.117888e-03 
 0.325350 3.084583e-03 
 0.327346 3.051380e-03 
 0.329342 3.018284e-03 
 0.331338 2.985299e-03 
 0.333334 2.952432e-03 
 0.335330 2.919687e-03 
 0.337326 2.887068e-03 
 0.339322 2.854581e-03 
 0.341318 2.822229e-03 
 0.343314 2.790018e-03 
 0.345310 2.757951e-03 
 0.347306 2.726033e-03 
 0.349302 2.694268e-03 
 0.351298 2.662659e-03 
 0.353294 2.631210e-03 
 0.355290 2.599926e-03 
 0.357286 2.568809e-03 
 0.359282 2.537862e-03 
 0.361278 2.507091e-03 
 0.363274 2.476496e-03 
 0.365270 2.446082e-03 
 0.367266 2.415851e-03 
 0.369262 2.385807e-03 
 0.371258 2.355952e-03 
 0.373254 2.326288e-03 
 0.375250 2.296819e-03 
 0.377246 2.267546e-03 
 0.379242 2.238473e-03 
 0.381238 2.209600e-03 
 0.383234 2.180931e-03 
 0.385230 2.152468e-03 
 0.387226 2.124212e-03 
 0.389222 2.096165e-03 
 0.391218 2.068328e-03 
 0.393214 2.040705e-03 
 0.395210 2.013295e-03 
 0.397206 1.986102e-03 
 0.399202 1.959125e-03 
 0.401198 1.932367e-03 
 0.403194 1.905828e-03 
 0.405190 1.879510e-03 
 0.407186 1.853413e-03 
 0.409182 1.827540e-03 
 0.411178 1.801890e-03 
 0.413174 1.776464e-03 
 0.415170 1.751264e-03 
 0.417166 1.726289e-03 
 0.419162 1.701541e-03 
 0.421158 1.677020e-03 
 0.423154 1.652726e-03 
 0.425150 1.628660e-03 
 0.427146 1.604823e-03 
 0.429142 1.581214e-03 
 0.431138 1.557833e-03 
 0.433134 1.534681e-03 
 0.435130 1.511758e-03 
 0.437126 1.489063e-03 
 0.439122 1.466598e-03 
 0.441118 1.444361e-03 
 0.443114 1.422352e-03 
 0.445110 1.400572e-03 
 0.447106 1.379020e-03 
 0.449102 1.357695e-03 
 0.451098 1.336597e-03 
 0.453094 1.315727e-03 
 0.455090 1.295082e-03 
 0.457086 1.274664e-03 
 0.459082 1.254471e-03 
 0.461078 1.234502e-03 
 0.463074 1.214757e-03 
 0.465070 1.195236e-03 
 0.467066 1.175937e-03 
 0.469062 1.156860e-03 
 0.471058 1.138004e-03 
 0.473054 1.119368e-03 
 0.475050 1.100951e-03 
 0.477046 1.082753e-03 
 0.479042 1.064771e-03 
 0.481038 1.047006e-03 
 0.483034 1.029456e-03 
 0.485030 1.012121e-03 
 0.487026 9.949984e-04 
 0.489022 9.780879e-04 
 0.491018 9.613882e-04 
 0.493014 9.448982e-04 
 0.495010 9.286167e-04 
 0.497006 9.125424e-04 
 0.499002 8.966741e-04 
 0.500999 8.810105e-04 
 0.502995 8.655504e-04 
 0.504991 8.502923e-04 
 0.506987 8.352350e-04 
 0.508983 8.203772e-04 
 0.510979 8.057174e-04 
 0.512975 7.912542e-04 
 0.514971 7.769863e-04 
 0.516967 7.629123e-04 
 0.518963 7.490306e-04 
 0.520959 7.353398e-04 
 0.522955 7.218385e-04 
 0.524951 7.085252e-04 
 0.526947 6.953983e-04 
 0.528943 6.824565e-04 
 0.530939 6.696981e-04 
 0.532935 6.571217e-04 
 0.534931 6.447256e-04 
 0.536927 6.325085e-04 
 0.538923 6.204686e-04 
 0.540919 6.086046e-04 
 0.542915 5.969147e-04 
 0.544911 5.853974e-04 
 0.546907 5.740512e-04 
 0.548903 5.628745e-04 
 0.550899 5.518656e-04 
 0.552895 5.410230e-04 
 0.554891 5.303451e-04 
 0.556887 5.198304e-04 
 0.558883 5.094771e-04 
 0.560879 4.992837e-04 
 0.562875 4.892486e-04 
 0.564871 4.793703e-04 
 0.566867 4.696470e-04 
 0.568863 4.600772e-04 
 0.570859 4.506594e-04 
 0.572855 4.413918e-04 
 0.574851 4.322729e-04 
 0.576847 4.233011e-04 
 0.578843 4.144749e-04 
 0.580839 4.057925e-04 
 0.582835 3.972525e-04 
 0.584831 3.888532e-04 
 0.586827 3.805931e-04 
 0.588823 3.724705e-04 
 0.590819 3.644840e-04 
 0.592815 3.566319e-04 
 0.594811 3.489127e-04 
 0.596807 3.413248e-04 
 0.598803 3.338667e-04 
 0.600799 3.265368e-04 
 0.602795 3.193336e-04 
 0.604791 3.122555e-04 
 0.606787 3.053011e-04 
 0.608783 2.984687e-04 
 0.610779 2.917570e-04 
 0.612775 2.851643e-04 
 0.614771 2.786893e-04 
 0.616767 2.723303e-04 
 0.618763 2.660859e-04 
 0.620759 2.599547e-04 
 0.622755 2.539352e-04 
 0.624751 2.480259e-04 
 0.626747 2.422254e-04 
 0.628743 2.365322e-04 
 0.630739 2.309450e-04 
 0.632735 2.254622e-04 
 0.634731 2.200825e-04 
 0.636727 2.148045e-04 
 0.638723 2.096267e-04 
 0.640719 2.045479e-04 
 0.642715 1.995666e-04 
 0.644711 1.946815e-04 
 0.646707 1.898912e-04 
 0.648703 1.851944e-04 
 0.650699 1.805897e-04 
 0.652695 1.760759e-04 
 0.654691 1.716516e-04 
 0.656687 1.673155e-04 
 0.658683 1.630664e-04 
 0.660679 1.589029e-04 
 0.662675 1.548237e-04 
 0.664671 1.508278e-04 
 0.666667 1.469137e-04 
 0.668663 1.430802e-04 
 0.670659 1.393262e-04 
 0.672655 1.356504e-04 
 0.674651 1.320516e-04 
 0.676647 1.285287e-04 
 0.678643 1.250803e-04 
 0.680639 1.217055e-04 
 0.682635 1.184030e-04 
 0.684631 1.151716e-04 
 0.686627 1.120103e-04 
 0.688623 1.089179e-04 
 0.690619 1.058933e-04 
 0.692615 1.029355e-04 
 0.694611 1.000432e-04 
 0.696607 9.721543e-05 
 0.698603 9.445115e-05 
 0.700599 9.174929e-05 
 0.702595 8.910878e-05 
 0.704591 8.652861e-05 
 0.706587 8.400774e-05 
 0.708583 8.154517e-05 
 0.710579 7.913989e-05 
 0.712575 7.679091e-05 
 0.714571 7.449726e-05 
 0.716567 7.225797e-05 
 0.718563 7.007208e-05 
 0.720559 6.793864e-05 
 0.722555 6.585673e-05 
 0.724551 6.382541e-05 
 0.726547 6.184377e-05 
 0.728543 5.991091e-05 
 0.730539 5.802594e-05 
 0.732535 5.618797e-05 
 0.734531 5.439614e-05 
 0.736527 5.264959e-05 
 0.738523 5.094746e-05 
 0.740519 4.928892e-05 
 0.742515 4.767314e-05 
 0.744511 4.609930e-05 
 0.746507 4.456659e-05 
 0.748503 4.307422e-05 
 0.750499 4.162140e-05 
 0.752495 4.020734e-05 
 0.754491 3.883129e-05 
 0.756487 3.749249e-05 
 0.758483 3.619019e-05 
 0.760479 3.492365e-05 
 0.762475 3.369214e-05 
 0.764471 3.249495e-05 
 0.766467 3.133138e-05 
 0.768463 3.020071e-05 
 0.770459 2.910227e-05 
 0.772455 2.803537e-05 
 0.774451 2.699935e-05 
 0.776447 2.599354e-05 
 0.778443 2.501730e-05 
 0.780439 2.406998e-05 
 0.782435 2.315095e-05 
 0.784431 2.225959e-05 
 0.786427 2.139528e-05 
 0.788423 2.055742e-05 
 0.790419 1.974541e-05 
 0.792415 1.895867e-05 
 0.794411 1.819661e-05 
 0.796407 1.745867e-05 
 0.798403 1.674429e-05 
 0.800399 1.605291e-05 
 0.802395 1.538399e-05 
 0.804391 1.473700e-05 
 0.806387 1.411140e-05 
 0.808383 1.350668e-05 
 0.810379 1.292233e-05 
 0.812375 1.235785e-05 
 0.814371 1.181273e-05 
 0.816367 1.128650e-05 
 0.818363 1.077868e-05 
 0.820359 1.028879e-05 
 0.822355 9.816379e-06 
 0.824351 9.360985e-06 
 0.826347 8.922162e-06 
 0.828343 8.499471e-06 
 0.830339 8.092480e-06 
 0.832335 7.700765e-06 
 0.834332 7.323908e-06 
 0.836328 6.961500e-06 
 0.838324 6.613138e-06 
 0.840320 6.278427e-06 
 0.842316 5.956978e-06 
 0.844312 5.648410e-06 
 0.846308 5.352350e-06 
 0.848304 5.068430e-06 
 0.850300 4.796290e-06 
 0.852296 4.535576e-06 
 0.854292 4.285942e-06 
 0.856288 4.047046e-06 
 0.858284 3.818557e-06 
 0.860280 3.600146e-06 
 0.862276 3.391493e-06 
 0.864272 3.192285e-06 
 0.866268 3.002212e-06 
 0.868264 2.820975e-06 
 0.870260 2.648277e-06 
 0.872256 2.483829e-06 
 0.874252 2.327348e-06 
 0.876248 2.178558e-06 
 0.878244 2.037187e-06 
 0.880240 1.902970e-06 
 0.882236 1.775647e-06 
 0.884232 1.654966e-06 
 0.886228 1.540678e-06 
 0.888224 1.432541e-06 
 0.890220 1.330320e-06 
 0.892216 1.233781e-06 
 0.894212 1.142701e-06 
 0.896208 1.056859e-06 
 0.898204 9.760407e-07 
 0.900200 9.000361e-07 
 0.902196 8.286415e-07 
 0.904192 7.616578e-07 
 0.906188 6.988914e-07 
 0.908184 6.401535e-07 
 0.910180 5.852603e-07 
 0.912176 5.340334e-07 
 0.914172 4.862989e-07 
 0.916168 4.418880e-07 
 0.918164 4.006366e-07 
 0.920160 3.623855e-07 
 0.922156 3.269801e-07 
 0.924152 2.942706e-07 
 0.926148 2.641116e-07 
 0.928144 2.363625e-07 
 0.930140 2.108870e-07 
 0.932136 1.875535e-07 
 0.934132 1.662347e-07 
 0.936128 1.468076e-07 
 0.938124 1.291536e-07 
 0.940120 1.131584e-07 
 0.942116 9.871176e-08 
 0.944112 8.570792e-08 
 0.946108 7.404501e-08 
 0.948104 6.362532e-08 
 0.950100 5.435514e-08 
 0.952096 4.614483e-08 
 0.954092 3.890871e-08 
 0.956088 3.256497e-08 
 0.958084 2.703564e-08 
 0.960080 2.224662e-08 
 0.962076 1.812758e-08 
 0.964072 1.461200e-08 
 0.966068 1.163698e-08 
 0.968064 9.143272e-09 
 0.970060 7.075277e-09 
 0.972056 5.380992e-09 
 0.974052 4.011984e-09 
 0.976048 2.923299e-09 
 0.978044 2.073446e-09 
 0.980040 1.424392e-09 
 0.982036 9.415478e-10 
 0.984032 5.936984e-10 
 0.986028 3.528963e-10 
 0.988024 1.944456e-10 
 0.990020 9.689734e-11 
 0.992016 4.204817e-11 
 0.994012 1.495470e-11 
 0.996008 3.948697e-12 
 0.998004 7.121158e-13 