
 0.001997 -6.503140e-05 
 0.003993 -1.313682e-04 
 0.005989 -1.982882e-04 
 0.007985 -2.655247e-04 
 0.009981 -3.329100e-04 
 0.011977 -4.003339e-04 
 0.013973 -4.677140e-04 
 0.015969 -5.349866e-04 
 0.017965 -6.021001e-04 
 0.019961 -6.690117e-04 
 0.021957 -7.356852e-04 
 0.023953 -8.020892e-04 
 0.025949 -8.681962e-04 
 0.027945 -9.339821e-04 
 0.029941 -9.994250e-04 
 0.031937 -1.064505e-03 
 0.033933 -1.129205e-03 
 0.035929 -1.193507e-03 
 0.037925 -1.257398e-03 
 0.039921 -1.320862e-03 
 0.041917 -1.383887e-03 
 0.043913 -1.446461e-03 
 0.045909 -1.508572e-03 
 0.047905 -1.570209e-03 
 0.049901 -1.631362e-03 
 0.051897 -1.692021e-03 
 0.053893 -1.752178e-03 
 0.055889 -1.811823e-03 
 0.057885 -1.870948e-03 
 0.059881 -1.929545e-03 
 0.061877 -1.987607e-03 
 0.063873 -2.045125e-03 
 0.065869 -2.102093e-03 
 0.067865 -2.158505e-03 
 0.069861 -2.214353e-03 
 0.071857 -2.269631e-03 
 0.073853 -2.324333e-03 
 0.075849 -2.378454e-03 
 0.077845 -2.431987e-03 
 0.079841 -2.484926e-03 
 0.081837 -2.537268e-03 
 0.083833 -2.589005e-03 
 0.085829 -2.640134e-03 
 0.087825 -2.690649e-03 
 0.089821 -2.740546e-03 
 0.091817 -2.789820e-03 
 0.093813 -2.838466e-03 
 0.095809 -2.886481e-03 
 0.097805 -2.933859e-03 
 0.099801 -2.980597e-03 
 0.101797 -3.026691e-03 
 0.103793 -3.072137e-03 
 0.105789 -3.116931e-03 
 0.107785 -3.161069e-03 
 0.109781 -3.204548e-03 
 0.111777 -3.247365e-03 
 0.113773 -3.289516e-03 
 0.115769 -3.330998e-03 
 0.117765 -3.371807e-03 
 0.119761 -3.411942e-03 
 0.121757 -3.451398e-03 
 0.123753 -3.490173e-03 
 0.125749 -3.528264e-03 
 0.127745 -3.565669e-03 
 0.129741 -3.602385e-03 
 0.131737 -3.638409e-03 
 0.133733 -3.673740e-03 
 0.135729 -3.708374e-03 
 0.137725 -3.742311e-03 
 0.139721 -3.775547e-03 
 0.141717 -3.808081e-03 
 0.143713 -3.839911e-03 
 0.145709 -3.871035e-03 
 0.147705 -3.901452e-03 
 0.149701 -3.931160e-03 
 0.151697 -3.960157e-03 
 0.153693 -3.988442e-03 
 0.155689 -4.016014e-03 
 0.157685 -4.042872e-03 
 0.159681 -4.069014e-03 
 0.161677 -4.094440e-03 
 0.163673 -4.119149e-03 
 0.165669 -4.143140e-03 
 0.167666 -4.166413e-03 
 0.169662 -4.188966e-03 
 0.171658 -4.210800e-03 
 0.173654 -4.231914e-03 
 0.175650 -4.252308e-03 
 0.177646 -4.271981e-03 
 0.179642 -4.290935e-03 
 0.181638 -4.309168e-03 
 0.183634 -4.326682e-03 
 0.185630 -4.343477e-03 
 0.187626 -4.359552e-03 
 0.189622 -4.374909e-03 
 0.191618 -4.389548e-03 
 0.193614 -4.403471e-03 
 0.195610 -4.416677e-03 
 0.197606 -4.429169e-03 
 0.199602 -4.440947e-03 
 0.201598 -4.452012e-03 
 0.203594 -4.462367e-03 
 0.205590 -4.472012e-03 
 0.207586 -4.480950e-03 
 0.209582 -4.489181e-03 
 0.211578 -4.496709e-03 
 0.213574 -4.503535e-03 
 0.215570 -4.509661e-03 
 0.217566 -4.515089e-03 
 0.219562 -4.519823e-03 
 0.221558 -4.523864e-03 
 0.223554 -4.527215e-03 
 0.225550 -4.529880e-03 
 0.227546 -4.531861e-03 
 0.229542 -4.533161e-03 
 0.231538 -4.533783e-03 
 0.233534 -4.533732e-03 
 0.235530 -4.533010e-03 
 0.237526 -4.531621e-03 
 0.239522 -4.529569e-03 
 0.241518 -4.526857e-03 
 0.243514 -4.523491e-03 
 0.245510 -4.519474e-03 
 0.247506 -4.514810e-03 
 0.249502 -4.509504e-03 
 0.251498 -4.503561e-03 
 0.253494 -4.496985e-03 
 0.255490 -4.489781e-03 
 0.257486 -4.481955e-03 
 0.259482 -4.473511e-03 
 0.261478 -4.464455e-03 
 0.263474 -4.454792e-03 
 0.265470 -4.444528e-03 
 0.267466 -4.433669e-03 
 0.269462 -4.422220e-03 
 0.271458 -4.410187e-03 
 0.273454 -4.397577e-03 
 0.275450 -4.384396e-03 
 0.277446 -4.370651e-03 
 0.279442 -4.356347e-03 
 0.281438 -4.341491e-03 
 0.283434 -4.326091e-03 
 0.285430 -4.310153e-03 
 0.287426 -4.293685e-03 
 0.289422 -4.276693e-03 
 0.291418 -4.259185e-03 
 0.293414 -4.241167e-03 
 0.295410 -4.222649e-03 
 0.297406 -4.203637e-03 
 0.299402 -4.184140e-03 
 0.301398 -4.164164e-03 
 0.303394 -4.143719e-03 
 0.305390 -4.122812e-03 
 0.307386 -4.101452e-03 
 0.309382 -4.079646e-03 
 0.311378 -4.057404e-03 
 0.313374 -4.034734e-03 
 0.315370 -4.011644e-03 
 0.317366 -3.988143e-03 
 0.319362 -3.964241e-03 
 0.321358 -3.939945e-03 
 0.323354 -3.915266e-03 
 0.325350 -3.890212e-03 
 0.327346 -3.864792e-03 
 0.329342 -3.839015e-03 
 0.331338 -3.812892e-03 
 0.333334 -3.786430e-03 
 0.335330 -3.759641e-03 
 0.337326 -3.732532e-03 
 0.339322 -3.705115e-03 
 0.341318 -3.677397e-03 
 0.343314 -3.649390e-03 
 0.345310 -3.621103e-03 
 0.347306 -3.592545e-03 
 0.349302 -3.563727e-03 
 0.351298 -3.534657e-03 
 0.353294 -3.505347e-03 
 0.355290 -3.475806e-03 
 0.357286 -3.446043e-03 
 0.359282 -3.416069e-03 
 0.361278 -3.385894e-03 
 0.363274 -3.355527e-03 
 0.365270 -3.324979e-03 
 0.367266 -3.294259e-03 
 0.369262 -3.263377e-03 
 0.371258 -3.232343e-03 
 0.373254 -3.201168e-03 
 0.375250 -3.169860e-03 
 0.377246 -3.138430e-03 
 0.379242 -3.106888e-03 
 0.381238 -3.075242e-03 
 0.383234 -3.043504e-03 
 0.385230 -3.011682e-03 
 0.387226 -2.979786e-03 
 0.389222 -2.947826e-03 
 0.391218 -2.915812e-03 
 0.393214 -2.883751e-03 
 0.395210 -2.851655e-03 
 0.397206 -2.819532e-03 
 0.399202 -2.787391e-03 
 0.401198 -2.755241e-03 
 0.403194 -2.723092e-03 
 0.405190 -2.690952e-03 
 0.407186 -2.658831e-03 
 0.409182 -2.626736e-03 
 0.411178 -2.594676e-03 
 0.413174 -2.562661e-03 
 0.415170 -2.530697e-03 
 0.417166 -2.498794e-03 
 0.419162 -2.466960e-03 
 0.421158 -2.435202e-03 
 0.423154 -2.403529e-03 
 0.425150 -2.371948e-03 
 0.427146 -2.340466e-03 
 0.429142 -2.309092e-03 
 0.431138 -2.277832e-03 
 0.433134 -2.246694e-03 
 0.435130 -2.215685e-03 
 0.437126 -2.184811e-03 
 0.439122 -2.154080e-03 
 0.441118 -2.123497e-03 
 0.443114 -2.093069e-03 
 0.445110 -2.062803e-03 
 0.447106 -2.032705e-03 
 0.449102 -2.002780e-03 
 0.451098 -1.973034e-03 
 0.453094 -1.943472e-03 
 0.455090 -1.914101e-03 
 0.457086 -1.884925e-03 
 0.459082 -1.855950e-03 
 0.461078 -1.827180e-03 
 0.463074 -1.798620e-03 
 0.465070 -1.770275e-03 
 0.467066 -1.742149e-03 
 0.469062 -1.714246e-03 
 0.471058 -1.686571e-03 
 0.473054 -1.659127e-03 
 0.475050 -1.631918e-03 
 0.477046 -1.604947e-03 
 0.479042 -1.578218e-03 
 0.481038 -1.551734e-03 
 0.483034 -1.525499e-03 
 0.485030 -1.499514e-03 
 0.487026 -1.473783e-03 
 0.489022 -1.448308e-03 
 0.491018 -1.423092e-03 
 0.493014 -1.398137e-03 
 0.495010 -1.373445e-03 
 0.497006 -1.349017e-03 
 0.499002 -1.324856e-03 
 0.500999 -1.300964e-03 
 0.502995 -1.277341e-03 
 0.504991 -1.253989e-03 
 0.506987 -1.230909e-03 
 0.508983 -1.208102e-03 
 0.510979 -1.185569e-03 
 0.512975 -1.163311e-03 
 0.514971 -1.141329e-03 
 0.516967 -1.119622e-03 
 0.518963 -1.098191e-03 
 0.520959 -1.077036e-03 
 0.522955 -1.056159e-03 
 0.524951 -1.035557e-03 
 0.526947 -1.015232e-03 
 0.528943 -9.951821e-04 
 0.530939 -9.754082e-04 
 0.532935 -9.559094e-04 
 0.534931 -9.366850e-04 
 0.536927 -9.177343e-04 
 0.538923 -8.990566e-04 
 0.540919 -8.806508e-04 
 0.542915 -8.625161e-04 
 0.544911 -8.446512e-04 
 0.546907 -8.270551e-04 
 0.548903 -8.097263e-04 
 0.550899 -7.926636e-04 
 0.552895 -7.758656e-04 
 0.554891 -7.593306e-04 
 0.556887 -7.430572e-04 
 0.558883 -7.270436e-04 
 0.560879 -7.112881e-04 
 0.562875 -6.957889e-04 
 0.564871 -6.805442e-04 
 0.566867 -6.655520e-04 
 0.568863 -6.508104e-04 
 0.570859 -6.363173e-04 
 0.572855 -6.220706e-04 
 0.574851 -6.080683e-04 
 0.576847 -5.943081e-04 
 0.578843 -5.807878e-04 
 0.580839 -5.675052e-04 
 0.582835 -5.544579e-04 
 0.584831 -5.416437e-04 
 0.586827 -5.290601e-04 
 0.588823 -5.167048e-04 
 0.590819 -5.045753e-04 
 0.592815 -4.926691e-04 
 0.594811 -4.809839e-04 
 0.596807 -4.695170e-04 
 0.598803 -4.582660e-04 
 0.600799 -4.472283e-04 
 0.602795 -4.364014e-04 
 0.604791 -4.257827e-04 
 0.606787 -4.153696e-04 
 0.608783 -4.051596e-04 
 0.610779 -3.951499e-04 
 0.612775 -3.853381e-04 
 0.614771 -3.757215e-04 
 0.616767 -3.662975e-04 
 0.618763 -3.570634e-04 
 0.620759 -3.480167e-04 
 0.622755 -3.391547e-04 
 0.624751 -3.304748e-04 
 0.626747 -3.219745e-04 
 0.628743 -3.136510e-04 
 0.630739 -3.055019e-04 
 0.632735 -2.975244e-04 
 0.634731 -2.897161e-04 
 0.636727 -2.820743e-04 
 0.638723 -2.745965e-04 
 0.640719 -2.672801e-04 
 0.642715 -2.601226e-04 
 0.644711 -2.531215e-04 
 0.646707 -2.462743e-04 
 0.648703 -2.395784e-04 
 0.650699 -2.330314e-04 
 0.652695 -2.266309e-04 
 0.654691 -2.203743e-04 
 0.656687 -2.142593e-04 
 0.658683 -2.082834e-04 
 0.660679 -2.024443e-04 
 0.662675 -1.967396e-04 
 0.664671 -1.911669e-04 
 0.666667 -1.857240e-04 
 0.668663 -1.804086e-04 
 0.670659 -1.752182e-04 
 0.672655 -1.701508e-04 
 0.674651 -1.652040e-04 
 0.676647 -1.603757e-04 
 0.678643 -1.556636e-04 
 0.680639 -1.510657e-04 
 0.682635 -1.465797e-04 
 0.684631 -1.422035e-04 
 0.686627 -1.379351e-04 
 0.688623 -1.337724e-04 
 0.690619 -1.297134e-04 
 0.692615 -1.257560e-04 
 0.694611 -1.218982e-04 
 0.696607 -1.181381e-04 
 0.698603 -1.144738e-04 
 0.700599 -1.109033e-04 
 0.702595 -1.074248e-04 
 0.704591 -1.040363e-04 
 0.706587 -1.007361e-04 
 0.708583 -9.752229e-05 
 0.710579 -9.439316e-05 
 0.712575 -9.134692e-05 
 0.714571 -8.838185e-05 
 0.716567 -8.549622e-05 
 0.718563 -8.268835e-05 
 0.720559 -7.995659e-05 
 0.722555 -7.729931e-05 
 0.724551 -7.471489e-05 
 0.726547 -7.220175e-05 
 0.728543 -6.975834e-05 
 0.730539 -6.738312e-05 
 0.732535 -6.507458e-05 
 0.734531 -6.283123e-05 
 0.736527 -6.065162e-05 
 0.738523 -5.853431e-05 
 0.740519 -5.647788e-05 
 0.742515 -5.448094e-05 
 0.744511 -5.254213e-05 
 0.746507 -5.066011e-05 
 0.748503 -4.883355e-05 
 0.750499 -4.706116e-05 
 0.752495 -4.534167e-05 
 0.754491 -4.367381e-05 
 0.756487 -4.205636e-05 
 0.758483 -4.048812e-05 
 0.760479 -3.896789e-05 
 0.762475 -3.749451e-05 
 0.764471 -3.606684e-05 
 0.766467 -3.468375e-05 
 0.768463 -3.334414e-05 
 0.770459 -3.204692e-05 
 0.772455 -3.079105e-05 
 0.774451 -2.957547e-05 
 0.776447 -2.839917e-05 
 0.778443 -2.726114e-05 
 0.780439 -2.616039e-05 
 0.782435 -2.509597e-05 
 0.784431 -2.406693e-05 
 0.786427 -2.307235e-05 
 0.788423 -2.211131e-05 
 0.790419 -2.118292e-05 
 0.792415 -2.028632e-05 
 0.794411 -1.942064e-05 
 0.796407 -1.858505e-05 
 0.798403 -1.777873e-05 
 0.800399 -1.700088e-05 
 0.802395 -1.625070e-05 
 0.804391 -1.552743e-05 
 0.806387 -1.483031e-05 
 0.808383 -1.415861e-05 
 0.810379 -1.351160e-05 
 0.812375 -1.288857e-05 
 0.814371 -1.228883e-05 
 0.816367 -1.171170e-05 
 0.818363 -1.115652e-05 
 0.820359 -1.062265e-05 
 0.822355 -1.010943e-05 
 0.824351 -9.616270e-06 
 0.826347 -9.142545e-06 
 0.828343 -8.687667e-06 
 0.830339 -8.251056e-06 
 0.832335 -7.832145e-06 
 0.834332 -7.430382e-06 
 0.836328 -7.045226e-06 
 0.838324 -6.676147e-06 
 0.840320 -6.322631e-06 
 0.842316 -5.984174e-06 
 0.844312 -5.660283e-06 
 0.846308 -5.350478e-06 
 0.848304 -5.054291e-06 
 0.850300 -4.771264e-06 
 0.852296 -4.500950e-06 
 0.854292 -4.242915e-06 
 0.856288 -3.996733e-06 
 0.858284 -3.761991e-06 
 0.860280 -3.538283e-06 
 0.862276 -3.325218e-06 
 0.864272 -3.122411e-06 
 0.866268 -2.929488e-06 
 0.868264 -2.746086e-06 
 0.870260 -2.571849e-06 
 0.872256 -2.406432e-06 
 0.874252 -2.249499e-06 
 0.876248 -2.100722e-06 
 0.878244 -1.959784e-06 
 0.880240 -1.826374e-06 
 0.882236 -1.700191e-06 
 0.884232 -1.580942e-06 
 0.886228 -1.468343e-06 
 0.888224 -1.362116e-06 
 0.890220 -1.261993e-06 
 0.892216 -1.167712e-06 
 0.894212 -1.079020e-06 
 0.896208 -9.956721e-07 
 0.898204 -9.174281e-07 
 0.900200 -8.440568e-07 
 0.902196 -7.753338e-07 
 0.904192 -7.110417e-07 
 0.906188 -6.509696e-07 
 0.908184 -5.949134e-07 
 0.910180 -5.426753e-07 
 0.912176 -4.940642e-07 
 0.914172 -4.488954e-07 
 0.916168 -4.069900e-07 
 0.918164 -3.681752e-07 
 0.920160 -3.322843e-07 
 0.922156 -2.991563e-07 
 0.924152 -2.686360e-07 
 0.926148 -2.405738e-07 
 0.928144 -2.148255e-07 
 0.930140 -1.912520e-07 
 0.932136 -1.697200e-07 
 0.934132 -1.501011e-07 
 0.936128 -1.322721e-07 
 0.938124 -1.161145e-07 
 0.940120 -1.015149e-07 
 0.942116 -8.836445e-08 
 0.944112 -7.655937e-08 
 0.946108 -6.600018e-08 
 0.948104 -5.659186e-08 
 0.950100 -4.824387e-08 
 0.952096 -4.087002e-08 
 0.954092 -3.438844e-08 
 0.956088 -2.872129e-08 
 0.958084 -2.379474e-08 
 0.960080 -1.953900e-08 
 0.962076 -1.588826e-08 
 0.964072 -1.278055e-08 
 0.966068 -1.015759e-08 
 0.968064 -7.964710e-09 
 0.970060 -6.150870e-09 
 0.972056 -4.668631e-09 
 0.974052 -3.474051e-09 
 0.976048 -2.526520e-09 
 0.978044 -1.788734e-09 
 0.980040 -1.226693e-09 
 0.982036 -8.096820e-10 
 0.984032 -5.101363e-10 
 0.986028 -3.034304e-10 
 0.988024 -1.678508e-10 
 0.990020 -8.459059e-11 
 0.992016 -3.775055e-11 
 0.994012 -1.436619e-11 
 0.996008 -4.446140e-12 
 0.998004 -1.047556e-12 