
 0.001997 2.659387e-04 
 0.003993 7.092659e-04 
 0.005989 1.277010e-03 
 0.007985 1.947805e-03 
 0.009981 2.707765e-03 
 0.011977 3.547211e-03 
 0.013973 4.458662e-03 
 0.015969 5.436116e-03 
 0.017965 6.474576e-03 
 0.019961 7.569774e-03 
 0.021957 8.717993e-03 
 0.023953 9.915944e-03 
 0.025949 1.116068e-02 
 0.027945 1.244954e-02 
 0.029941 1.378008e-02 
 0.031937 1.515007e-02 
 0.033933 1.655741e-02 
 0.035929 1.800016e-02 
 0.037925 1.947651e-02 
 0.039921 2.098474e-02 
 0.041917 2.252323e-02 
 0.043913 2.409043e-02 
 0.045909 2.568488e-02 
 0.047905 2.730518e-02 
 0.049901 2.895000e-02 
 0.051897 3.061802e-02 
 0.053893 3.230803e-02 
 0.055889 3.401882e-02 
 0.057885 3.574923e-02 
 0.059881 3.749816e-02 
 0.061877 3.926451e-02 
 0.063873 4.104724e-02 
 0.065869 4.284531e-02 
 0.067865 4.465775e-02 
 0.069861 4.648357e-02 
 0.071857 4.832184e-02 
 0.073853 5.017163e-02 
 0.075849 5.203204e-02 
 0.077845 5.390220e-02 
 0.079841 5.578124e-02 
 0.081837 5.766831e-02 
 0.083833 5.956260e-02 
 0.085829 6.146329e-02 
 0.087825 6.336959e-02 
 0.089821 6.528073e-02 
 0.091817 6.719593e-02 
 0.093813 6.911444e-02 
 0.095809 7.103554e-02 
 0.097805 7.295849e-02 
 0.099801 7.488259e-02 
 0.101797 7.680714e-02 
 0.103793 7.873144e-02 
 0.105789 8.065482e-02 
 0.107785 8.257661e-02 
 0.109781 8.449617e-02 
 0.111777 8.641284e-02 
 0.113773 8.832599e-02 
 0.115769 9.023500e-02 
 0.117765 9.213926e-02 
 0.119761 9.403815e-02 
 0.121757 9.593109e-02 
 0.123753 9.781749e-02 
 0.125749 9.969677e-02 
 0.127745 1.015684e-01 
 0.129741 1.034317e-01 
 0.131737 1.052863e-01 
 0.133733 1.071315e-01 
 0.135729 1.089669e-01 
 0.137725 1.107918e-01 
 0.139721 1.126059e-01 
 0.141717 1.144085e-01 
 0.143713 1.161992e-01 
 0.145709 1.179776e-01 
 0.147705 1.197430e-01 
 0.149701 1.214951e-01 
 0.151697 1.232334e-01 
 0.153693 1.249573e-01 
 0.155689 1.266666e-01 
 0.157685 1.283606e-01 
 0.159681 1.300391e-01 
 0.161677 1.317015e-01 
 0.163673 1.333475e-01 
 0.165669 1.349766e-01 
 0.167666 1.365884e-01 
 0.169662 1.381826e-01 
 0.171658 1.397587e-01 
 0.173654 1.413164e-01 
 0.175650 1.428553e-01 
 0.177646 1.443750e-01 
 0.179642 1.458753e-01 
 0.181638 1.473556e-01 
 0.183634 1.488158e-01 
 0.185630 1.502554e-01 
 0.187626 1.516742e-01 
 0.189622 1.530718e-01 
 0.191618 1.544480e-01 
 0.193614 1.558023e-01 
 0.195610 1.571346e-01 
 0.197606 1.584446e-01 
 0.199602 1.597319e-01 
 0.201598 1.609963e-01 
 0.203594 1.622375e-01 
 0.205590 1.634553e-01 
 0.207586 1.646495e-01 
 0.209582 1.658198e-01 
 0.211578 1.669659e-01 
 0.213574 1.680878e-01 
 0.215570 1.691850e-01 
 0.217566 1.702575e-01 
 0.219562 1.713050e-01 
 0.221558 1.723274e-01 
 0.223554 1.733245e-01 
 0.225550 1.742960e-01 
 0.227546 1.752419e-01 
 0.229542 1.761619e-01 
 0.231538 1.770560e-01 
 0.233534 1.779239e-01 
 0.235530 1.787656e-01 
 0.237526 1.795810e-01 
 0.239522 1.803698e-01 
 0.241518 1.811320e-01 
 0.243514 1.818675e-01 
 0.245510 1.825761e-01 
 0.247506 1.832579e-01 
 0.249502 1.839127e-01 
 0.251498 1.845405e-01 
 0.253494 1.851412e-01 
 0.255490 1.857147e-01 
 0.257486 1.862610e-01 
 0.259482 1.867800e-01 
 0.261478 1.872717e-01 
 0.263474 1.877362e-01 
 0.265470 1.881733e-01 
 0.267466 1.885831e-01 
 0.269462 1.889655e-01 
 0.271458 1.893206e-01 
 0.273454 1.896484e-01 
 0.275450 1.899489e-01 
 0.277446 1.902221e-01 
 0.279442 1.904680e-01 
 0.281438 1.906868e-01 
 0.283434 1.908784e-01 
 0.285430 1.910430e-01 
 0.287426 1.911805e-01 
 0.289422 1.912911e-01 
 0.291418 1.913747e-01 
 0.293414 1.914317e-01 
 0.295410 1.914619e-01 
 0.297406 1.914655e-01 
 0.299402 1.914426e-01 
 0.301398 1.913934e-01 
 0.303394 1.913179e-01 
 0.305390 1.912162e-01 
 0.307386 1.910886e-01 
 0.309382 1.909351e-01 
 0.311378 1.907559e-01 
 0.313374 1.905512e-01 
 0.315370 1.903211e-01 
 0.317366 1.900657e-01 
 0.319362 1.897853e-01 
 0.321358 1.894800e-01 
 0.323354 1.891500e-01 
 0.325350 1.887955e-01 
 0.327346 1.884168e-01 
 0.329342 1.880139e-01 
 0.331338 1.875871e-01 
 0.333334 1.871367e-01 
 0.335330 1.866628e-01 
 0.337326 1.861657e-01 
 0.339322 1.856456e-01 
 0.341318 1.851027e-01 
 0.343314 1.845373e-01 
 0.345310 1.839496e-01 
 0.347306 1.833400e-01 
 0.349302 1.827085e-01 
 0.351298 1.820556e-01 
 0.353294 1.813814e-01 
 0.355290 1.806863e-01 
 0.357286 1.799705e-01 
 0.359282 1.792343e-01 
 0.361278 1.784779e-01 
 0.363274 1.777018e-01 
 0.365270 1.769061e-01 
 0.367266 1.760912e-01 
 0.369262 1.752573e-01 
 0.371258 1.744048e-01 
 0.373254 1.735340e-01 
 0.375250 1.726451e-01 
 0.377246 1.717386e-01 
 0.379242 1.708147e-01 
 0.381238 1.698737e-01 
 0.383234 1.689160e-01 
 0.385230 1.679420e-01 
 0.387226 1.669518e-01 
 0.389222 1.659459e-01 
 0.391218 1.649246e-01 
 0.393214 1.638883e-01 
 0.395210 1.628372e-01 
 0.397206 1.617718e-01 
 0.399202 1.606923e-01 
 0.401198 1.595992e-01 
 0.403194 1.584927e-01 
 0.405190 1.573733e-01 
 0.407186 1.562412e-01 
 0.409182 1.550969e-01 
 0.411178 1.539406e-01 
 0.413174 1.527728e-01 
 0.415170 1.515938e-01 
 0.417166 1.504040e-01 
 0.419162 1.492036e-01 
 0.421158 1.479932e-01 
 0.423154 1.467730e-01 
 0.425150 1.455434e-01 
 0.427146 1.443048e-01 
 0.429142 1.430575e-01 
 0.431138 1.418019e-01 
 0.433134 1.405383e-01 
 0.435130 1.392672e-01 
 0.437126 1.379888e-01 
 0.439122 1.367036e-01 
 0.441118 1.354119e-01 
 0.443114 1.341141e-01 
 0.445110 1.328104e-01 
 0.447106 1.315014e-01 
 0.449102 1.301873e-01 
 0.451098 1.288685e-01 
 0.453094 1.275453e-01 
 0.455090 1.262182e-01 
 0.457086 1.248874e-01 
 0.459082 1.235533e-01 
 0.461078 1.222162e-01 
 0.463074 1.208766e-01 
 0.465070 1.195347e-01 
 0.467066 1.181909e-01 
 0.469062 1.168455e-01 
 0.471058 1.154989e-01 
 0.473054 1.141514e-01 
 0.475050 1.128033e-01 
 0.477046 1.114550e-01 
 0.479042 1.101068e-01 
 0.481038 1.087590e-01 
 0.483034 1.074120e-01 
 0.485030 1.060660e-01 
 0.487026 1.047214e-01 
 0.489022 1.033784e-01 
 0.491018 1.020375e-01 
 0.493014 1.006988e-01 
 0.495010 9.936280e-02 
 0.497006 9.802967e-02 
 0.499002 9.669972e-02 
 0.500999 9.537326e-02 
 0.502995 9.405057e-02 
 0.504991 9.273193e-02 
 0.506987 9.141763e-02 
 0.508983 9.010793e-02 
 0.510979 8.880310e-02 
 0.512975 8.750342e-02 
 0.514971 8.620914e-02 
 0.516967 8.492052e-02 
 0.518963 8.363781e-02 
 0.520959 8.236126e-02 
 0.522955 8.109111e-02 
 0.524951 7.982761e-02 
 0.526947 7.857098e-02 
 0.528943 7.732146e-02 
 0.530939 7.607926e-02 
 0.532935 7.484461e-02 
 0.534931 7.361772e-02 
 0.536927 7.239880e-02 
 0.538923 7.118806e-02 
 0.540919 6.998569e-02 
 0.542915 6.879188e-02 
 0.544911 6.760683e-02 
 0.546907 6.643072e-02 
 0.548903 6.526373e-02 
 0.550899 6.410603e-02 
 0.552895 6.295779e-02 
 0.554891 6.181917e-02 
 0.556887 6.069032e-02 
 0.558883 5.957141e-02 
 0.560879 5.846257e-02 
 0.562875 5.736395e-02 
 0.564871 5.627568e-02 
 0.566867 5.519790e-02 
 0.568863 5.413072e-02 
 0.570859 5.307427e-02 
 0.572855 5.202867e-02 
 0.574851 5.099401e-02 
 0.576847 4.997041e-02 
 0.578843 4.895797e-02 
 0.580839 4.795677e-02 
 0.582835 4.696690e-02 
 0.584831 4.598846e-02 
 0.586827 4.502150e-02 
 0.588823 4.406611e-02 
 0.590819 4.312235e-02 
 0.592815 4.219028e-02 
 0.594811 4.126997e-02 
 0.596807 4.036145e-02 
 0.598803 3.946478e-02 
 0.600799 3.858000e-02 
 0.602795 3.770714e-02 
 0.604791 3.684624e-02 
 0.606787 3.599732e-02 
 0.608783 3.516039e-02 
 0.610779 3.433549e-02 
 0.612775 3.352262e-02 
 0.614771 3.272178e-02 
 0.616767 3.193298e-02 
 0.618763 3.115621e-02 
 0.620759 3.039148e-02 
 0.622755 2.963876e-02 
 0.624751 2.889804e-02 
 0.626747 2.816930e-02 
 0.628743 2.745252e-02 
 0.630739 2.674767e-02 
 0.632735 2.605471e-02 
 0.634731 2.537360e-02 
 0.636727 2.470431e-02 
 0.638723 2.404680e-02 
 0.640719 2.340100e-02 
 0.642715 2.276687e-02 
 0.644711 2.214435e-02 
 0.646707 2.153339e-02 
 0.648703 2.093391e-02 
 0.650699 2.034585e-02 
 0.652695 1.976914e-02 
 0.654691 1.920370e-02 
 0.656687 1.864947e-02 
 0.658683 1.810635e-02 
 0.660679 1.757426e-02 
 0.662675 1.705312e-02 
 0.664671 1.654284e-02 
 0.666667 1.604333e-02 
 0.668663 1.555449e-02 
 0.670659 1.507622e-02 
 0.672655 1.460842e-02 
 0.674651 1.415100e-02 
 0.676647 1.370384e-02 
 0.678643 1.326684e-02 
 0.680639 1.283989e-02 
 0.682635 1.242287e-02 
 0.684631 1.201569e-02 
 0.686627 1.161821e-02 
 0.688623 1.123033e-02 
 0.690619 1.085192e-02 
 0.692615 1.048286e-02 
 0.694611 1.012303e-02 
 0.696607 9.772319e-03 
 0.698603 9.430587e-03 
 0.700599 9.097714e-03 
 0.702595 8.773571e-03 
 0.704591 8.458032e-03 
 0.706587 8.150966e-03 
 0.708583 7.852245e-03 
 0.710579 7.561737e-03 
 0.712575 7.279310e-03 
 0.714571 7.004832e-03 
 0.716567 6.738172e-03 
 0.718563 6.479194e-03 
 0.720559 6.227767e-03 
 0.722555 5.983756e-03 
 0.724551 5.747027e-03 
 0.726547 5.517446e-03 
 0.728543 5.294878e-03 
 0.730539 5.079190e-03 
 0.732535 4.870247e-03 
 0.734531 4.667914e-03 
 0.736527 4.472060e-03 
 0.738523 4.282549e-03 
 0.740519 4.099250e-03 
 0.742515 3.922029e-03 
 0.744511 3.750755e-03 
 0.746507 3.585296e-03 
 0.748503 3.425522e-03 
 0.750499 3.271302e-03 
 0.752495 3.122508e-03 
 0.754491 2.979010e-03 
 0.756487 2.840682e-03 
 0.758483 2.707398e-03 
 0.760479 2.579030e-03 
 0.762475 2.455457e-03 
 0.764471 2.336553e-03 
 0.766467 2.222198e-03 
 0.768463 2.112270e-03 
 0.770459 2.006650e-03 
 0.772455 1.905220e-03 
 0.774451 1.807863e-03 
 0.776447 1.714464e-03 
 0.778443 1.624909e-03 
 0.780439 1.539086e-03 
 0.782435 1.456884e-03 
 0.784431 1.378193e-03 
 0.786427 1.302906e-03 
 0.788423 1.230917e-03 
 0.790419 1.162122e-03 
 0.792415 1.096417e-03 
 0.794411 1.033702e-03 
 0.796407 9.738777e-04 
 0.798403 9.168463e-04 
 0.800399 8.625123e-04 
 0.802395 8.107819e-04 
 0.804391 7.615631e-04 
 0.806387 7.147658e-04 
 0.808383 6.703017e-04 
 0.810379 6.280843e-04 
 0.812375 5.880290e-04 
 0.814371 5.500532e-04 
 0.816367 5.140758e-04 
 0.818363 4.800181e-04 
 0.820359 4.478029e-04 
 0.822355 4.173550e-04 
 0.824351 3.886012e-04 
 0.826347 3.614702e-04 
 0.828343 3.358923e-04 
 0.830339 3.118000e-04 
 0.832335 2.891275e-04 
 0.834332 2.678108e-04 
 0.836328 2.477879e-04 
 0.838324 2.289985e-04 
 0.840320 2.113842e-04 
 0.842316 1.948885e-04 
 0.844312 1.794565e-04 
 0.846308 1.650353e-04 
 0.848304 1.515735e-04 
 0.850300 1.390217e-04 
 0.852296 1.273319e-04 
 0.854292 1.164583e-04 
 0.856288 1.063563e-04 
 0.858284 9.698309e-05 
 0.860280 8.829757e-05 
 0.862276 8.026019e-05 
 0.864272 7.283303e-05 
 0.866268 6.597964e-05 
 0.868264 5.966506e-05 
 0.870260 5.385586e-05 
 0.872256 4.852007e-05 
 0.874252 4.362722e-05 
 0.876248 3.914815e-05 
 0.878244 3.505503e-05 
 0.880240 3.132138e-05 
 0.882236 2.792210e-05 
 0.884232 2.483338e-05 
 0.886228 2.203255e-05 
 0.888224 1.949810e-05 
 0.890220 1.720971e-05 
 0.892216 1.514823e-05 
 0.894212 1.329564e-05 
 0.896208 1.163489e-05 
 0.898204 1.014994e-05 
 0.900200 8.825710e-06 
 0.902196 7.648177e-06 
 0.904192 6.604240e-06 
 0.906188 5.681607e-06 
 0.908184 4.868792e-06 
 0.910180 4.155125e-06 
 0.912176 3.530774e-06 
 0.914172 2.986671e-06 
 0.916168 2.514383e-06 
 0.918164 2.106109e-06 
 0.920160 1.754698e-06 
 0.922156 1.453657e-06 
 0.924152 1.197093e-06 
 0.926148 9.795883e-07 
 0.928144 7.961957e-07 
 0.930140 6.424536e-07 
 0.932136 5.143960e-07 
 0.934132 4.084996e-07 
 0.936128 3.215724e-07 
 0.938124 2.507507e-07 
 0.940120 1.935085e-07 
 0.942116 1.476675e-07 
 0.944112 1.113528e-07 
 0.946108 8.289955e-08 
 0.948104 6.084939e-08 
 0.950100 4.395672e-08 
 0.952096 3.119659e-08 
 0.954092 2.173107e-08 
 0.956088 1.483711e-08 
 0.958084 9.902445e-09 
 0.960080 6.429706e-09 
 0.962076 4.041416e-09 
 0.964072 2.457627e-09 
 0.966068 1.446958e-09 
 0.968064 8.229052e-10 
 0.970060 4.456923e-10 
 0.972056 2.247577e-10 
 0.974052 1.073595e-10 
 0.976048 5.317431e-11 
 0.978044 3.187907e-11 
 0.980040 2.352006e-11 
 0.982036 1.921254e-11 
 0.984032 1.789936e-11 
 0.986028 1.902954e-11 
 0.988024 2.168333e-11 
 0.990020 2.442446e-11 
 0.992016 2.525167e-11 
 0.994012 2.229524e-11 
 0.996008 1.538655e-11 
 0.998004 6.562781e-12 