
 0.001997 -1.820422e-03 
 0.003993 -3.554563e-03 
 0.005989 -5.224684e-03 
 0.007985 -6.839665e-03 
 0.009981 -8.405292e-03 
 0.011977 -9.925627e-03 
 0.013973 -1.140381e-02 
 0.015969 -1.284235e-02 
 0.017965 -1.424332e-02 
 0.019961 -1.560850e-02 
 0.021957 -1.693941e-02 
 0.023953 -1.823738e-02 
 0.025949 -1.950361e-02 
 0.027945 -2.073915e-02 
 0.029941 -2.194498e-02 
 0.031937 -2.312197e-02 
 0.033933 -2.427092e-02 
 0.035929 -2.539258e-02 
 0.037925 -2.648763e-02 
 0.039921 -2.755672e-02 
 0.041917 -2.860045e-02 
 0.043913 -2.961937e-02 
 0.045909 -3.061402e-02 
 0.047905 -3.158490e-02 
 0.049901 -3.253247e-02 
 0.051897 -3.345720e-02 
 0.053893 -3.435950e-02 
 0.055889 -3.523980e-02 
 0.057885 -3.609847e-02 
 0.059881 -3.693590e-02 
 0.061877 -3.775243e-02 
 0.063873 -3.854842e-02 
 0.065869 -3.932420e-02 
 0.067865 -4.008008e-02 
 0.069861 -4.081638e-02 
 0.071857 -4.153340e-02 
 0.073853 -4.223143e-02 
 0.075849 -4.291074e-02 
 0.077845 -4.357162e-02 
 0.079841 -4.421432e-02 
 0.081837 -4.483912e-02 
 0.083833 -4.544626e-02 
 0.085829 -4.603598e-02 
 0.087825 -4.660853e-02 
 0.089821 -4.716415e-02 
 0.091817 -4.770306e-02 
 0.093813 -4.822548e-02 
 0.095809 -4.873163e-02 
 0.097805 -4.922174e-02 
 0.099801 -4.969601e-02 
 0.101797 -5.015464e-02 
 0.103793 -5.059785e-02 
 0.105789 -5.102584e-02 
 0.107785 -5.143880e-02 
 0.109781 -5.183693e-02 
 0.111777 -5.222041e-02 
 0.113773 -5.258945e-02 
 0.115769 -5.294422e-02 
 0.117765 -5.328491e-02 
 0.119761 -5.361169e-02 
 0.121757 -5.392476e-02 
 0.123753 -5.422428e-02 
 0.125749 -5.451043e-02 
 0.127745 -5.478339e-02 
 0.129741 -5.504331e-02 
 0.131737 -5.529038e-02 
 0.133733 -5.552475e-02 
 0.135729 -5.574660e-02 
 0.137725 -5.595609e-02 
 0.139721 -5.615337e-02 
 0.141717 -5.633861e-02 
 0.143713 -5.651197e-02 
 0.145709 -5.667360e-02 
 0.147705 -5.682367e-02 
 0.149701 -5.696233e-02 
 0.151697 -5.708973e-02 
 0.153693 -5.720602e-02 
 0.155689 -5.731136e-02 
 0.157685 -5.740590e-02 
 0.159681 -5.748978e-02 
 0.161677 -5.756316e-02 
 0.163673 -5.762618e-02 
 0.165669 -5.767899e-02 
 0.167666 -5.772174e-02 
 0.169662 -5.775457e-02 
 0.171658 -5.777762e-02 
 0.173654 -5.779104e-02 
 0.175650 -5.779497e-02 
 0.177646 -5.778955e-02 
 0.179642 -5.777492e-02 
 0.181638 -5.775122e-02 
 0.183634 -5.771859e-02 
 0.185630 -5.767717e-02 
 0.187626 -5.762709e-02 
 0.189622 -5.756849e-02 
 0.191618 -5.750152e-02 
 0.193614 -5.742629e-02 
 0.195610 -5.734295e-02 
 0.197606 -5.725163e-02 
 0.199602 -5.715247e-02 
 0.201598 -5.704559e-02 
 0.203594 -5.693113e-02 
 0.205590 -5.680922e-02 
 0.207586 -5.667999e-02 
 0.209582 -5.654356e-02 
 0.211578 -5.640008e-02 
 0.213574 -5.624965e-02 
 0.215570 -5.609242e-02 
 0.217566 -5.592851e-02 
 0.219562 -5.575805e-02 
 0.221558 -5.558116e-02 
 0.223554 -5.539796e-02 
 0.225550 -5.520858e-02 
 0.227546 -5.501315e-02 
 0.229542 -5.481178e-02 
 0.231538 -5.460460e-02 
 0.233534 -5.439173e-02 
 0.235530 -5.417330e-02 
 0.237526 -5.394941e-02 
 0.239522 -5.372019e-02 
 0.241518 -5.348577e-02 
 0.243514 -5.324624e-02 
 0.245510 -5.300175e-02 
 0.247506 -5.275239e-02 
 0.249502 -5.249829e-02 
 0.251498 -5.223956e-02 
 0.253494 -5.197631e-02 
 0.255490 -5.170866e-02 
 0.257486 -5.143673e-02 
 0.259482 -5.116062e-02 
 0.261478 -5.088044e-02 
 0.263474 -5.059631e-02 
 0.265470 -5.030834e-02 
 0.267466 -5.001663e-02 
 0.269462 -4.972129e-02 
 0.271458 -4.942244e-02 
 0.273454 -4.912017e-02 
 0.275450 -4.881459e-02 
 0.277446 -4.850582e-02 
 0.279442 -4.819394e-02 
 0.281438 -4.787908e-02 
 0.283434 -4.756132e-02 
 0.285430 -4.724077e-02 
 0.287426 -4.691754e-02 
 0.289422 -4.659172e-02 
 0.291418 -4.626340e-02 
 0.293414 -4.593270e-02 
 0.295410 -4.559971e-02 
 0.297406 -4.526452e-02 
 0.299402 -4.492723e-02 
 0.301398 -4.458794e-02 
 0.303394 -4.424673e-02 
 0.305390 -4.390371e-02 
 0.307386 -4.355897e-02 
 0.309382 -4.321259e-02 
 0.311378 -4.286466e-02 
 0.313374 -4.251529e-02 
 0.315370 -4.216455e-02 
 0.317366 -4.181253e-02 
 0.319362 -4.145932e-02 
 0.321358 -4.110501e-02 
 0.323354 -4.074968e-02 
 0.325350 -4.039341e-02 
 0.327346 -4.003629e-02 
 0.329342 -3.967840e-02 
 0.331338 -3.931982e-02 
 0.333334 -3.896063e-02 
 0.335330 -3.860091e-02 
 0.337326 -3.824074e-02 
 0.339322 -3.788019e-02 
 0.341318 -3.751935e-02 
 0.343314 -3.715828e-02 
 0.345310 -3.679706e-02 
 0.347306 -3.643577e-02 
 0.349302 -3.607447e-02 
 0.351298 -3.571324e-02 
 0.353294 -3.535214e-02 
 0.355290 -3.499126e-02 
 0.357286 -3.463064e-02 
 0.359282 -3.427037e-02 
 0.361278 -3.391051e-02 
 0.363274 -3.355112e-02 
 0.365270 -3.319226e-02 
 0.367266 -3.283401e-02 
 0.369262 -3.247641e-02 
 0.371258 -3.211954e-02 
 0.373254 -3.176345e-02 
 0.375250 -3.140821e-02 
 0.377246 -3.105386e-02 
 0.379242 -3.070047e-02 
 0.381238 -3.034809e-02 
 0.383234 -2.999678e-02 
 0.385230 -2.964658e-02 
 0.387226 -2.929756e-02 
 0.389222 -2.894977e-02 
 0.391218 -2.860325e-02 
 0.393214 -2.825805e-02 
 0.395210 -2.791423e-02 
 0.397206 -2.757183e-02 
 0.399202 -2.723090e-02 
 0.401198 -2.689148e-02 
 0.403194 -2.655361e-02 
 0.405190 -2.621735e-02 
 0.407186 -2.588273e-02 
 0.409182 -2.554980e-02 
 0.411178 -2.521859e-02 
 0.413174 -2.488915e-02 
 0.415170 -2.456151e-02 
 0.417166 -2.423571e-02 
 0.419162 -2.391178e-02 
 0.421158 -2.358977e-02 
 0.423154 -2.326970e-02 
 0.425150 -2.295162e-02 
 0.427146 -2.263554e-02 
 0.429142 -2.232151e-02 
 0.431138 -2.200956e-02 
 0.433134 -2.169971e-02 
 0.435130 -2.139199e-02 
 0.437126 -2.108643e-02 
 0.439122 -2.078306e-02 
 0.441118 -2.048190e-02 
 0.443114 -2.018298e-02 
 0.445110 -1.988632e-02 
 0.447106 -1.959195e-02 
 0.449102 -1.929988e-02 
 0.451098 -1.901014e-02 
 0.453094 -1.872275e-02 
 0.455090 -1.843772e-02 
 0.457086 -1.815509e-02 
 0.459082 -1.787485e-02 
 0.461078 -1.759704e-02 
 0.463074 -1.732166e-02 
 0.465070 -1.704873e-02 
 0.467066 -1.677827e-02 
 0.469062 -1.651028e-02 
 0.471058 -1.624479e-02 
 0.473054 -1.598180e-02 
 0.475050 -1.572133e-02 
 0.477046 -1.546337e-02 
 0.479042 -1.520796e-02 
 0.481038 -1.495508e-02 
 0.483034 -1.470475e-02 
 0.485030 -1.445698e-02 
 0.487026 -1.421177e-02 
 0.489022 -1.396913e-02 
 0.491018 -1.372906e-02 
 0.493014 -1.349156e-02 
 0.495010 -1.325665e-02 
 0.497006 -1.302432e-02 
 0.499002 -1.279457e-02 
 0.500999 -1.256740e-02 
 0.502995 -1.234283e-02 
 0.504991 -1.212084e-02 
 0.506987 -1.190143e-02 
 0.508983 -1.168460e-02 
 0.510979 -1.147036e-02 
 0.512975 -1.125869e-02 
 0.514971 -1.104960e-02 
 0.516967 -1.084308e-02 
 0.518963 -1.063912e-02 
 0.520959 -1.043773e-02 
 0.522955 -1.023889e-02 
 0.524951 -1.004260e-02 
 0.526947 -9.848847e-03 
 0.528943 -9.657632e-03 
 0.530939 -9.468942e-03 
 0.532935 -9.282770e-03 
 0.534931 -9.099107e-03 
 0.536927 -8.917943e-03 
 0.538923 -8.739267e-03 
 0.540919 -8.563071e-03 
 0.542915 -8.389342e-03 
 0.544911 -8.218069e-03 
 0.546907 -8.049241e-03 
 0.548903 -7.882845e-03 
 0.550899 -7.718868e-03 
 0.552895 -7.557298e-03 
 0.554891 -7.398120e-03 
 0.556887 -7.241322e-03 
 0.558883 -7.086888e-03 
 0.560879 -6.934804e-03 
 0.562875 -6.785054e-03 
 0.564871 -6.637625e-03 
 0.566867 -6.492499e-03 
 0.568863 -6.349661e-03 
 0.570859 -6.209095e-03 
 0.572855 -6.070783e-03 
 0.574851 -5.934709e-03 
 0.576847 -5.800856e-03 
 0.578843 -5.669206e-03 
 0.580839 -5.539741e-03 
 0.582835 -5.412444e-03 
 0.584831 -5.287296e-03 
 0.586827 -5.164279e-03 
 0.588823 -5.043374e-03 
 0.590819 -4.924561e-03 
 0.592815 -4.807823e-03 
 0.594811 -4.693139e-03 
 0.596807 -4.580489e-03 
 0.598803 -4.469856e-03 
 0.600799 -4.361217e-03 
 0.602795 -4.254555e-03 
 0.604791 -4.149847e-03 
 0.606787 -4.047074e-03 
 0.608783 -3.946216e-03 
 0.610779 -3.847252e-03 
 0.612775 -3.750161e-03 
 0.614771 -3.654923e-03 
 0.616767 -3.561517e-03 
 0.618763 -3.469921e-03 
 0.620759 -3.380115e-03 
 0.622755 -3.292077e-03 
 0.624751 -3.205788e-03 
 0.626747 -3.121224e-03 
 0.628743 -3.038365e-03 
 0.630739 -2.957191e-03 
 0.632735 -2.877679e-03 
 0.634731 -2.799807e-03 
 0.636727 -2.723556e-03 
 0.638723 -2.648904e-03 
 0.640719 -2.575828e-03 
 0.642715 -2.504309e-03 
 0.644711 -2.434324e-03 
 0.646707 -2.365852e-03 
 0.648703 -2.298872e-03 
 0.650699 -2.233363e-03 
 0.652695 -2.169304e-03 
 0.654691 -2.106673e-03 
 0.656687 -2.045450e-03 
 0.658683 -1.985613e-03 
 0.660679 -1.927141e-03 
 0.662675 -1.870014e-03 
 0.664671 -1.814211e-03 
 0.666667 -1.759711e-03 
 0.668663 -1.706494e-03 
 0.670659 -1.654538e-03 
 0.672655 -1.603824e-03 
 0.674651 -1.554332e-03 
 0.676647 -1.506040e-03 
 0.678643 -1.458930e-03 
 0.680639 -1.412981e-03 
 0.682635 -1.368172e-03 
 0.684631 -1.324485e-03 
 0.686627 -1.281900e-03 
 0.688623 -1.240398e-03 
 0.690619 -1.199958e-03 
 0.692615 -1.160563e-03 
 0.694611 -1.122192e-03 
 0.696607 -1.084827e-03 
 0.698603 -1.048450e-03 
 0.700599 -1.013041e-03 
 0.702595 -9.785830e-04 
 0.704591 -9.450570e-04 
 0.706587 -9.124450e-04 
 0.708583 -8.807292e-04 
 0.710579 -8.498917e-04 
 0.712575 -8.199152e-04 
 0.714571 -7.907821e-04 
 0.716567 -7.624753e-04 
 0.718563 -7.349778e-04 
 0.720559 -7.082727e-04 
 0.722555 -6.823434e-04 
 0.724551 -6.571734e-04 
 0.726547 -6.327465e-04 
 0.728543 -6.090466e-04 
 0.730539 -5.860578e-04 
 0.732535 -5.637646e-04 
 0.734531 -5.421513e-04 
 0.736527 -5.212026e-04 
 0.738523 -5.009036e-04 
 0.740519 -4.812392e-04 
 0.742515 -4.621949e-04 
 0.744511 -4.437561e-04 
 0.746507 -4.259084e-04 
 0.748503 -4.086379e-04 
 0.750499 -3.919306e-04 
 0.752495 -3.757728e-04 
 0.754491 -3.601511e-04 
 0.756487 -3.450522e-04 
 0.758483 -3.304629e-04 
 0.760479 -3.163705e-04 
 0.762475 -3.027622e-04 
 0.764471 -2.896256e-04 
 0.766467 -2.769483e-04 
 0.768463 -2.647184e-04 
 0.770459 -2.529239e-04 
 0.772455 -2.415532e-04 
 0.774451 -2.305947e-04 
 0.776447 -2.200373e-04 
 0.778443 -2.098699e-04 
 0.780439 -2.000816e-04 
 0.782435 -1.906616e-04 
 0.784431 -1.815996e-04 
 0.786427 -1.728853e-04 
 0.788423 -1.645085e-04 
 0.790419 -1.564594e-04 
 0.792415 -1.487283e-04 
 0.794411 -1.413055e-04 
 0.796407 -1.341819e-04 
 0.798403 -1.273482e-04 
 0.800399 -1.207955e-04 
 0.802395 -1.145151e-04 
 0.804391 -1.084983e-04 
 0.806387 -1.027367e-04 
 0.808383 -9.722220e-05 
 0.810379 -9.194667e-05 
 0.812375 -8.690226e-05 
 0.814371 -8.208129e-05 
 0.816367 -7.747624e-05 
 0.818363 -7.307975e-05 
 0.820359 -6.888465e-05 
 0.822355 -6.488393e-05 
 0.824351 -6.107075e-05 
 0.826347 -5.743842e-05 
 0.828343 -5.398043e-05 
 0.830339 -5.069042e-05 
 0.832335 -4.756219e-05 
 0.834332 -4.458971e-05 
 0.836328 -4.176708e-05 
 0.838324 -3.908856e-05 
 0.840320 -3.654858e-05 
 0.842316 -3.414169e-05 
 0.844312 -3.186261e-05 
 0.846308 -2.970618e-05 
 0.848304 -2.766740e-05 
 0.850300 -2.574140e-05 
 0.852296 -2.392345e-05 
 0.854292 -2.220896e-05 
 0.856288 -2.059348e-05 
 0.858284 -1.907266e-05 
 0.860280 -1.764232e-05 
 0.862276 -1.629838e-05 
 0.864272 -1.503692e-05 
 0.866268 -1.385411e-05 
 0.868264 -1.274625e-05 
 0.870260 -1.170976e-05 
 0.872256 -1.074116e-05 
 0.874252 -9.837103e-06 
 0.876248 -8.994350e-06 
 0.878244 -8.209765e-06 
 0.880240 -7.480321e-06 
 0.882236 -6.803105e-06 
 0.884232 -6.175307e-06 
 0.886228 -5.594215e-06 
 0.888224 -5.057215e-06 
 0.890220 -4.561787e-06 
 0.892216 -4.105514e-06 
 0.894212 -3.686071e-06 
 0.896208 -3.301221e-06 
 0.898204 -2.948817e-06 
 0.900200 -2.626802e-06 
 0.902196 -2.333209e-06 
 0.904192 -2.066155e-06 
 0.906188 -1.823840e-06 
 0.908184 -1.604540e-06 
 0.910180 -1.406609e-06 
 0.912176 -1.228484e-06 
 0.914172 -1.068678e-06 
 0.916168 -9.257713e-07 
 0.918164 -7.984169e-07 
 0.920160 -6.853362e-07 
 0.922156 -5.853223e-07 
 0.924152 -4.972362e-07 
 0.926148 -4.200006e-07 
 0.928144 -3.525996e-07 
 0.930140 -2.940799e-07 
 0.932136 -2.435518e-07 
 0.934132 -2.001853e-07 
 0.936128 -1.632041e-07 
 0.938124 -1.318847e-07 
 0.940120 -1.055582e-07 
 0.942116 -8.361053e-08 
 0.944112 -6.547960e-08 
 0.946108 -5.064836e-08 
 0.948104 -3.864476e-08 
 0.950100 -2.904282e-08 
 0.952096 -2.146362e-08 
 0.954092 -1.557167e-08 
 0.956088 -1.106667e-08 
 0.958084 -7.683423e-09 
 0.960080 -5.192900e-09 
 0.962076 -3.403384e-09 
 0.964072 -2.156072e-09 
 0.966068 -1.315195e-09 
 0.968064 -7.675921e-10 
 0.970060 -4.236490e-10 
 0.972056 -2.183719e-10 
 0.974052 -1.067275e-10 
 0.976048 -5.314877e-11 
 0.978044 -3.068059e-11 
 0.980040 -2.141240e-11 
 0.982036 -1.704544e-11 
 0.984032 -1.611577e-11 
 0.986028 -1.769027e-11 
 0.988024 -2.061706e-11 
 0.990020 -2.340101e-11 
 0.992016 -2.416615e-11 
 0.994012 -2.126114e-11 
 0.996008 -1.461853e-11 
 0.998004 -6.213413e-12 