# Q = 4.05 - 8.55 CeV
#
# pT    d^2sigma/(dpT dxF)
# GeV   (cm^2/GeV/nucleon)
#
#       value      stat
#
#
# INDEX 0
#
# 0 < xF < 0.1
#
0.125  5.007e-35  0.469e-35
0.375  1.180e-34  0.075e-34 
0.625  1.717e-34  0.093e-34 
0.875  1.892e-34  0.105e-34 
1.125  1.642e-34  0.104e-34 
1.375  1.657e-34  0.114e-34
1.625  1.097e-34  0.101e-34
1.875  6.992e-35  0.926e-35
2.125  4.432e-35  0.760e-35
2.375  2.778e-35  0.717e-35
2.625  2.509e-35  0.794e-35
2.875  1.518e-35  0.759e-35
3.125  1.077e-35  0.761e-35
3.875  3.175e-36  3.175e-36



# INDEX 1
#
# 0.1 < xF < 0.2
#
0.125   4.798e-35   0.398e-35
0.375   1.259e-34   0.067e-34
0.625   1.694e-34   0.081e-34
0.875   1.866e-34   0.086e-34
1.125   1.849e-34   0.089e-34
1.375   1.395e-34   0.081e-34
1.625   1.076e-34   0.076e-34
1.875   6.182e-35   0.618e-35
2.125   5.272e-35   0.659e-35
2.375   2.802e-35   0.481e-35
2.625   1.503e-35   0.402e-35
2.875   1.081e-35   0.342e-35
3.125   5.448e-36   2.436e-36
3.375   1.718e-36   1.718e-36
3.625   2.240e-36   2.240e-36
3.875   2.875e-36   2.875e-36
4.125   1.170e-36   1.170e-36
4.375   8.367e-37   8.367e-37



# INDEX 2
#
# 0.2 < xF < 0.3
#
0.125   4.984e-35   0.360e-35
0.375   1.264e-34   0.059e-34
0.625   1.825e-34   0.074e-34
0.875   1.934e-34   0.078e-34
1.125   1.860e-34   0.078e-34
1.375   1.491e-34   0.071e-34
1.625   8.838e-35   0.567e-35
1.875   7.249e-35   0.554e-35
2.125   5.134e-35   0.490e-35
2.375   3.153e-35   0.410e-35
2.625   1.818e-35   0.350e-35
2.875   1.482e-35   0.383e-35
3.125   3.163e-36   1.414e-36
3.375   4.804e-36   2.402e-36
3.625   1.800e-36   1.273e-36
3.875   3.120e-36   1.801e-36


# INDEX 3
#
# 0.3 < xF < 0.4
#
0.125   3.216e-35   0.251e-35
0.375   1.123e-34   0.049e-34
0.625   1.523e-34   0.058e-34
0.875   1.533e-34   0.061e-34
1.125   1.331e-34   0.056e-34
1.375   1.327e-34   0.060e-34
1.625   9.559e-35   0.522e-35
1.875   6.591e-35   0.454e-35
2.125   4.311e-35   0.381e-35
2.375   2.099e-35   0.253e-35
2.625   1.242e-35   0.216e-35
2.815   1.022e-35   0.197e-35
3.125   1.013e-35   0.261e-35
3.375   3.670e-36   1.498e-36
3.625   3.971e-36   1.501e-36
3.875   2.896e-36   1.448e-36
4.375   1.380e-36   1.380e-36



# INDEX 4
#
# 0.4 < xF < 0.5
#
0.125   3.341e-35   0.228e-35
0.375   9.057e-35   0.390e-35
0.625   1.246e-34   0.047e-34
0.875   1.404e-34   0.052e-34
1.125   1.198e-34   0.048e-34
1.375   1.055e-34   0.047e-34
1.625   8.200e-35   0.423e-35
1.875   5.055e-35   0.336e-35
2.125   3.009e-35   0.260e-35
2.375   2.004e-35   0.219e-35
2.625   8.780e-36   1.506e-36
2.875   6.763e-36   1.410e-36
3.125   3.732e-36   0.998e-36
3.375   3.142e-36   1.047e-36
3.625   7.738e-37   5.472e-37
3.875   6.267e-37   4.431e-37
4.375   3.833e-37   3.833e-37


# INDEX 5
#
# 0.5 < xF < 0.6
#
0.125   2.977e-35   0.188e-35
0.375   7.254e-35   0.297e-35
0.625   1.019e-34   0.035e-34
0.875   1.034e-34   0.037e-34
1.125   8.895e-35   0.353e-35
1.375   6.847e-35   0.314e-35
1.625   5.156e-35   0.274e-35
1.875   3.376e-35   0.232e-35
2.125   2.009e-35   0.183e-35
2.375   1.330e-35   0.158e-35
2.625   8.540e-36   1.162e-36
2.875   3.126e-36   0.782e-36
3.125   2.184e-36   0.691e-36
3.375   1.381e-36   0.618e-36
3.625   1.075e-36   0.481e-36
3.875   7.927e-37   3.964e-37
4.125   3.486e-37   2.465e-37



# INDEX 6
#
# 0.6 < xF < 0.7
#
0.125   2.314e-35   0.138e-35   
0.375   6.022e-35   0.229e-35
0.625   7.227e-35   0.255e-35
0.875   7.509e-35   0.263e-35
1.125   6.253e-35   0.243e-35
1.375   5.281e-35   0.227e-35
1.625   3.432e-35   0.185e-35
1.875   2.225e-35   0.150e-35
2.125   1.191e-35   0.106e-35
2.375   8.473e-36   0.992e-36
2.625   5.978e-36   0.872e-36
2.875   2.222e-36   0.474e-36
3.125   1.551e-36   0.491e-36
3.375   5.264e-37   2.632e-37
3.625   5.676e-37   2.539e-37
3.875   5.100e-37   2.944e-37
4.125   1.825e-37   1.825e-37



# INDEX 7 
#
# 0.7 < xF < 0.8
#
0.125   1.832e-35   0.116e-35   
0.375   3.864e-35   0.163e-35   
0.625   4.817e-35   0.184e-35   
0.875   4.710e-35   0.182e-35   
1.125   3.839e-35   0.166e-35   
1.375   2.707e-35   0.141e-35   
1.625   1.872e-35   0.118e-35   
1.875   1.125e-35   0.094e-35   
2.125   6.522e-36   0.738e-36   
2.375   4.538e-36   0.612e-36   
2.625   2.133e-36   0.427e-36   
2.875   1.023e-36   0.273e-36   
3.125   4.059e-37   1.815e-37   
3.375   3.663e-37   1.385e-37   
3.875   1.180e-37   1.180e-37   
4.125   4.000e-38   4.000e-38   
4.875   7.000e-38   7.000e-38   



# INDEX 8 
#
# 0.8 < xF < 0.9
#
0.125   1.232e-35   0.092e-35
0.375   2.741e-35   0.127e-35
0.625   2.511e-35   0.121e-35
0.875   2.332e-35   0.117e-35
1.125   1.619e-35   0.093e-35
1.375   8.712e-36   0.676e-36
1.625   6.165e-36   0.583e-36
1.875   3.350e-36   0.426e-36
2.125   2.236e-36   0.363e-36
2.375   1.296e-36   0.254e-36
2.625   4.675e-37   1.767e-37
2.875   6.060e-38   6.060e-38
3.125   1.289e-37   0.911e-37
3.375   8.890e-38   6.290e-38
3.875   4.330e-38   4.330e-38



# INDEX 9 
#
# 0.9 < xF < 1.0
#
0.125   4.076e-36   0.491e-36
0.375   6.110e-36   0.506e-36
0.625   4.145e-36   0.377e-36
0.875   2.471e-36   0.270e-36
1.125   1.106e-36   0.153e-36
1.375   8.307e-37   1.404e-37
1.625   2.395e-37   0.664e-37
1.875   2.000e-37   0.632e-37
2.125   4.000e-38   2.000e-38
2.375   3.430e-38   2.420e-38
2.625   4.000e-38   4.000e-38



