
 0.001997 -3.242821e-05 
 0.003993 -8.764992e-05 
 0.005989 -1.547611e-04 
 0.007985 -2.301188e-04 
 0.009981 -3.114493e-04 
 0.011977 -3.973024e-04 
 0.013973 -4.866054e-04 
 0.015969 -5.785462e-04 
 0.017965 -6.724793e-04 
 0.019961 -7.678798e-04 
 0.021957 -8.643115e-04 
 0.023953 -9.614061e-04 
 0.025949 -1.058849e-03 
 0.027945 -1.156367e-03 
 0.029941 -1.253723e-03 
 0.031937 -1.350710e-03 
 0.033933 -1.447143e-03 
 0.035929 -1.542860e-03 
 0.037925 -1.637716e-03 
 0.039921 -1.731582e-03 
 0.041917 -1.824342e-03 
 0.043913 -1.915894e-03 
 0.045909 -2.006144e-03 
 0.047905 -2.095011e-03 
 0.049901 -2.182420e-03 
 0.051897 -2.268304e-03 
 0.053893 -2.352606e-03 
 0.055889 -2.435273e-03 
 0.057885 -2.516257e-03 
 0.059881 -2.595519e-03 
 0.061877 -2.673023e-03 
 0.063873 -2.748737e-03 
 0.065869 -2.822635e-03 
 0.067865 -2.894696e-03 
 0.069861 -2.964900e-03 
 0.071857 -3.033234e-03 
 0.073853 -3.099685e-03 
 0.075849 -3.164244e-03 
 0.077845 -3.226905e-03 
 0.079841 -3.287665e-03 
 0.081837 -3.346523e-03 
 0.083833 -3.403481e-03 
 0.085829 -3.458540e-03 
 0.087825 -3.511708e-03 
 0.089821 -3.562990e-03 
 0.091817 -3.612396e-03 
 0.093813 -3.659936e-03 
 0.095809 -3.705621e-03 
 0.097805 -3.749466e-03 
 0.099801 -3.791483e-03 
 0.101797 -3.831689e-03 
 0.103793 -3.870099e-03 
 0.105789 -3.906733e-03 
 0.107785 -3.941607e-03 
 0.109781 -3.974741e-03 
 0.111777 -4.006155e-03 
 0.113773 -4.035871e-03 
 0.115769 -4.063908e-03 
 0.117765 -4.090291e-03 
 0.119761 -4.115040e-03 
 0.121757 -4.138179e-03 
 0.123753 -4.159733e-03 
 0.125749 -4.179724e-03 
 0.127745 -4.198177e-03 
 0.129741 -4.215117e-03 
 0.131737 -4.230569e-03 
 0.133733 -4.244558e-03 
 0.135729 -4.257109e-03 
 0.137725 -4.268249e-03 
 0.139721 -4.278002e-03 
 0.141717 -4.286395e-03 
 0.143713 -4.293452e-03 
 0.145709 -4.299200e-03 
 0.147705 -4.303664e-03 
 0.149701 -4.306869e-03 
 0.151697 -4.308841e-03 
 0.153693 -4.309605e-03 
 0.155689 -4.309187e-03 
 0.157685 -4.307612e-03 
 0.159681 -4.304906e-03 
 0.161677 -4.301093e-03 
 0.163673 -4.296200e-03 
 0.165669 -4.290252e-03 
 0.167666 -4.283275e-03 
 0.169662 -4.275293e-03 
 0.171658 -4.266333e-03 
 0.173654 -4.256420e-03 
 0.175650 -4.245578e-03 
 0.177646 -4.233833e-03 
 0.179642 -4.221209e-03 
 0.181638 -4.207730e-03 
 0.183634 -4.193420e-03 
 0.185630 -4.178303e-03 
 0.187626 -4.162402e-03 
 0.189622 -4.145739e-03 
 0.191618 -4.128338e-03 
 0.193614 -4.110220e-03 
 0.195610 -4.091406e-03 
 0.197606 -4.071919e-03 
 0.199602 -4.051780e-03 
 0.201598 -4.031010e-03 
 0.203594 -4.009630e-03 
 0.205590 -3.987660e-03 
 0.207586 -3.965121e-03 
 0.209582 -3.942035e-03 
 0.211578 -3.918419e-03 
 0.213574 -3.894296e-03 
 0.215570 -3.869683e-03 
 0.217566 -3.844601e-03 
 0.219562 -3.819068e-03 
 0.221558 -3.793104e-03 
 0.223554 -3.766725e-03 
 0.225550 -3.739951e-03 
 0.227546 -3.712798e-03 
 0.229542 -3.685283e-03 
 0.231538 -3.657423e-03 
 0.233534 -3.629235e-03 
 0.235530 -3.600734e-03 
 0.237526 -3.571936e-03 
 0.239522 -3.542857e-03 
 0.241518 -3.513512e-03 
 0.243514 -3.483916e-03 
 0.245510 -3.454084e-03 
 0.247506 -3.424031e-03 
 0.249502 -3.393770e-03 
 0.251498 -3.363317e-03 
 0.253494 -3.332685e-03 
 0.255490 -3.301887e-03 
 0.257486 -3.270938e-03 
 0.259482 -3.239850e-03 
 0.261478 -3.208637e-03 
 0.263474 -3.177310e-03 
 0.265470 -3.145883e-03 
 0.267466 -3.114366e-03 
 0.269462 -3.082771e-03 
 0.271458 -3.051111e-03 
 0.273454 -3.019395e-03 
 0.275450 -2.987635e-03 
 0.277446 -2.955840e-03 
 0.279442 -2.924022e-03 
 0.281438 -2.892191e-03 
 0.283434 -2.860356e-03 
 0.285430 -2.828528e-03 
 0.287426 -2.796715e-03 
 0.289422 -2.764929e-03 
 0.291418 -2.733177e-03 
 0.293414 -2.701469e-03 
 0.295410 -2.669814e-03 
 0.297406 -2.638221e-03 
 0.299402 -2.606697e-03 
 0.301398 -2.575252e-03 
 0.303394 -2.543891e-03 
 0.305390 -2.512623e-03 
 0.307386 -2.481455e-03 
 0.309382 -2.450392e-03 
 0.311378 -2.419441e-03 
 0.313374 -2.388609e-03 
 0.315370 -2.357900e-03 
 0.317366 -2.327321e-03 
 0.319362 -2.296877e-03 
 0.321358 -2.266573e-03 
 0.323354 -2.236414e-03 
 0.325350 -2.206405e-03 
 0.327346 -2.176553e-03 
 0.329342 -2.146861e-03 
 0.331338 -2.117335e-03 
 0.333334 -2.087979e-03 
 0.335330 -2.058800e-03 
 0.337326 -2.029800e-03 
 0.339322 -2.000985e-03 
 0.341318 -1.972360e-03 
 0.343314 -1.943927e-03 
 0.345310 -1.915692e-03 
 0.347306 -1.887657e-03 
 0.349302 -1.859827e-03 
 0.351298 -1.832205e-03 
 0.353294 -1.804793e-03 
 0.355290 -1.777595e-03 
 0.357286 -1.750614e-03 
 0.359282 -1.723852e-03 
 0.361278 -1.697312e-03 
 0.363274 -1.670996e-03 
 0.365270 -1.644906e-03 
 0.367266 -1.619046e-03 
 0.369262 -1.593416e-03 
 0.371258 -1.568020e-03 
 0.373254 -1.542858e-03 
 0.375250 -1.517934e-03 
 0.377246 -1.493248e-03 
 0.379242 -1.468802e-03 
 0.381238 -1.444597e-03 
 0.383234 -1.420636e-03 
 0.385230 -1.396918e-03 
 0.387226 -1.373445e-03 
 0.389222 -1.350219e-03 
 0.391218 -1.327239e-03 
 0.393214 -1.304506e-03 
 0.395210 -1.282021e-03 
 0.397206 -1.259784e-03 
 0.399202 -1.237795e-03 
 0.401198 -1.216055e-03 
 0.403194 -1.194564e-03 
 0.405190 -1.173322e-03 
 0.407186 -1.152328e-03 
 0.409182 -1.131583e-03 
 0.411178 -1.111087e-03 
 0.413174 -1.090838e-03 
 0.415170 -1.070837e-03 
 0.417166 -1.051084e-03 
 0.419162 -1.031578e-03 
 0.421158 -1.012318e-03 
 0.423154 -9.933032e-04 
 0.425150 -9.745339e-04 
 0.427146 -9.560087e-04 
 0.429142 -9.377270e-04 
 0.431138 -9.196878e-04 
 0.433134 -9.018902e-04 
 0.435130 -8.843332e-04 
 0.437126 -8.670157e-04 
 0.439122 -8.499368e-04 
 0.441118 -8.330951e-04 
 0.443114 -8.164897e-04 
 0.445110 -8.001194e-04 
 0.447106 -7.839828e-04 
 0.449102 -7.680789e-04 
 0.451098 -7.524063e-04 
 0.453094 -7.369637e-04 
 0.455090 -7.217499e-04 
 0.457086 -7.067635e-04 
 0.459082 -6.920031e-04 
 0.461078 -6.774674e-04 
 0.463074 -6.631548e-04 
 0.465070 -6.490640e-04 
 0.467066 -6.351935e-04 
 0.469062 -6.215418e-04 
 0.471058 -6.081072e-04 
 0.473054 -5.948883e-04 
 0.475050 -5.818835e-04 
 0.477046 -5.690909e-04 
 0.479042 -5.565091e-04 
 0.481038 -5.441361e-04 
 0.483034 -5.319703e-04 
 0.485030 -5.200096e-04 
 0.487026 -5.082522e-04 
 0.489022 -4.966962e-04 
 0.491018 -4.853394e-04 
 0.493014 -4.741798e-04 
 0.495010 -4.632154e-04 
 0.497006 -4.524440e-04 
 0.499002 -4.418635e-04 
 0.500999 -4.314718e-04 
 0.502995 -4.212667e-04 
 0.504991 -4.112462e-04 
 0.506987 -4.014082e-04 
 0.508983 -3.917505e-04 
 0.510979 -3.822712e-04 
 0.512975 -3.729680e-04 
 0.514971 -3.638391e-04 
 0.516967 -3.548823e-04 
 0.518963 -3.460957e-04 
 0.520959 -3.374772e-04 
 0.522955 -3.290249e-04 
 0.524951 -3.207369e-04 
 0.526947 -3.126110e-04 
 0.528943 -3.046456e-04 
 0.530939 -2.968384e-04 
 0.532935 -2.891878e-04 
 0.534931 -2.816917e-04 
 0.536927 -2.743481e-04 
 0.538923 -2.671553e-04 
 0.540919 -2.601111e-04 
 0.542915 -2.532135e-04 
 0.544911 -2.464607e-04 
 0.546907 -2.398505e-04 
 0.548903 -2.333809e-04 
 0.550899 -2.270497e-04 
 0.552895 -2.208550e-04 
 0.554891 -2.147945e-04 
 0.556887 -2.088663e-04 
 0.558883 -2.030681e-04 
 0.560879 -1.973981e-04 
 0.562875 -1.918541e-04 
 0.564871 -1.864342e-04 
 0.566867 -1.811364e-04 
 0.568863 -1.759587e-04 
 0.570859 -1.708994e-04 
 0.572855 -1.659566e-04 
 0.574851 -1.611283e-04 
 0.576847 -1.564128e-04 
 0.578843 -1.518082e-04 
 0.580839 -1.473128e-04 
 0.582835 -1.429248e-04 
 0.584831 -1.386422e-04 
 0.586827 -1.344634e-04 
 0.588823 -1.303864e-04 
 0.590819 -1.264094e-04 
 0.592815 -1.225307e-04 
 0.594811 -1.187483e-04 
 0.596807 -1.150605e-04 
 0.598803 -1.114654e-04 
 0.600799 -1.079614e-04 
 0.602795 -1.045467e-04 
 0.604791 -1.012195e-04 
 0.606787 -9.797810e-05 
 0.608783 -9.482092e-05 
 0.610779 -9.174631e-05 
 0.612775 -8.875264e-05 
 0.614771 -8.583834e-05 
 0.616767 -8.300186e-05 
 0.618763 -8.024164e-05 
 0.620759 -7.755619e-05 
 0.622755 -7.494400e-05 
 0.624751 -7.240361e-05 
 0.626747 -6.993355e-05 
 0.628743 -6.753239e-05 
 0.630739 -6.519869e-05 
 0.632735 -6.293106e-05 
 0.634731 -6.072811e-05 
 0.636727 -5.858846e-05 
 0.638723 -5.651076e-05 
 0.640719 -5.449365e-05 
 0.642715 -5.253581e-05 
 0.644711 -5.063593e-05 
 0.646707 -4.879270e-05 
 0.648703 -4.700482e-05 
 0.650699 -4.527104e-05 
 0.652695 -4.359008e-05 
 0.654691 -4.196071e-05 
 0.656687 -4.038171e-05 
 0.658683 -3.885186e-05 
 0.660679 -3.736999e-05 
 0.662675 -3.593493e-05 
 0.664671 -3.454554e-05 
 0.666667 -3.320069e-05 
 0.668663 -3.189930e-05 
 0.670659 -3.064027e-05 
 0.672655 -2.942257e-05 
 0.674651 -2.824513e-05 
 0.676647 -2.710695e-05 
 0.678643 -2.600701e-05 
 0.680639 -2.494432e-05 
 0.682635 -2.391790e-05 
 0.684631 -2.292677e-05 
 0.686627 -2.196998e-05 
 0.688623 -2.104659e-05 
 0.690619 -2.015565e-05 
 0.692615 -1.929625e-05 
 0.694611 -1.846748e-05 
 0.696607 -1.766847e-05 
 0.698603 -1.689833e-05 
 0.700599 -1.615622e-05 
 0.702595 -1.544131e-05 
 0.704591 -1.475280e-05 
 0.706587 -1.408992e-05 
 0.708583 -1.345189e-05 
 0.710579 -1.283800e-05 
 0.712575 -1.224752e-05 
 0.714571 -1.167977e-05 
 0.716567 -1.113405e-05 
 0.718563 -1.060971e-05 
 0.720559 -1.010610e-05 
 0.722555 -9.622595e-06 
 0.724551 -9.158563e-06 
 0.726547 -8.713395e-06 
 0.728543 -8.286493e-06 
 0.730539 -7.877267e-06 
 0.732535 -7.485140e-06 
 0.734531 -7.109545e-06 
 0.736527 -6.749927e-06 
 0.738523 -6.405741e-06 
 0.740519 -6.076456e-06 
 0.742515 -5.761550e-06 
 0.744511 -5.460512e-06 
 0.746507 -5.172844e-06 
 0.748503 -4.898060e-06 
 0.750499 -4.635685e-06 
 0.752495 -4.385255e-06 
 0.754491 -4.146319e-06 
 0.756487 -3.918440e-06 
 0.758483 -3.701193e-06 
 0.760479 -3.494164e-06 
 0.762475 -3.296956e-06 
 0.764471 -3.109184e-06 
 0.766467 -2.930478e-06 
 0.768463 -2.760480e-06 
 0.770459 -2.598848e-06 
 0.772455 -2.445247e-06 
 0.774451 -2.299359e-06 
 0.776447 -2.160871e-06 
 0.778443 -2.029485e-06 
 0.780439 -1.904910e-06 
 0.782435 -1.786862e-06 
 0.784431 -1.675066e-06 
 0.786427 -1.569254e-06 
 0.788423 -1.469164e-06 
 0.790419 -1.374543e-06 
 0.792415 -1.285143e-06 
 0.794411 -1.200726e-06 
 0.796407 -1.121058e-06 
 0.798403 -1.045918e-06 
 0.800399 -9.750879e-07 
 0.802395 -9.083607e-07 
 0.804391 -8.455372e-07 
 0.806387 -7.864266e-07 
 0.808383 -7.308463e-07 
 0.810379 -6.786217e-07 
 0.812375 -6.295856e-07 
 0.814371 -5.835778e-07 
 0.816367 -5.404452e-07 
 0.818363 -5.000408e-07 
 0.820359 -4.622239e-07 
 0.822355 -4.268595e-07 
 0.824351 -3.938175e-07 
 0.826347 -3.629733e-07 
 0.828343 -3.342067e-07 
 0.830339 -3.074027e-07 
 0.832335 -2.824506e-07 
 0.834332 -2.592446e-07 
 0.836328 -2.376834e-07 
 0.838324 -2.176700e-07 
 0.840320 -1.991119e-07 
 0.842316 -1.819205e-07 
 0.844312 -1.660119e-07 
 0.846308 -1.513060e-07 
 0.848304 -1.377265e-07 
 0.850300 -1.252013e-07 
 0.852296 -1.136617e-07 
 0.854292 -1.030426e-07 
 0.856288 -9.328253e-08 
 0.858284 -8.432312e-08 
 0.860280 -7.610928e-08 
 0.862276 -6.858892e-08 
 0.864272 -6.171286e-08 
 0.866268 -5.543469e-08 
 0.868264 -4.971070e-08 
 0.870260 -4.449974e-08 
 0.872256 -3.976311e-08 
 0.874252 -3.546452e-08 
 0.876248 -3.156991e-08 
 0.878244 -2.804736e-08 
 0.880240 -2.486702e-08 
 0.882236 -2.200094e-08 
 0.884232 -1.942297e-08 
 0.886228 -1.710869e-08 
 0.888224 -1.503530e-08 
 0.890220 -1.318157e-08 
 0.892216 -1.152778e-08 
 0.894212 -1.005564e-08 
 0.896208 -8.748218e-09 
 0.898204 -7.589863e-09 
 0.900200 -6.566139e-09 
 0.902196 -5.663743e-09 
 0.904192 -4.870422e-09 
 0.906188 -4.174915e-09 
 0.908184 -3.566897e-09 
 0.910180 -3.036934e-09 
 0.912176 -2.576430e-09 
 0.914172 -2.177581e-09 
 0.916168 -1.833319e-09 
 0.918164 -1.537259e-09 
 0.920160 -1.283648e-09 
 0.922156 -1.067298e-09 
 0.924152 -8.835317e-10 
 0.926148 -7.281325e-10 
 0.928144 -5.973207e-10 
 0.930140 -4.877252e-10 
 0.932136 -3.963563e-10 
 0.934132 -3.205778e-10 
 0.936128 -2.580789e-10 
 0.938124 -2.068441e-10 
 0.940120 -1.651227e-10 
 0.942116 -1.313943e-10 
 0.944112 -1.043344e-10 
 0.946108 -8.278946e-11 
 0.948104 -6.576461e-11 
 0.950100 -5.241083e-11 
 0.952096 -4.201238e-11 
 0.954092 -3.397366e-11 
 0.956088 -2.780570e-11 
 0.958084 -2.311197e-11 
 0.960080 -1.957316e-11 
 0.962076 -1.693011e-11 
 0.964072 -1.496604e-11 
 0.966068 -1.349565e-11 
 0.968064 -1.236328e-11 
 0.970060 -1.144100e-11 
 0.972056 -1.062698e-11 
 0.974052 -9.843786e-12 
 0.976048 -9.036744e-12 
 0.978044 -8.172304e-12 
 0.980040 -7.236523e-12 
 0.982036 -6.233785e-12 
 0.984032 -5.185504e-12 
 0.986028 -4.127367e-12 
 0.988024 -3.104541e-12 
 0.990020 -2.166550e-12 
 0.992016 -1.361634e-12 
 0.994012 -7.304084e-13 
 0.996008 -2.987097e-13 
 0.998004 -6.679483e-14 