
 0.001997 8.107051e-06 
 0.003993 2.191248e-05 
 0.005989 3.869028e-05 
 0.007985 5.752970e-05 
 0.009981 7.786232e-05 
 0.011977 9.932559e-05 
 0.013973 1.216513e-04 
 0.015969 1.446365e-04 
 0.017965 1.681198e-04 
 0.019961 1.919699e-04 
 0.021957 2.160779e-04 
 0.023953 2.403515e-04 
 0.025949 2.647121e-04 
 0.027945 2.890916e-04 
 0.029941 3.134308e-04 
 0.031937 3.376774e-04 
 0.033933 3.617857e-04 
 0.035929 3.857150e-04 
 0.037925 4.094290e-04 
 0.039921 4.328954e-04 
 0.041917 4.560855e-04 
 0.043913 4.789734e-04 
 0.045909 5.015360e-04 
 0.047905 5.237527e-04 
 0.049901 5.456049e-04 
 0.051897 5.670761e-04 
 0.053893 5.881516e-04 
 0.055889 6.088182e-04 
 0.057885 6.290643e-04 
 0.059881 6.488798e-04 
 0.061877 6.682556e-04 
 0.063873 6.871841e-04 
 0.065869 7.056588e-04 
 0.067865 7.236739e-04 
 0.069861 7.412251e-04 
 0.071857 7.583085e-04 
 0.073853 7.749211e-04 
 0.075849 7.910609e-04 
 0.077845 8.067262e-04 
 0.079841 8.219163e-04 
 0.081837 8.366308e-04 
 0.083833 8.508701e-04 
 0.085829 8.646350e-04 
 0.087825 8.779269e-04 
 0.089821 8.907475e-04 
 0.091817 9.030990e-04 
 0.093813 9.149840e-04 
 0.095809 9.264054e-04 
 0.097805 9.373664e-04 
 0.099801 9.478708e-04 
 0.101797 9.579222e-04 
 0.103793 9.675249e-04 
 0.105789 9.766831e-04 
 0.107785 9.854016e-04 
 0.109781 9.936852e-04 
 0.111777 1.001539e-03 
 0.113773 1.008968e-03 
 0.115769 1.015977e-03 
 0.117765 1.022573e-03 
 0.119761 1.028760e-03 
 0.121757 1.034545e-03 
 0.123753 1.039933e-03 
 0.125749 1.044931e-03 
 0.127745 1.049544e-03 
 0.129741 1.053779e-03 
 0.131737 1.057642e-03 
 0.133733 1.061139e-03 
 0.135729 1.064277e-03 
 0.137725 1.067062e-03 
 0.139721 1.069501e-03 
 0.141717 1.071599e-03 
 0.143713 1.073363e-03 
 0.145709 1.074800e-03 
 0.147705 1.075916e-03 
 0.149701 1.076717e-03 
 0.151697 1.077210e-03 
 0.153693 1.077401e-03 
 0.155689 1.077297e-03 
 0.157685 1.076903e-03 
 0.159681 1.076226e-03 
 0.161677 1.075273e-03 
 0.163673 1.074050e-03 
 0.165669 1.072563e-03 
 0.167666 1.070819e-03 
 0.169662 1.068823e-03 
 0.171658 1.066583e-03 
 0.173654 1.064105e-03 
 0.175650 1.061395e-03 
 0.177646 1.058458e-03 
 0.179642 1.055302e-03 
 0.181638 1.051932e-03 
 0.183634 1.048355e-03 
 0.185630 1.044576e-03 
 0.187626 1.040601e-03 
 0.189622 1.036435e-03 
 0.191618 1.032084e-03 
 0.193614 1.027555e-03 
 0.195610 1.022852e-03 
 0.197606 1.017980e-03 
 0.199602 1.012945e-03 
 0.201598 1.007752e-03 
 0.203594 1.002407e-03 
 0.205590 9.969150e-04 
 0.207586 9.912804e-04 
 0.209582 9.855087e-04 
 0.211578 9.796049e-04 
 0.213574 9.735739e-04 
 0.215570 9.674208e-04 
 0.217566 9.611503e-04 
 0.219562 9.547671e-04 
 0.221558 9.482760e-04 
 0.223554 9.416813e-04 
 0.225550 9.349877e-04 
 0.227546 9.281994e-04 
 0.229542 9.213207e-04 
 0.231538 9.143558e-04 
 0.233534 9.073087e-04 
 0.235530 9.001835e-04 
 0.237526 8.929841e-04 
 0.239522 8.857143e-04 
 0.241518 8.783781e-04 
 0.243514 8.709791e-04 
 0.245510 8.635211e-04 
 0.247506 8.560077e-04 
 0.249502 8.484426e-04 
 0.251498 8.408292e-04 
 0.253494 8.331712e-04 
 0.255490 8.254718e-04 
 0.257486 8.177345e-04 
 0.259482 8.099626e-04 
 0.261478 8.021592e-04 
 0.263474 7.943276e-04 
 0.265470 7.864707e-04 
 0.267466 7.785915e-04 
 0.269462 7.706929e-04 
 0.271458 7.627777e-04 
 0.273454 7.548488e-04 
 0.275450 7.469087e-04 
 0.277446 7.389601e-04 
 0.279442 7.310056e-04 
 0.281438 7.230478e-04 
 0.283434 7.150891e-04 
 0.285430 7.071319e-04 
 0.287426 6.991789e-04 
 0.289422 6.912322e-04 
 0.291418 6.832942e-04 
 0.293414 6.753673e-04 
 0.295410 6.674536e-04 
 0.297406 6.595553e-04 
 0.299402 6.516744e-04 
 0.301398 6.438129e-04 
 0.303394 6.359728e-04 
 0.305390 6.281558e-04 
 0.307386 6.203637e-04 
 0.309382 6.125980e-04 
 0.311378 6.048604e-04 
 0.313374 5.971523e-04 
 0.315370 5.894751e-04 
 0.317366 5.818303e-04 
 0.319362 5.742192e-04 
 0.321358 5.666432e-04 
 0.323354 5.591034e-04 
 0.325350 5.516013e-04 
 0.327346 5.441382e-04 
 0.329342 5.367152e-04 
 0.331338 5.293337e-04 
 0.333334 5.219948e-04 
 0.335330 5.146999e-04 
 0.337326 5.074500e-04 
 0.339322 5.002463e-04 
 0.341318 4.930899e-04 
 0.343314 4.859818e-04 
 0.345310 4.789230e-04 
 0.347306 4.719144e-04 
 0.349302 4.649568e-04 
 0.351298 4.580512e-04 
 0.353294 4.511983e-04 
 0.355290 4.443988e-04 
 0.357286 4.376535e-04 
 0.359282 4.309630e-04 
 0.361278 4.243279e-04 
 0.363274 4.177489e-04 
 0.365270 4.112266e-04 
 0.367266 4.047614e-04 
 0.369262 3.983541e-04 
 0.371258 3.920050e-04 
 0.373254 3.857146e-04 
 0.375250 3.794834e-04 
 0.377246 3.733119e-04 
 0.379242 3.672004e-04 
 0.381238 3.611493e-04 
 0.383234 3.551589e-04 
 0.385230 3.492295e-04 
 0.387226 3.433614e-04 
 0.389222 3.375547e-04 
 0.391218 3.318097e-04 
 0.393214 3.261265e-04 
 0.395210 3.205052e-04 
 0.397206 3.149459e-04 
 0.399202 3.094488e-04 
 0.401198 3.040138e-04 
 0.403194 2.986411e-04 
 0.405190 2.933305e-04 
 0.407186 2.880821e-04 
 0.409182 2.828958e-04 
 0.411178 2.777716e-04 
 0.413174 2.727095e-04 
 0.415170 2.677094e-04 
 0.417166 2.627710e-04 
 0.419162 2.578944e-04 
 0.421158 2.530794e-04 
 0.423154 2.483258e-04 
 0.425150 2.436335e-04 
 0.427146 2.390022e-04 
 0.429142 2.344318e-04 
 0.431138 2.299220e-04 
 0.433134 2.254726e-04 
 0.435130 2.210833e-04 
 0.437126 2.167539e-04 
 0.439122 2.124842e-04 
 0.441118 2.082738e-04 
 0.443114 2.041224e-04 
 0.445110 2.000298e-04 
 0.447106 1.959957e-04 
 0.449102 1.920197e-04 
 0.451098 1.881016e-04 
 0.453094 1.842409e-04 
 0.455090 1.804375e-04 
 0.457086 1.766909e-04 
 0.459082 1.730008e-04 
 0.461078 1.693669e-04 
 0.463074 1.657887e-04 
 0.465070 1.622660e-04 
 0.467066 1.587984e-04 
 0.469062 1.553854e-04 
 0.471058 1.520268e-04 
 0.473054 1.487221e-04 
 0.475050 1.454709e-04 
 0.477046 1.422727e-04 
 0.479042 1.391273e-04 
 0.481038 1.360340e-04 
 0.483034 1.329926e-04 
 0.485030 1.300024e-04 
 0.487026 1.270631e-04 
 0.489022 1.241741e-04 
 0.491018 1.213349e-04 
 0.493014 1.185450e-04 
 0.495010 1.158039e-04 
 0.497006 1.131110e-04 
 0.499002 1.104659e-04 
 0.500999 1.078680e-04 
 0.502995 1.053167e-04 
 0.504991 1.028116e-04 
 0.506987 1.003521e-04 
 0.508983 9.793764e-05 
 0.510979 9.556780e-05 
 0.512975 9.324202e-05 
 0.514971 9.095978e-05 
 0.516967 8.872059e-05 
 0.518963 8.652393e-05 
 0.520959 8.436932e-05 
 0.522955 8.225625e-05 
 0.524951 8.018423e-05 
 0.526947 7.815277e-05 
 0.528943 7.616140e-05 
 0.530939 7.420962e-05 
 0.532935 7.229696e-05 
 0.534931 7.042293e-05 
 0.536927 6.858704e-05 
 0.538923 6.678882e-05 
 0.540919 6.502777e-05 
 0.542915 6.330339e-05 
 0.544911 6.161519e-05 
 0.546907 5.996264e-05 
 0.548903 5.834523e-05 
 0.550899 5.676244e-05 
 0.552895 5.521375e-05 
 0.554891 5.369863e-05 
 0.556887 5.221657e-05 
 0.558883 5.076704e-05 
 0.560879 4.934953e-05 
 0.562875 4.796353e-05 
 0.564871 4.660855e-05 
 0.566867 4.528409e-05 
 0.568863 4.398969e-05 
 0.570859 4.272486e-05 
 0.572855 4.148914e-05 
 0.574851 4.028207e-05 
 0.576847 3.910320e-05 
 0.578843 3.795206e-05 
 0.580839 3.682821e-05 
 0.582835 3.573120e-05 
 0.584831 3.466056e-05 
 0.586827 3.361585e-05 
 0.588823 3.259660e-05 
 0.590819 3.160236e-05 
 0.592815 3.063266e-05 
 0.594811 2.968707e-05 
 0.596807 2.876512e-05 
 0.598803 2.786636e-05 
 0.600799 2.699036e-05 
 0.602795 2.613667e-05 
 0.604791 2.530486e-05 
 0.606787 2.449452e-05 
 0.608783 2.370523e-05 
 0.610779 2.293658e-05 
 0.612775 2.218816e-05 
 0.614771 2.145959e-05 
 0.616767 2.075046e-05 
 0.618763 2.006041e-05 
 0.620759 1.938905e-05 
 0.622755 1.873600e-05 
 0.624751 1.810090e-05 
 0.626747 1.748339e-05 
 0.628743 1.688310e-05 
 0.630739 1.629967e-05 
 0.632735 1.573277e-05 
 0.634731 1.518203e-05 
 0.636727 1.464712e-05 
 0.638723 1.412769e-05 
 0.640719 1.362341e-05 
 0.642715 1.313395e-05 
 0.644711 1.265898e-05 
 0.646707 1.219817e-05 
 0.648703 1.175121e-05 
 0.650699 1.131776e-05 
 0.652695 1.089752e-05 
 0.654691 1.049018e-05 
 0.656687 1.009543e-05 
 0.658683 9.712965e-06 
 0.660679 9.342497e-06 
 0.662675 8.983732e-06 
 0.664671 8.636383e-06 
 0.666667 8.300172e-06 
 0.668663 7.974823e-06 
 0.670659 7.660068e-06 
 0.672655 7.355641e-06 
 0.674651 7.061283e-06 
 0.676647 6.776737e-06 
 0.678643 6.501752e-06 
 0.680639 6.236079e-06 
 0.682635 5.979474e-06 
 0.684631 5.731692e-06 
 0.686627 5.492495e-06 
 0.688623 5.261646e-06 
 0.690619 5.038912e-06 
 0.692615 4.824062e-06 
 0.694611 4.616870e-06 
 0.696607 4.417116e-06 
 0.698603 4.224581e-06 
 0.700599 4.039053e-06 
 0.702595 3.860326e-06 
 0.704591 3.688200e-06 
 0.706587 3.522478e-06 
 0.708583 3.362973e-06 
 0.710579 3.209500e-06 
 0.712575 3.061881e-06 
 0.714571 2.919941e-06 
 0.716567 2.783512e-06 
 0.718563 2.652427e-06 
 0.720559 2.526526e-06 
 0.722555 2.405648e-06 
 0.724551 2.289640e-06 
 0.726547 2.178349e-06 
 0.728543 2.071623e-06 
 0.730539 1.969317e-06 
 0.732535 1.871285e-06 
 0.734531 1.777386e-06 
 0.736527 1.687481e-06 
 0.738523 1.601435e-06 
 0.740519 1.519114e-06 
 0.742515 1.440387e-06 
 0.744511 1.365128e-06 
 0.746507 1.293211e-06 
 0.748503 1.224515e-06 
 0.750499 1.158921e-06 
 0.752495 1.096314e-06 
 0.754491 1.036580e-06 
 0.756487 9.796100e-07 
 0.758483 9.252981e-07 
 0.760479 8.735410e-07 
 0.762475 8.242389e-07 
 0.764471 7.772959e-07 
 0.766467 7.326194e-07 
 0.768463 6.901201e-07 
 0.770459 6.497119e-07 
 0.772455 6.113118e-07 
 0.774451 5.748396e-07 
 0.776447 5.402178e-07 
 0.778443 5.073713e-07 
 0.780439 4.762275e-07 
 0.782435 4.467155e-07 
 0.784431 4.187665e-07 
 0.786427 3.923135e-07 
 0.788423 3.672911e-07 
 0.790419 3.436357e-07 
 0.792415 3.212858e-07 
 0.794411 3.001814e-07 
 0.796407 2.802646e-07 
 0.798403 2.614795e-07 
 0.800399 2.437720e-07 
 0.802395 2.270902e-07 
 0.804391 2.113843e-07 
 0.806387 1.966066e-07 
 0.808383 1.827116e-07 
 0.810379 1.696554e-07 
 0.812375 1.573964e-07 
 0.814371 1.458945e-07 
 0.816367 1.351113e-07 
 0.818363 1.250102e-07 
 0.820359 1.155560e-07 
 0.822355 1.067149e-07 
 0.824351 9.845438e-08 
 0.826347 9.074332e-08 
 0.828343 8.355168e-08 
 0.830339 7.685067e-08 
 0.832335 7.061265e-08 
 0.834332 6.481116e-08 
 0.836328 5.942086e-08 
 0.838324 5.441751e-08 
 0.840320 4.977797e-08 
 0.842316 4.548014e-08 
 0.844312 4.150299e-08 
 0.846308 3.782649e-08 
 0.848304 3.443163e-08 
 0.850300 3.130032e-08 
 0.852296 2.841542e-08 
 0.854292 2.576065e-08 
 0.856288 2.332063e-08 
 0.858284 2.108078e-08 
 0.860280 1.902732e-08 
 0.862276 1.714723e-08 
 0.864272 1.542822e-08 
 0.866268 1.385868e-08 
 0.868264 1.242768e-08 
 0.870260 1.112494e-08 
 0.872256 9.940781e-09 
 0.874252 8.866133e-09 
 0.876248 7.892480e-09 
 0.878244 7.011843e-09 
 0.880240 6.216758e-09 
 0.882236 5.500238e-09 
 0.884232 4.855746e-09 
 0.886228 4.277175e-09 
 0.888224 3.758827e-09 
 0.890220 3.295394e-09 
 0.892216 2.881947e-09 
 0.894212 2.513913e-09 
 0.896208 2.187057e-09 
 0.898204 1.897468e-09 
 0.900200 1.641537e-09 
 0.902196 1.415938e-09 
 0.904192 1.217608e-09 
 0.906188 1.043731e-09 
 0.908184 8.917266e-10 
 0.910180 7.592357e-10 
 0.912176 6.441098e-10 
 0.914172 5.443975e-10 
 0.916168 4.583318e-10 
 0.918164 3.843169e-10 
 0.920160 3.209140e-10 
 0.922156 2.668265e-10 
 0.924152 2.208848e-10 
 0.926148 1.820350e-10 
 0.928144 1.493320e-10 
 0.930140 1.219331e-10 
 0.932136 9.909077e-11 
 0.934132 8.014611e-11 
 0.936128 6.452133e-11 
 0.938124 5.171260e-11 
 0.940120 4.128220e-11 
 0.942116 3.285006e-11 
 0.944112 2.608504e-11 
 0.946108 2.069876e-11 
 0.948104 1.644250e-11 
 0.950100 1.310401e-11 
 0.952096 1.050435e-11 
 0.954092 8.494610e-12 
 0.956088 6.952562e-12 
 0.958084 5.779067e-12 
 0.960080 4.894301e-12 
 0.962076 4.233472e-12 
 0.964072 3.742383e-12 
 0.966068 3.374712e-12 
 0.968064 3.091546e-12 
 0.970060 2.860901e-12 
 0.972056 2.657321e-12 
 0.974052 2.461449e-12 
 0.976048 2.259617e-12 
 0.978044 2.043438e-12 
 0.980040 1.809428e-12 
 0.982036 1.558684e-12 
 0.984032 1.296560e-12 
 0.986028 1.031978e-12 
 0.988024 7.762307e-13 
 0.990020 5.417000e-13 
 0.992016 3.404453e-13 
 0.994012 1.826207e-13 
 0.996008 7.468464e-14 
 0.998004 1.670023e-14 