
 0.001997 2.923509e-04 
 0.003993 5.510439e-04 
 0.005989 7.882536e-04 
 0.007985 1.008342e-03 
 0.009981 1.214074e-03 
 0.011977 1.407287e-03 
 0.013973 1.589364e-03 
 0.015969 1.761378e-03 
 0.017965 1.924201e-03 
 0.019961 2.078554e-03 
 0.021957 2.225051e-03 
 0.023953 2.364220e-03 
 0.025949 2.496523e-03 
 0.027945 2.622367e-03 
 0.029941 2.742115e-03 
 0.031937 2.856095e-03 
 0.033933 2.964602e-03 
 0.035929 3.067905e-03 
 0.037925 3.166250e-03 
 0.039921 3.259864e-03 
 0.041917 3.348956e-03 
 0.043913 3.433721e-03 
 0.045909 3.514340e-03 
 0.047905 3.590981e-03 
 0.049901 3.663801e-03 
 0.051897 3.732951e-03 
 0.053893 3.798568e-03 
 0.055889 3.860785e-03 
 0.057885 3.919727e-03 
 0.059881 3.975510e-03 
 0.061877 4.028248e-03 
 0.063873 4.078046e-03 
 0.065869 4.125006e-03 
 0.067865 4.169223e-03 
 0.069861 4.210791e-03 
 0.071857 4.249797e-03 
 0.073853 4.286325e-03 
 0.075849 4.320456e-03 
 0.077845 4.352267e-03 
 0.079841 4.381833e-03 
 0.081837 4.409226e-03 
 0.083833 4.434513e-03 
 0.085829 4.457761e-03 
 0.087825 4.479034e-03 
 0.089821 4.498393e-03 
 0.091817 4.515897e-03 
 0.093813 4.531605e-03 
 0.095809 4.545570e-03 
 0.097805 4.557847e-03 
 0.099801 4.568487e-03 
 0.101797 4.577541e-03 
 0.103793 4.585057e-03 
 0.105789 4.591082e-03 
 0.107785 4.595661e-03 
 0.109781 4.598840e-03 
 0.111777 4.600660e-03 
 0.113773 4.601164e-03 
 0.115769 4.600393e-03 
 0.117765 4.598384e-03 
 0.119761 4.595178e-03 
 0.121757 4.590810e-03 
 0.123753 4.585318e-03 
 0.125749 4.578736e-03 
 0.127745 4.571098e-03 
 0.129741 4.562439e-03 
 0.131737 4.552790e-03 
 0.133733 4.542183e-03 
 0.135729 4.530649e-03 
 0.137725 4.518218e-03 
 0.139721 4.504920e-03 
 0.141717 4.490783e-03 
 0.143713 4.475835e-03 
 0.145709 4.460103e-03 
 0.147705 4.443613e-03 
 0.149701 4.426392e-03 
 0.151697 4.408465e-03 
 0.153693 4.389857e-03 
 0.155689 4.370591e-03 
 0.157685 4.350691e-03 
 0.159681 4.330180e-03 
 0.161677 4.309080e-03 
 0.163673 4.287414e-03 
 0.165669 4.265203e-03 
 0.167666 4.242468e-03 
 0.169662 4.219228e-03 
 0.171658 4.195505e-03 
 0.173654 4.171317e-03 
 0.175650 4.146683e-03 
 0.177646 4.121623e-03 
 0.179642 4.096155e-03 
 0.181638 4.070295e-03 
 0.183634 4.044062e-03 
 0.185630 4.017472e-03 
 0.187626 3.990543e-03 
 0.189622 3.963289e-03 
 0.191618 3.935728e-03 
 0.193614 3.907875e-03 
 0.195610 3.879744e-03 
 0.197606 3.851351e-03 
 0.199602 3.822710e-03 
 0.201598 3.793834e-03 
 0.203594 3.764739e-03 
 0.205590 3.735437e-03 
 0.207586 3.705942e-03 
 0.209582 3.676266e-03 
 0.211578 3.646422e-03 
 0.213574 3.616422e-03 
 0.215570 3.586278e-03 
 0.217566 3.556003e-03 
 0.219562 3.525606e-03 
 0.221558 3.495100e-03 
 0.223554 3.464496e-03 
 0.225550 3.433803e-03 
 0.227546 3.403033e-03 
 0.229542 3.372195e-03 
 0.231538 3.341300e-03 
 0.233534 3.310357e-03 
 0.235530 3.279375e-03 
 0.237526 3.248363e-03 
 0.239522 3.217331e-03 
 0.241518 3.186288e-03 
 0.243514 3.155240e-03 
 0.245510 3.124198e-03 
 0.247506 3.093169e-03 
 0.249502 3.062161e-03 
 0.251498 3.031181e-03 
 0.253494 3.000237e-03 
 0.255490 2.969336e-03 
 0.257486 2.938485e-03 
 0.259482 2.907691e-03 
 0.261478 2.876961e-03 
 0.263474 2.846301e-03 
 0.265470 2.815718e-03 
 0.267466 2.785217e-03 
 0.269462 2.754804e-03 
 0.271458 2.724485e-03 
 0.273454 2.694267e-03 
 0.275450 2.664153e-03 
 0.277446 2.634150e-03 
 0.279442 2.604262e-03 
 0.281438 2.574495e-03 
 0.283434 2.544853e-03 
 0.285430 2.515341e-03 
 0.287426 2.485963e-03 
 0.289422 2.456723e-03 
 0.291418 2.427627e-03 
 0.293414 2.398677e-03 
 0.295410 2.369877e-03 
 0.297406 2.341232e-03 
 0.299402 2.312746e-03 
 0.301398 2.284420e-03 
 0.303394 2.256259e-03 
 0.305390 2.228267e-03 
 0.307386 2.200445e-03 
 0.309382 2.172798e-03 
 0.311378 2.145327e-03 
 0.313374 2.118036e-03 
 0.315370 2.090927e-03 
 0.317366 2.064003e-03 
 0.319362 2.037266e-03 
 0.321358 2.010718e-03 
 0.323354 1.984362e-03 
 0.325350 1.958199e-03 
 0.327346 1.932232e-03 
 0.329342 1.906461e-03 
 0.331338 1.880890e-03 
 0.333334 1.855520e-03 
 0.335330 1.830351e-03 
 0.337326 1.805387e-03 
 0.339322 1.780627e-03 
 0.341318 1.756073e-03 
 0.343314 1.731727e-03 
 0.345310 1.707589e-03 
 0.347306 1.683661e-03 
 0.349302 1.659943e-03 
 0.351298 1.636437e-03 
 0.353294 1.613142e-03 
 0.355290 1.590060e-03 
 0.357286 1.567191e-03 
 0.359282 1.544536e-03 
 0.361278 1.522095e-03 
 0.363274 1.499868e-03 
 0.365270 1.477857e-03 
 0.367266 1.456060e-03 
 0.369262 1.434479e-03 
 0.371258 1.413113e-03 
 0.373254 1.391963e-03 
 0.375250 1.371028e-03 
 0.377246 1.350308e-03 
 0.379242 1.329803e-03 
 0.381238 1.309514e-03 
 0.383234 1.289439e-03 
 0.385230 1.269579e-03 
 0.387226 1.249933e-03 
 0.389222 1.230500e-03 
 0.391218 1.211281e-03 
 0.393214 1.192274e-03 
 0.395210 1.173480e-03 
 0.397206 1.154897e-03 
 0.399202 1.136525e-03 
 0.401198 1.118364e-03 
 0.403194 1.100411e-03 
 0.405190 1.082668e-03 
 0.407186 1.065133e-03 
 0.409182 1.047804e-03 
 0.411178 1.030682e-03 
 0.413174 1.013766e-03 
 0.415170 9.970535e-04 
 0.417166 9.805445e-04 
 0.419162 9.642380e-04 
 0.421158 9.481328e-04 
 0.423154 9.322279e-04 
 0.425150 9.165222e-04 
 0.427146 9.010144e-04 
 0.429142 8.857036e-04 
 0.431138 8.705885e-04 
 0.433134 8.556679e-04 
 0.435130 8.409405e-04 
 0.437126 8.264052e-04 
 0.439122 8.120606e-04 
 0.441118 7.979054e-04 
 0.443114 7.839385e-04 
 0.445110 7.701583e-04 
 0.447106 7.565636e-04 
 0.449102 7.431530e-04 
 0.451098 7.299251e-04 
 0.453094 7.168786e-04 
 0.455090 7.040120e-04 
 0.457086 6.913239e-04 
 0.459082 6.788129e-04 
 0.461078 6.664774e-04 
 0.463074 6.543162e-04 
 0.465070 6.423276e-04 
 0.467066 6.305102e-04 
 0.469062 6.188626e-04 
 0.471058 6.073832e-04 
 0.473054 5.960705e-04 
 0.475050 5.849231e-04 
 0.477046 5.739393e-04 
 0.479042 5.631177e-04 
 0.481038 5.524568e-04 
 0.483034 5.419550e-04 
 0.485030 5.316108e-04 
 0.487026 5.214227e-04 
 0.489022 5.113891e-04 
 0.491018 5.015084e-04 
 0.493014 4.917792e-04 
 0.495010 4.821998e-04 
 0.497006 4.727688e-04 
 0.499002 4.634846e-04 
 0.500999 4.543456e-04 
 0.502995 4.453503e-04 
 0.504991 4.364972e-04 
 0.506987 4.277847e-04 
 0.508983 4.192113e-04 
 0.510979 4.107754e-04 
 0.512975 4.024755e-04 
 0.514971 3.943101e-04 
 0.516967 3.862776e-04 
 0.518963 3.783766e-04 
 0.520959 3.706055e-04 
 0.522955 3.629627e-04 
 0.524951 3.554469e-04 
 0.526947 3.480564e-04 
 0.528943 3.407898e-04 
 0.530939 3.336457e-04 
 0.532935 3.266224e-04 
 0.534931 3.197185e-04 
 0.536927 3.129327e-04 
 0.538923 3.062633e-04 
 0.540919 2.997089e-04 
 0.542915 2.932682e-04 
 0.544911 2.869395e-04 
 0.546907 2.807216e-04 
 0.548903 2.746130e-04 
 0.550899 2.686123e-04 
 0.552895 2.627180e-04 
 0.554891 2.569288e-04 
 0.556887 2.512432e-04 
 0.558883 2.456600e-04 
 0.560879 2.401776e-04 
 0.562875 2.347948e-04 
 0.564871 2.295102e-04 
 0.566867 2.243225e-04 
 0.568863 2.192303e-04 
 0.570859 2.142323e-04 
 0.572855 2.093272e-04 
 0.574851 2.045136e-04 
 0.576847 1.997904e-04 
 0.578843 1.951562e-04 
 0.580839 1.906097e-04 
 0.582835 1.861496e-04 
 0.584831 1.817748e-04 
 0.586827 1.774840e-04 
 0.588823 1.732760e-04 
 0.590819 1.691494e-04 
 0.592815 1.651032e-04 
 0.594811 1.611362e-04 
 0.596807 1.572470e-04 
 0.598803 1.534347e-04 
 0.600799 1.496979e-04 
 0.602795 1.460356e-04 
 0.604791 1.424467e-04 
 0.606787 1.389299e-04 
 0.608783 1.354842e-04 
 0.610779 1.321084e-04 
 0.612775 1.288015e-04 
 0.614771 1.255624e-04 
 0.616767 1.223899e-04 
 0.618763 1.192832e-04 
 0.620759 1.162410e-04 
 0.622755 1.132623e-04 
 0.624751 1.103462e-04 
 0.626747 1.074915e-04 
 0.628743 1.046974e-04 
 0.630739 1.019628e-04 
 0.632735 9.928666e-05 
 0.634731 9.666808e-05 
 0.636727 9.410608e-05 
 0.638723 9.159971e-05 
 0.640719 8.914802e-05 
 0.642715 8.675010e-05 
 0.644711 8.440501e-05 
 0.646707 8.211186e-05 
 0.648703 7.986974e-05 
 0.650699 7.767778e-05 
 0.652695 7.553509e-05 
 0.654691 7.344081e-05 
 0.656687 7.139408e-05 
 0.658683 6.939408e-05 
 0.660679 6.743995e-05 
 0.662675 6.553089e-05 
 0.664671 6.366607e-05 
 0.666667 6.184470e-05 
 0.668663 6.006599e-05 
 0.670659 5.832915e-05 
 0.672655 5.663342e-05 
 0.674651 5.497804e-05 
 0.676647 5.336225e-05 
 0.678643 5.178531e-05 
 0.680639 5.024650e-05 
 0.682635 4.874510e-05 
 0.684631 4.728039e-05 
 0.686627 4.585167e-05 
 0.688623 4.445825e-05 
 0.690619 4.309945e-05 
 0.692615 4.177460e-05 
 0.694611 4.048303e-05 
 0.696607 3.922410e-05 
 0.698603 3.799715e-05 
 0.700599 3.680156e-05 
 0.702595 3.563669e-05 
 0.704591 3.450194e-05 
 0.706587 3.339668e-05 
 0.708583 3.232033e-05 
 0.710579 3.127229e-05 
 0.712575 3.025199e-05 
 0.714571 2.925884e-05 
 0.716567 2.829229e-05 
 0.718563 2.735179e-05 
 0.720559 2.643677e-05 
 0.722555 2.554671e-05 
 0.724551 2.468108e-05 
 0.726547 2.383934e-05 
 0.728543 2.302100e-05 
 0.730539 2.222554e-05 
 0.732535 2.145246e-05 
 0.734531 2.070127e-05 
 0.736527 1.997150e-05 
 0.738523 1.926267e-05 
 0.740519 1.857430e-05 
 0.742515 1.790595e-05 
 0.744511 1.725715e-05 
 0.746507 1.662747e-05 
 0.748503 1.601647e-05 
 0.750499 1.542371e-05 
 0.752495 1.484878e-05 
 0.754491 1.429126e-05 
 0.756487 1.375074e-05 
 0.758483 1.322681e-05 
 0.760479 1.271910e-05 
 0.762475 1.222719e-05 
 0.764471 1.175073e-05 
 0.766467 1.128932e-05 
 0.768463 1.084261e-05 
 0.770459 1.041023e-05 
 0.772455 9.991820e-06 
 0.774451 9.587040e-06 
 0.776447 9.195546e-06 
 0.778443 8.817000e-06 
 0.780439 8.451073e-06 
 0.782435 8.097439e-06 
 0.784431 7.755782e-06 
 0.786427 7.425789e-06 
 0.788423 7.107154e-06 
 0.790419 6.799575e-06 
 0.792415 6.502759e-06 
 0.794411 6.216416e-06 
 0.796407 5.940262e-06 
 0.798403 5.674019e-06 
 0.800399 5.417414e-06 
 0.802395 5.170179e-06 
 0.804391 4.932054e-06 
 0.806387 4.702779e-06 
 0.808383 4.482105e-06 
 0.810379 4.269784e-06 
 0.812375 4.065574e-06 
 0.814371 3.869238e-06 
 0.816367 3.680546e-06 
 0.818363 3.499269e-06 
 0.820359 3.325185e-06 
 0.822355 3.158077e-06 
 0.824351 2.997732e-06 
 0.826347 2.843941e-06 
 0.828343 2.696500e-06 
 0.830339 2.555211e-06 
 0.832335 2.419877e-06 
 0.834332 2.290309e-06 
 0.836328 2.166320e-06 
 0.838324 2.047726e-06 
 0.840320 1.934351e-06 
 0.842316 1.826021e-06 
 0.844312 1.722564e-06 
 0.846308 1.623816e-06 
 0.848304 1.529614e-06 
 0.850300 1.439799e-06 
 0.852296 1.354218e-06 
 0.854292 1.272720e-06 
 0.856288 1.195157e-06 
 0.858284 1.121386e-06 
 0.860280 1.051267e-06 
 0.862276 9.846646e-07 
 0.864272 9.214452e-07 
 0.866268 8.614797e-07 
 0.868264 8.046421e-07 
 0.870260 7.508096e-07 
 0.872256 6.998628e-07 
 0.874252 6.516855e-07 
 0.876248 6.061648e-07 
 0.878244 5.631906e-07 
 0.880240 5.226561e-07 
 0.882236 4.844576e-07 
 0.884232 4.484941e-07 
 0.886228 4.146678e-07 
 0.888224 3.828836e-07 
 0.890220 3.530492e-07 
 0.892216 3.250753e-07 
 0.894212 2.988751e-07 
 0.896208 2.743647e-07 
 0.898204 2.514626e-07 
 0.900200 2.300901e-07 
 0.902196 2.101710e-07 
 0.904192 1.916316e-07 
 0.906188 1.744007e-07 
 0.908184 1.584095e-07 
 0.910180 1.435916e-07 
 0.912176 1.298828e-07 
 0.914172 1.172214e-07 
 0.916168 1.055478e-07 
 0.918164 9.480485e-08 
 0.920160 8.493723e-08 
 0.922156 7.589199e-08 
 0.924152 6.761819e-08 
 0.926148 6.006695e-08 
 0.928144 5.319139e-08 
 0.930140 4.694661e-08 
 0.932136 4.128964e-08 
 0.934132 3.617939e-08 
 0.936128 3.157663e-08 
 0.938124 2.744393e-08 
 0.940120 2.374565e-08 
 0.942116 2.044787e-08 
 0.944112 1.751838e-08 
 0.946108 1.492661e-08 
 0.948104 1.264364e-08 
 0.950100 1.064209e-08 
 0.952096 8.896176e-09 
 0.954092 7.381587e-09 
 0.956088 6.075495e-09 
 0.958084 4.956500e-09 
 0.960080 4.004604e-09 
 0.962076 3.201166e-09 
 0.964072 2.528869e-09 
 0.966068 1.971672e-09 
 0.968064 1.514783e-09 
 0.970060 1.144618e-09 
 0.972056 8.487659e-10 
 0.974052 6.159476e-10 
 0.976048 4.359737e-10 
 0.978044 2.997081e-10 
 0.980040 1.990300e-10 
 0.982036 1.267924e-10 
 0.984032 7.677498e-11 
 0.986028 4.363625e-11 
 0.988024 2.287305e-11 
 0.990020 1.077754e-11 
 0.992016 4.391498e-12 
 0.994012 1.456955e-12 
 0.996008 3.590813e-13 
 0.998004 6.570640e-14 