
 0.001997 -8.573546e-05 
 0.003993 -1.717881e-04 
 0.005989 -2.572002e-04 
 0.007985 -3.417315e-04 
 0.009981 -4.252455e-04 
 0.011977 -5.076748e-04 
 0.013973 -5.889767e-04 
 0.015969 -6.691261e-04 
 0.017965 -7.481071e-04 
 0.019961 -8.259108e-04 
 0.021957 -9.025324e-04 
 0.023953 -9.779702e-04 
 0.025949 -1.052225e-03 
 0.027945 -1.125299e-03 
 0.029941 -1.197194e-03 
 0.031937 -1.267917e-03 
 0.033933 -1.337471e-03 
 0.035929 -1.405862e-03 
 0.037925 -1.473095e-03 
 0.039921 -1.539177e-03 
 0.041917 -1.604115e-03 
 0.043913 -1.667914e-03 
 0.045909 -1.730581e-03 
 0.047905 -1.792123e-03 
 0.049901 -1.852546e-03 
 0.051897 -1.911859e-03 
 0.053893 -1.970066e-03 
 0.055889 -2.027176e-03 
 0.057885 -2.083195e-03 
 0.059881 -2.138130e-03 
 0.061877 -2.191988e-03 
 0.063873 -2.244775e-03 
 0.065869 -2.296500e-03 
 0.067865 -2.347168e-03 
 0.069861 -2.396786e-03 
 0.071857 -2.445361e-03 
 0.073853 -2.492900e-03 
 0.075849 -2.539410e-03 
 0.077845 -2.584898e-03 
 0.079841 -2.629369e-03 
 0.081837 -2.672832e-03 
 0.083833 -2.715292e-03 
 0.085829 -2.756757e-03 
 0.087825 -2.797232e-03 
 0.089821 -2.836726e-03 
 0.091817 -2.875244e-03 
 0.093813 -2.912793e-03 
 0.095809 -2.949379e-03 
 0.097805 -2.985010e-03 
 0.099801 -3.019692e-03 
 0.101797 -3.053432e-03 
 0.103793 -3.086235e-03 
 0.105789 -3.118110e-03 
 0.107785 -3.149062e-03 
 0.109781 -3.179099e-03 
 0.111777 -3.208226e-03 
 0.113773 -3.236450e-03 
 0.115769 -3.263778e-03 
 0.117765 -3.290218e-03 
 0.119761 -3.315774e-03 
 0.121757 -3.340455e-03 
 0.123753 -3.364266e-03 
 0.125749 -3.387215e-03 
 0.127745 -3.409307e-03 
 0.129741 -3.430551e-03 
 0.131737 -3.450952e-03 
 0.133733 -3.470518e-03 
 0.135729 -3.489254e-03 
 0.137725 -3.507169e-03 
 0.139721 -3.524268e-03 
 0.141717 -3.540558e-03 
 0.143713 -3.556047e-03 
 0.145709 -3.570742e-03 
 0.147705 -3.584648e-03 
 0.149701 -3.597773e-03 
 0.151697 -3.610125e-03 
 0.153693 -3.621709e-03 
 0.155689 -3.632533e-03 
 0.157685 -3.642605e-03 
 0.159681 -3.651930e-03 
 0.161677 -3.660516e-03 
 0.163673 -3.668371e-03 
 0.165669 -3.675500e-03 
 0.167666 -3.681913e-03 
 0.169662 -3.687615e-03 
 0.171658 -3.692613e-03 
 0.173654 -3.696916e-03 
 0.175650 -3.700531e-03 
 0.177646 -3.703464e-03 
 0.179642 -3.705723e-03 
 0.181638 -3.707315e-03 
 0.183634 -3.708248e-03 
 0.185630 -3.708530e-03 
 0.187626 -3.708167e-03 
 0.189622 -3.707167e-03 
 0.191618 -3.705538e-03 
 0.193614 -3.703288e-03 
 0.195610 -3.700423e-03 
 0.197606 -3.696951e-03 
 0.199602 -3.692881e-03 
 0.201598 -3.688220e-03 
 0.203594 -3.682975e-03 
 0.205590 -3.677154e-03 
 0.207586 -3.670765e-03 
 0.209582 -3.663817e-03 
 0.211578 -3.656315e-03 
 0.213574 -3.648270e-03 
 0.215570 -3.639687e-03 
 0.217566 -3.630577e-03 
 0.219562 -3.620945e-03 
 0.221558 -3.610800e-03 
 0.223554 -3.600151e-03 
 0.225550 -3.589005e-03 
 0.227546 -3.577371e-03 
 0.229542 -3.565255e-03 
 0.231538 -3.552668e-03 
 0.233534 -3.539615e-03 
 0.235530 -3.526107e-03 
 0.237526 -3.512150e-03 
 0.239522 -3.497754e-03 
 0.241518 -3.482925e-03 
 0.243514 -3.467674e-03 
 0.245510 -3.452007e-03 
 0.247506 -3.435933e-03 
 0.249502 -3.419460e-03 
 0.251498 -3.402597e-03 
 0.253494 -3.385351e-03 
 0.255490 -3.367732e-03 
 0.257486 -3.349747e-03 
 0.259482 -3.331405e-03 
 0.261478 -3.312715e-03 
 0.263474 -3.293683e-03 
 0.265470 -3.274319e-03 
 0.267466 -3.254632e-03 
 0.269462 -3.234629e-03 
 0.271458 -3.214319e-03 
 0.273454 -3.193710e-03 
 0.275450 -3.172810e-03 
 0.277446 -3.151629e-03 
 0.279442 -3.130173e-03 
 0.281438 -3.108452e-03 
 0.283434 -3.086474e-03 
 0.285430 -3.064247e-03 
 0.287426 -3.041780e-03 
 0.289422 -3.019080e-03 
 0.291418 -2.996156e-03 
 0.293414 -2.973016e-03 
 0.295410 -2.949669e-03 
 0.297406 -2.926122e-03 
 0.299402 -2.902384e-03 
 0.301398 -2.878463e-03 
 0.303394 -2.854367e-03 
 0.305390 -2.830103e-03 
 0.307386 -2.805681e-03 
 0.309382 -2.781109e-03 
 0.311378 -2.756393e-03 
 0.313374 -2.731542e-03 
 0.315370 -2.706564e-03 
 0.317366 -2.681467e-03 
 0.319362 -2.656258e-03 
 0.321358 -2.630946e-03 
 0.323354 -2.605538e-03 
 0.325350 -2.580041e-03 
 0.327346 -2.554464e-03 
 0.329342 -2.528814e-03 
 0.331338 -2.503097e-03 
 0.333334 -2.477323e-03 
 0.335330 -2.451497e-03 
 0.337326 -2.425628e-03 
 0.339322 -2.399723e-03 
 0.341318 -2.373788e-03 
 0.343314 -2.347830e-03 
 0.345310 -2.321858e-03 
 0.347306 -2.295877e-03 
 0.349302 -2.269895e-03 
 0.351298 -2.243918e-03 
 0.353294 -2.217954e-03 
 0.355290 -2.192007e-03 
 0.357286 -2.166086e-03 
 0.359282 -2.140197e-03 
 0.361278 -2.114345e-03 
 0.363274 -2.088538e-03 
 0.365270 -2.062781e-03 
 0.367266 -2.037080e-03 
 0.369262 -2.011442e-03 
 0.371258 -1.985871e-03 
 0.373254 -1.960375e-03 
 0.375250 -1.934958e-03 
 0.377246 -1.909627e-03 
 0.379242 -1.884386e-03 
 0.381238 -1.859241e-03 
 0.383234 -1.834198e-03 
 0.385230 -1.809260e-03 
 0.387226 -1.784434e-03 
 0.389222 -1.759724e-03 
 0.391218 -1.735136e-03 
 0.393214 -1.710673e-03 
 0.395210 -1.686340e-03 
 0.397206 -1.662142e-03 
 0.399202 -1.638084e-03 
 0.401198 -1.614168e-03 
 0.403194 -1.590400e-03 
 0.405190 -1.566784e-03 
 0.407186 -1.543323e-03 
 0.409182 -1.520020e-03 
 0.411178 -1.496881e-03 
 0.413174 -1.473908e-03 
 0.415170 -1.451104e-03 
 0.417166 -1.428473e-03 
 0.419162 -1.406018e-03 
 0.421158 -1.383742e-03 
 0.423154 -1.361648e-03 
 0.425150 -1.339739e-03 
 0.427146 -1.318017e-03 
 0.429142 -1.296485e-03 
 0.431138 -1.275146e-03 
 0.433134 -1.254001e-03 
 0.435130 -1.233053e-03 
 0.437126 -1.212305e-03 
 0.439122 -1.191757e-03 
 0.441118 -1.171412e-03 
 0.443114 -1.151271e-03 
 0.445110 -1.131337e-03 
 0.447106 -1.111611e-03 
 0.449102 -1.092093e-03 
 0.451098 -1.072786e-03 
 0.453094 -1.053691e-03 
 0.455090 -1.034808e-03 
 0.457086 -1.016139e-03 
 0.459082 -9.976844e-04 
 0.461078 -9.794451e-04 
 0.463074 -9.614217e-04 
 0.465070 -9.436147e-04 
 0.467066 -9.260247e-04 
 0.469062 -9.086520e-04 
 0.471058 -8.914969e-04 
 0.473054 -8.745595e-04 
 0.475050 -8.578399e-04 
 0.477046 -8.413382e-04 
 0.479042 -8.250541e-04 
 0.481038 -8.089877e-04 
 0.483034 -7.931385e-04 
 0.485030 -7.775062e-04 
 0.487026 -7.620904e-04 
 0.489022 -7.468906e-04 
 0.491018 -7.319062e-04 
 0.493014 -7.171365e-04 
 0.495010 -7.025808e-04 
 0.497006 -6.882384e-04 
 0.499002 -6.741082e-04 
 0.500999 -6.601895e-04 
 0.502995 -6.464811e-04 
 0.504991 -6.329821e-04 
 0.506987 -6.196912e-04 
 0.508983 -6.066074e-04 
 0.510979 -5.937293e-04 
 0.512975 -5.810557e-04 
 0.514971 -5.685852e-04 
 0.516967 -5.563165e-04 
 0.518963 -5.442481e-04 
 0.520959 -5.323784e-04 
 0.522955 -5.207060e-04 
 0.524951 -5.092293e-04 
 0.526947 -4.979467e-04 
 0.528943 -4.868565e-04 
 0.530939 -4.759570e-04 
 0.532935 -4.652466e-04 
 0.534931 -4.547233e-04 
 0.536927 -4.443856e-04 
 0.538923 -4.342315e-04 
 0.540919 -4.242591e-04 
 0.542915 -4.144668e-04 
 0.544911 -4.048524e-04 
 0.546907 -3.954142e-04 
 0.548903 -3.861502e-04 
 0.550899 -3.770585e-04 
 0.552895 -3.681370e-04 
 0.554891 -3.593838e-04 
 0.556887 -3.507969e-04 
 0.558883 -3.423743e-04 
 0.560879 -3.341140e-04 
 0.562875 -3.260139e-04 
 0.564871 -3.180720e-04 
 0.566867 -3.102863e-04 
 0.568863 -3.026547e-04 
 0.570859 -2.951752e-04 
 0.572855 -2.878457e-04 
 0.574851 -2.806641e-04 
 0.576847 -2.736284e-04 
 0.578843 -2.667365e-04 
 0.580839 -2.599865e-04 
 0.582835 -2.533761e-04 
 0.584831 -2.469035e-04 
 0.586827 -2.405664e-04 
 0.588823 -2.343630e-04 
 0.590819 -2.282912e-04 
 0.592815 -2.223489e-04 
 0.594811 -2.165342e-04 
 0.596807 -2.108449e-04 
 0.598803 -2.052793e-04 
 0.600799 -1.998352e-04 
 0.602795 -1.945106e-04 
 0.604791 -1.893037e-04 
 0.606787 -1.842125e-04 
 0.608783 -1.792350e-04 
 0.610779 -1.743694e-04 
 0.612775 -1.696137e-04 
 0.614771 -1.649660e-04 
 0.616767 -1.604244e-04 
 0.618763 -1.559872e-04 
 0.620759 -1.516525e-04 
 0.622755 -1.474183e-04 
 0.624751 -1.432831e-04 
 0.626747 -1.392448e-04 
 0.628743 -1.353018e-04 
 0.630739 -1.314524e-04 
 0.632735 -1.276947e-04 
 0.634731 -1.240271e-04 
 0.636727 -1.204479e-04 
 0.638723 -1.169553e-04 
 0.640719 -1.135478e-04 
 0.642715 -1.102238e-04 
 0.644711 -1.069814e-04 
 0.646707 -1.038193e-04 
 0.648703 -1.007358e-04 
 0.650699 -9.772937e-05 
 0.652695 -9.479842e-05 
 0.654691 -9.194148e-05 
 0.656687 -8.915704e-05 
 0.658683 -8.644363e-05 
 0.660679 -8.379978e-05 
 0.662675 -8.122408e-05 
 0.664671 -7.871510e-05 
 0.666667 -7.627144e-05 
 0.668663 -7.389174e-05 
 0.670659 -7.157465e-05 
 0.672655 -6.931882e-05 
 0.674651 -6.712296e-05 
 0.676647 -6.498576e-05 
 0.678643 -6.290595e-05 
 0.680639 -6.088229e-05 
 0.682635 -5.891354e-05 
 0.684631 -5.699849e-05 
 0.686627 -5.513595e-05 
 0.688623 -5.332474e-05 
 0.690619 -5.156371e-05 
 0.692615 -4.985174e-05 
 0.694611 -4.818769e-05 
 0.696607 -4.657049e-05 
 0.698603 -4.499905e-05 
 0.700599 -4.347231e-05 
 0.702595 -4.198924e-05 
 0.704591 -4.054881e-05 
 0.706587 -3.915002e-05 
 0.708583 -3.779189e-05 
 0.710579 -3.647345e-05 
 0.712575 -3.519376e-05 
 0.714571 -3.395187e-05 
 0.716567 -3.274688e-05 
 0.718563 -3.157789e-05 
 0.720559 -3.044402e-05 
 0.722555 -2.934440e-05 
 0.724551 -2.827819e-05 
 0.726547 -2.724456e-05 
 0.728543 -2.624269e-05 
 0.730539 -2.527178e-05 
 0.732535 -2.433106e-05 
 0.734531 -2.341975e-05 
 0.736527 -2.253710e-05 
 0.738523 -2.168238e-05 
 0.740519 -2.085486e-05 
 0.742515 -2.005384e-05 
 0.744511 -1.927861e-05 
 0.746507 -1.852851e-05 
 0.748503 -1.780287e-05 
 0.750499 -1.710104e-05 
 0.752495 -1.642237e-05 
 0.754491 -1.576625e-05 
 0.756487 -1.513207e-05 
 0.758483 -1.451923e-05 
 0.760479 -1.392714e-05 
 0.762475 -1.335523e-05 
 0.764471 -1.280294e-05 
 0.766467 -1.226973e-05 
 0.768463 -1.175505e-05 
 0.770459 -1.125839e-05 
 0.772455 -1.077923e-05 
 0.774451 -1.031708e-05 
 0.776447 -9.871435e-06 
 0.778443 -9.441828e-06 
 0.780439 -9.027789e-06 
 0.782435 -8.628861e-06 
 0.784431 -8.244598e-06 
 0.786427 -7.874564e-06 
 0.788423 -7.518334e-06 
 0.790419 -7.175492e-06 
 0.792415 -6.845632e-06 
 0.794411 -6.528359e-06 
 0.796407 -6.223284e-06 
 0.798403 -5.930032e-06 
 0.800399 -5.648233e-06 
 0.802395 -5.377527e-06 
 0.804391 -5.117565e-06 
 0.806387 -4.868005e-06 
 0.808383 -4.628512e-06 
 0.810379 -4.398762e-06 
 0.812375 -4.178437e-06 
 0.814371 -3.967228e-06 
 0.816367 -3.764834e-06 
 0.818363 -3.570961e-06 
 0.820359 -3.385323e-06 
 0.822355 -3.207642e-06 
 0.824351 -3.037646e-06 
 0.826347 -2.875071e-06 
 0.828343 -2.719659e-06 
 0.830339 -2.571159e-06 
 0.832335 -2.429329e-06 
 0.834332 -2.293930e-06 
 0.836328 -2.164731e-06 
 0.838324 -2.041509e-06 
 0.840320 -1.924045e-06 
 0.842316 -1.812126e-06 
 0.844312 -1.705546e-06 
 0.846308 -1.604104e-06 
 0.848304 -1.507606e-06 
 0.850300 -1.415862e-06 
 0.852296 -1.328687e-06 
 0.854292 -1.245904e-06 
 0.856288 -1.167339e-06 
 0.858284 -1.092823e-06 
 0.860280 -1.022194e-06 
 0.862276 -9.552927e-07 
 0.864272 -8.919656e-07 
 0.866268 -8.320638e-07 
 0.868264 -7.754430e-07 
 0.870260 -7.219631e-07 
 0.872256 -6.714888e-07 
 0.874252 -6.238888e-07 
 0.876248 -5.790361e-07 
 0.878244 -5.368077e-07 
 0.880240 -4.970847e-07 
 0.882236 -4.597521e-07 
 0.884232 -4.246987e-07 
 0.886228 -3.918170e-07 
 0.888224 -3.610032e-07 
 0.890220 -3.321571e-07 
 0.892216 -3.051820e-07 
 0.894212 -2.799844e-07 
 0.896208 -2.564745e-07 
 0.898204 -2.345653e-07 
 0.900200 -2.141733e-07 
 0.902196 -1.952180e-07 
 0.904192 -1.776219e-07 
 0.906188 -1.613105e-07 
 0.908184 -1.462120e-07 
 0.910180 -1.322577e-07 
 0.912176 -1.193813e-07 
 0.914172 -1.075194e-07 
 0.916168 -9.661121e-08 
 0.918164 -8.659830e-08 
 0.920160 -7.742483e-08 
 0.922156 -6.903733e-08 
 0.924152 -6.138471e-08 
 0.926148 -5.441812e-08 
 0.928144 -4.809094e-08 
 0.930140 -4.235871e-08 
 0.932136 -3.717909e-08 
 0.934132 -3.251180e-08 
 0.936128 -2.831850e-08 
 0.938124 -2.456283e-08 
 0.940120 -2.121027e-08 
 0.942116 -1.822818e-08 
 0.944112 -1.558566e-08 
 0.946108 -1.325353e-08 
 0.948104 -1.120429e-08 
 0.950100 -9.412054e-09 
 0.952096 -7.852521e-09 
 0.954092 -6.502908e-09 
 0.956088 -5.341898e-09 
 0.958084 -4.349600e-09 
 0.960080 -3.507507e-09 
 0.962076 -2.798450e-09 
 0.964072 -2.206549e-09 
 0.966068 -1.717153e-09 
 0.968064 -1.316807e-09 
 0.970060 -9.932148e-10 
 0.972056 -7.351916e-10 
 0.974052 -5.326182e-10 
 0.976048 -3.763886e-10 
 0.978044 -2.583736e-10 
 0.980040 -1.713813e-10 
 0.982036 -1.091117e-10 
 0.984032 -6.610219e-11 
 0.986028 -3.767333e-11 
 0.988024 -1.989141e-11 
 0.990020 -9.529744e-12 
 0.992016 -4.027709e-12 
 0.994012 -1.447063e-12 
 0.996008 -4.205242e-13 
 0.998004 -9.310514e-14 