
 1.000000e-06 2.138789e-04 2.146932e+01 1.073477e+01 1.073455e+01
 1.027960e-06 2.186206e-04 2.125145e+01 1.062583e+01 1.062561e+01
 1.056701e-06 2.234660e-04 2.103561e+01 1.051792e+01 1.051769e+01
 1.086246e-06 2.284174e-04 2.082178e+01 1.041100e+01 1.041077e+01
 1.116617e-06 2.334772e-04 2.060995e+01 1.030509e+01 1.030486e+01
 1.147837e-06 2.386476e-04 2.040009e+01 1.020016e+01 1.019993e+01
 1.179930e-06 2.439310e-04 2.019220e+01 1.009622e+01 1.009598e+01
 1.212920e-06 2.493299e-04 1.998625e+01 9.993250e+00 9.993001e+00
 1.246833e-06 2.548468e-04 1.978223e+01 9.891243e+00 9.890988e+00
 1.281694e-06 2.604841e-04 1.958012e+01 9.790191e+00 9.789931e+00
 1.317530e-06 2.662446e-04 1.937991e+01 9.690087e+00 9.689821e+00
 1.354368e-06 2.721307e-04 1.918157e+01 9.590923e+00 9.590651e+00
 1.392235e-06 2.781453e-04 1.898510e+01 9.492690e+00 9.492412e+00
 1.431161e-06 2.842910e-04 1.879048e+01 9.395380e+00 9.395096e+00
 1.471176e-06 2.905707e-04 1.859768e+01 9.298985e+00 9.298695e+00
 1.512310e-06 2.969873e-04 1.840670e+01 9.203498e+00 9.203201e+00
 1.554593e-06 3.035438e-04 1.821752e+01 9.108910e+00 9.108606e+00
 1.598059e-06 3.102430e-04 1.803012e+01 9.015214e+00 9.014904e+00
 1.642740e-06 3.170881e-04 1.784449e+01 8.922402e+00 8.922085e+00
 1.688670e-06 3.240822e-04 1.766061e+01 8.830466e+00 8.830142e+00
 1.735885e-06 3.312284e-04 1.747847e+01 8.739400e+00 8.739068e+00
 1.784420e-06 3.385301e-04 1.729805e+01 8.649194e+00 8.648855e+00
 1.834311e-06 3.459906e-04 1.711934e+01 8.559842e+00 8.559496e+00
 1.885598e-06 3.536132e-04 1.694232e+01 8.471337e+00 8.470983e+00
 1.938319e-06 3.614015e-04 1.676698e+01 8.383670e+00 8.383309e+00
 1.992513e-06 3.693589e-04 1.659330e+01 8.296835e+00 8.296466e+00
 2.048223e-06 3.774891e-04 1.642127e+01 8.210825e+00 8.210447e+00
 2.105491e-06 3.857957e-04 1.625088e+01 8.125632e+00 8.125246e+00
 2.164359e-06 3.942826e-04 1.608210e+01 8.041249e+00 8.040855e+00
 2.224874e-06 4.029536e-04 1.591494e+01 7.957669e+00 7.957266e+00
 2.287080e-06 4.118126e-04 1.574936e+01 7.874886e+00 7.874474e+00
 2.351026e-06 4.208636e-04 1.558536e+01 7.792891e+00 7.792470e+00
 2.416760e-06 4.301107e-04 1.542293e+01 7.711679e+00 7.711248e+00
 2.484332e-06 4.395581e-04 1.526204e+01 7.631242e+00 7.630802e+00
 2.553793e-06 4.492100e-04 1.510270e+01 7.551573e+00 7.551124e+00
 2.625196e-06 4.590708e-04 1.494487e+01 7.472667e+00 7.472208e+00
 2.698595e-06 4.691449e-04 1.478856e+01 7.394516e+00 7.394046e+00
 2.774047e-06 4.794369e-04 1.463375e+01 7.317113e+00 7.316633e+00
 2.851608e-06 4.899515e-04 1.448041e+01 7.240452e+00 7.239962e+00
 2.931338e-06 5.006932e-04 1.432855e+01 7.164527e+00 7.164026e+00
 3.013297e-06 5.116670e-04 1.417815e+01 7.089331e+00 7.088819e+00
 3.097547e-06 5.228777e-04 1.402919e+01 7.014857e+00 7.014334e+00
 3.184154e-06 5.343305e-04 1.388167e+01 6.941100e+00 6.940566e+00
 3.273181e-06 5.460304e-04 1.373556e+01 6.868053e+00 6.867507e+00
 3.364698e-06 5.579826e-04 1.359086e+01 6.795709e+00 6.795151e+00
 3.458774e-06 5.701926e-04 1.344756e+01 6.724063e+00 6.723493e+00
 3.555480e-06 5.826657e-04 1.330563e+01 6.653108e+00 6.652526e+00
 3.654890e-06 5.954075e-04 1.316508e+01 6.582839e+00 6.582243e+00
 3.757079e-06 6.084238e-04 1.302589e+01 6.513248e+00 6.512640e+00
 3.862125e-06 6.217203e-04 1.288804e+01 6.444331e+00 6.443709e+00
 3.970109e-06 6.353029e-04 1.275153e+01 6.376081e+00 6.375446e+00
 4.081111e-06 6.491777e-04 1.261634e+01 6.308493e+00 6.307843e+00
 4.195218e-06 6.633508e-04 1.248246e+01 6.241559e+00 6.240896e+00
 4.312514e-06 6.778286e-04 1.234987e+01 6.175276e+00 6.174598e+00
 4.433090e-06 6.926175e-04 1.221858e+01 6.109636e+00 6.108943e+00
 4.557038e-06 7.077239e-04 1.208856e+01 6.044635e+00 6.043927e+00
 4.684451e-06 7.231547e-04 1.195981e+01 5.980266e+00 5.979542e+00
 4.815426e-06 7.389166e-04 1.183231e+01 5.916523e+00 5.915784e+00
 4.950064e-06 7.550167e-04 1.170605e+01 5.853402e+00 5.852647e+00
 5.088465e-06 7.714619e-04 1.158102e+01 5.790897e+00 5.790126e+00
 5.230737e-06 7.882597e-04 1.145722e+01 5.729002e+00 5.728214e+00
 5.376986e-06 8.054173e-04 1.133462e+01 5.667712e+00 5.666907e+00
 5.527325e-06 8.229424e-04 1.121322e+01 5.607022e+00 5.606199e+00
 5.681866e-06 8.408426e-04 1.109301e+01 5.546925e+00 5.546084e+00
 5.840729e-06 8.591259e-04 1.097398e+01 5.487417e+00 5.486558e+00
 6.004034e-06 8.778002e-04 1.085611e+01 5.428493e+00 5.427615e+00
 6.171904e-06 8.968738e-04 1.073940e+01 5.370147e+00 5.369250e+00
 6.344468e-06 9.163551e-04 1.062383e+01 5.312374e+00 5.311458e+00
 6.521857e-06 9.362524e-04 1.050940e+01 5.255169e+00 5.254233e+00
 6.704205e-06 9.565747e-04 1.039610e+01 5.198527e+00 5.197571e+00
 6.891652e-06 9.773307e-04 1.028391e+01 5.142443e+00 5.141466e+00
 7.084340e-06 9.985295e-04 1.017282e+01 5.086912e+00 5.085913e+00
 7.282415e-06 1.020180e-03 1.006284e+01 5.031928e+00 5.030908e+00
 7.486029e-06 1.042293e-03 9.953933e+00 4.977488e+00 4.976445e+00
 7.695335e-06 1.064876e-03 9.846105e+00 4.923585e+00 4.922520e+00
 7.910494e-06 1.087941e-03 9.739343e+00 4.870216e+00 4.869128e+00
 8.131668e-06 1.111496e-03 9.633638e+00 4.817375e+00 4.816263e+00
 8.359026e-06 1.135553e-03 9.528979e+00 4.765057e+00 4.763922e+00
 8.592741e-06 1.160122e-03 9.425358e+00 4.713259e+00 4.712099e+00
 8.832991e-06 1.185212e-03 9.322764e+00 4.661975e+00 4.660789e+00
 9.079958e-06 1.210836e-03 9.221189e+00 4.611200e+00 4.609989e+00
 9.333830e-06 1.237005e-03 9.120623e+00 4.560930e+00 4.559693e+00
 9.594800e-06 1.263728e-03 9.021058e+00 4.511161e+00 4.509897e+00
 9.863067e-06 1.291019e-03 8.922484e+00 4.461887e+00 4.460596e+00
 1.013883e-05 1.318889e-03 8.824892e+00 4.413105e+00 4.411787e+00
 1.042231e-05 1.347350e-03 8.728273e+00 4.364810e+00 4.363463e+00
 1.071372e-05 1.376413e-03 8.632619e+00 4.316998e+00 4.315621e+00
 1.101327e-05 1.406093e-03 8.537920e+00 4.269663e+00 4.268257e+00
 1.132119e-05 1.436401e-03 8.444168e+00 4.222802e+00 4.221366e+00
 1.163773e-05 1.467350e-03 8.351355e+00 4.176411e+00 4.174944e+00
 1.196312e-05 1.498954e-03 8.259471e+00 4.130485e+00 4.128986e+00
 1.229760e-05 1.531226e-03 8.168509e+00 4.085020e+00 4.083489e+00
 1.264144e-05 1.564180e-03 8.078459e+00 4.040012e+00 4.038447e+00
 1.299489e-05 1.597830e-03 7.989314e+00 3.995456e+00 3.993858e+00
 1.335822e-05 1.632190e-03 7.901065e+00 3.951349e+00 3.949716e+00
 1.373171e-05 1.667276e-03 7.813704e+00 3.907686e+00 3.906018e+00
 1.411564e-05 1.703101e-03 7.727223e+00 3.864463e+00 3.862760e+00
 1.451031e-05 1.739682e-03 7.641614e+00 3.821677e+00 3.819937e+00
 1.491601e-05 1.777034e-03 7.556869e+00 3.779323e+00 3.777546e+00
 1.533306e-05 1.815172e-03 7.472980e+00 3.737397e+00 3.735582e+00
 1.576176e-05 1.854113e-03 7.389938e+00 3.695896e+00 3.694042e+00
 1.620246e-05 1.893873e-03 7.307737e+00 3.654816e+00 3.652922e+00
 1.665547e-05 1.934469e-03 7.226369e+00 3.614152e+00 3.612217e+00
 1.712115e-05 1.975919e-03 7.145825e+00 3.573901e+00 3.571925e+00
 1.759985e-05 2.018239e-03 7.066099e+00 3.534059e+00 3.532040e+00
 1.809194e-05 2.061448e-03 6.987182e+00 3.494622e+00 3.492560e+00
 1.859778e-05 2.105564e-03 6.909068e+00 3.455587e+00 3.453481e+00
 1.911777e-05 2.150605e-03 6.831749e+00 3.416950e+00 3.414799e+00
 1.965229e-05 2.196591e-03 6.755217e+00 3.378707e+00 3.376510e+00
 2.020176e-05 2.243540e-03 6.679465e+00 3.340854e+00 3.338611e+00
 2.076659e-05 2.291472e-03 6.604486e+00 3.303389e+00 3.301097e+00
 2.134722e-05 2.340407e-03 6.530273e+00 3.266307e+00 3.263967e+00
 2.194408e-05 2.390366e-03 6.456819e+00 3.229605e+00 3.227215e+00
 2.255763e-05 2.441370e-03 6.384117e+00 3.193279e+00 3.190838e+00
 2.318833e-05 2.493440e-03 6.312160e+00 3.157326e+00 3.154833e+00
 2.383667e-05 2.546597e-03 6.240940e+00 3.121743e+00 3.119197e+00
 2.450313e-05 2.600864e-03 6.170451e+00 3.086526e+00 3.083925e+00
 2.518823e-05 2.656263e-03 6.100686e+00 3.051671e+00 3.049015e+00
 2.589248e-05 2.712818e-03 6.031639e+00 3.017176e+00 3.014463e+00
 2.661642e-05 2.770551e-03 5.963303e+00 2.983037e+00 2.980266e+00
 2.736061e-05 2.829486e-03 5.895671e+00 2.949250e+00 2.946421e+00
 2.812560e-05 2.889649e-03 5.828736e+00 2.915813e+00 2.912923e+00
 2.891198e-05 2.951063e-03 5.762492e+00 2.882722e+00 2.879771e+00
 2.972035e-05 3.013754e-03 5.696933e+00 2.849974e+00 2.846960e+00
 3.055132e-05 3.077749e-03 5.632053e+00 2.817565e+00 2.814487e+00
 3.140552e-05 3.143072e-03 5.567844e+00 2.785493e+00 2.782350e+00
 3.228361e-05 3.209752e-03 5.504300e+00 2.753755e+00 2.750545e+00
 3.318624e-05 3.277815e-03 5.441416e+00 2.722347e+00 2.719069e+00
 3.411412e-05 3.347289e-03 5.379185e+00 2.691266e+00 2.687919e+00
 3.506793e-05 3.418204e-03 5.317601e+00 2.660510e+00 2.657092e+00
 3.604842e-05 3.490586e-03 5.256659e+00 2.630075e+00 2.626584e+00
 3.705632e-05 3.564467e-03 5.196351e+00 2.599958e+00 2.596393e+00
 3.809240e-05 3.639877e-03 5.136672e+00 2.570156e+00 2.566516e+00
 3.915745e-05 3.716845e-03 5.077616e+00 2.540666e+00 2.536949e+00
 4.025227e-05 3.795404e-03 5.019177e+00 2.511486e+00 2.507691e+00
 4.137771e-05 3.875585e-03 4.961349e+00 2.482612e+00 2.478737e+00
 4.253462e-05 3.957421e-03 4.904128e+00 2.454043e+00 2.450085e+00
 4.372387e-05 4.040944e-03 4.847506e+00 2.425773e+00 2.421732e+00
 4.494637e-05 4.126189e-03 4.791478e+00 2.397802e+00 2.393676e+00
 4.620305e-05 4.213190e-03 4.736039e+00 2.370126e+00 2.365913e+00
 4.749487e-05 4.301982e-03 4.681183e+00 2.342743e+00 2.338441e+00
 4.882281e-05 4.392601e-03 4.626905e+00 2.315649e+00 2.311256e+00
 5.018787e-05 4.485083e-03 4.573198e+00 2.288842e+00 2.284357e+00
 5.159111e-05 4.579465e-03 4.520059e+00 2.262319e+00 2.257740e+00
 5.303357e-05 4.675786e-03 4.467480e+00 2.236078e+00 2.231402e+00
 5.451637e-05 4.774082e-03 4.415458e+00 2.210116e+00 2.205342e+00
 5.604063e-05 4.874395e-03 4.363986e+00 2.184430e+00 2.179556e+00
 5.760750e-05 4.976764e-03 4.313060e+00 2.159018e+00 2.154042e+00
 5.921818e-05 5.081229e-03 4.262674e+00 2.133878e+00 2.128796e+00
 6.087390e-05 5.187832e-03 4.212823e+00 2.109005e+00 2.103818e+00
 6.257591e-05 5.296616e-03 4.163502e+00 2.084399e+00 2.079103e+00
 6.432551e-05 5.407624e-03 4.114706e+00 2.060057e+00 2.054649e+00
 6.612403e-05 5.520899e-03 4.066431e+00 2.035976e+00 2.030455e+00
 6.797283e-05 5.636486e-03 4.018670e+00 2.012153e+00 2.006517e+00
 6.987332e-05 5.754431e-03 3.971419e+00 1.988587e+00 1.982833e+00
 7.182695e-05 5.874781e-03 3.924674e+00 1.965274e+00 1.959400e+00
 7.383520e-05 5.997582e-03 3.878429e+00 1.942213e+00 1.936216e+00
 7.589961e-05 6.122883e-03 3.832680e+00 1.919402e+00 1.913279e+00
 7.802173e-05 6.250733e-03 3.787422e+00 1.896836e+00 1.890586e+00
 8.020319e-05 6.381182e-03 3.742650e+00 1.874516e+00 1.868134e+00
 8.244563e-05 6.514281e-03 3.698360e+00 1.852437e+00 1.845923e+00
 8.475078e-05 6.650083e-03 3.654546e+00 1.830598e+00 1.823948e+00
 8.712038e-05 6.788638e-03 3.611205e+00 1.808997e+00 1.802208e+00
 8.955623e-05 6.930003e-03 3.568332e+00 1.787631e+00 1.780701e+00
 9.206019e-05 7.074231e-03 3.525922e+00 1.766498e+00 1.759424e+00
 9.463415e-05 7.221378e-03 3.483972e+00 1.745597e+00 1.738375e+00
 9.728009e-05 7.371502e-03 3.442475e+00 1.724923e+00 1.717552e+00
 1.000000e-04 7.524660e-03 3.401429e+00 1.704477e+00 1.696952e+00
 1.027960e-04 7.680911e-03 3.360829e+00 1.684255e+00 1.676574e+00
 1.056701e-04 7.840315e-03 3.320671e+00 1.664255e+00 1.656415e+00
 1.086246e-04 8.002934e-03 3.280949e+00 1.644476e+00 1.636473e+00
 1.116617e-04 8.168830e-03 3.241661e+00 1.624915e+00 1.616746e+00
 1.147837e-04 8.338067e-03 3.202802e+00 1.605570e+00 1.597232e+00
 1.179930e-04 8.510708e-03 3.164368e+00 1.586439e+00 1.577928e+00
 1.212920e-04 8.686820e-03 3.126354e+00 1.567520e+00 1.558834e+00
 1.246833e-04 8.866470e-03 3.088757e+00 1.548812e+00 1.539945e+00
 1.281694e-04 9.049726e-03 3.051573e+00 1.530311e+00 1.521261e+00
 1.317530e-04 9.236657e-03 3.014797e+00 1.512017e+00 1.502780e+00
 1.354368e-04 9.427334e-03 2.978426e+00 1.493927e+00 1.484499e+00
 1.392235e-04 9.621830e-03 2.942456e+00 1.476039e+00 1.466417e+00
 1.431161e-04 9.820217e-03 2.906883e+00 1.458352e+00 1.448531e+00
 1.471176e-04 1.002257e-02 2.871703e+00 1.440863e+00 1.430840e+00
 1.512310e-04 1.022897e-02 2.836912e+00 1.423571e+00 1.413342e+00
 1.554593e-04 1.043948e-02 2.802507e+00 1.406473e+00 1.396034e+00
 1.598059e-04 1.065419e-02 2.768484e+00 1.389569e+00 1.378915e+00
 1.642740e-04 1.087318e-02 2.734839e+00 1.372856e+00 1.361983e+00
 1.688670e-04 1.109653e-02 2.701568e+00 1.356332e+00 1.345236e+00
 1.735885e-04 1.132433e-02 2.668669e+00 1.339996e+00 1.328672e+00
 1.784420e-04 1.155665e-02 2.636136e+00 1.323846e+00 1.312290e+00
 1.834311e-04 1.179358e-02 2.603968e+00 1.307881e+00 1.296087e+00
 1.885598e-04 1.203521e-02 2.572159e+00 1.292097e+00 1.280062e+00
 1.938319e-04 1.228164e-02 2.540708e+00 1.276495e+00 1.264213e+00
 1.992513e-04 1.253294e-02 2.509609e+00 1.261071e+00 1.248538e+00
 2.048223e-04 1.278922e-02 2.478861e+00 1.245825e+00 1.233036e+00
 2.105491e-04 1.305056e-02 2.448459e+00 1.230755e+00 1.217704e+00
 2.164359e-04 1.331706e-02 2.418400e+00 1.215859e+00 1.202541e+00
 2.224874e-04 1.358883e-02 2.388681e+00 1.201135e+00 1.187546e+00
 2.287080e-04 1.386595e-02 2.359299e+00 1.186582e+00 1.172716e+00
 2.351026e-04 1.414852e-02 2.330249e+00 1.172199e+00 1.158050e+00
 2.416760e-04 1.443666e-02 2.301530e+00 1.157983e+00 1.143547e+00
 2.484332e-04 1.473046e-02 2.273138e+00 1.143934e+00 1.129204e+00
 2.553793e-04 1.503004e-02 2.245069e+00 1.130050e+00 1.115020e+00
 2.625196e-04 1.533549e-02 2.217322e+00 1.116329e+00 1.100993e+00
 2.698595e-04 1.564692e-02 2.189891e+00 1.102769e+00 1.087122e+00
 2.774047e-04 1.596446e-02 2.162775e+00 1.089370e+00 1.073405e+00
 2.851608e-04 1.628821e-02 2.135970e+00 1.076129e+00 1.059841e+00
 2.931338e-04 1.661828e-02 2.109474e+00 1.063046e+00 1.046428e+00
 3.013297e-04 1.695480e-02 2.083283e+00 1.050119e+00 1.033164e+00
 3.097547e-04 1.729788e-02 2.057395e+00 1.037346e+00 1.020048e+00
 3.184154e-04 1.764765e-02 2.031806e+00 1.024727e+00 1.007079e+00
 3.273181e-04 1.800422e-02 2.006514e+00 1.012259e+00 9.942548e-01
 3.364698e-04 1.836773e-02 1.981515e+00 9.999415e-01 9.815738e-01
 3.458774e-04 1.873829e-02 1.956808e+00 9.877731e-01 9.690348e-01
 3.555480e-04 1.911605e-02 1.932389e+00 9.757524e-01 9.566363e-01
 3.654890e-04 1.950112e-02 1.908255e+00 9.638780e-01 9.443769e-01
 3.757079e-04 1.989366e-02 1.884404e+00 9.521487e-01 9.322550e-01
 3.862125e-04 2.029378e-02 1.860833e+00 9.405632e-01 9.202694e-01
 3.970109e-04 2.070163e-02 1.837539e+00 9.291201e-01 9.084185e-01
 4.081111e-04 2.111735e-02 1.814519e+00 9.178183e-01 8.967010e-01
 4.195218e-04 2.154108e-02 1.791772e+00 9.066566e-01 8.851155e-01
 4.312514e-04 2.197298e-02 1.769294e+00 8.956336e-01 8.736606e-01
 4.433090e-04 2.241317e-02 1.747083e+00 8.847481e-01 8.623349e-01
 4.557038e-04 2.286182e-02 1.725136e+00 8.739990e-01 8.511372e-01
 4.684451e-04 2.331908e-02 1.703451e+00 8.633852e-01 8.400661e-01
 4.815426e-04 2.378510e-02 1.682025e+00 8.529053e-01 8.291202e-01
 4.950064e-04 2.426004e-02 1.660856e+00 8.425583e-01 8.182982e-01
 5.088465e-04 2.474406e-02 1.639942e+00 8.323430e-01 8.075989e-01
 5.230737e-04 2.523732e-02 1.619279e+00 8.222583e-01 7.970210e-01
 5.376986e-04 2.573999e-02 1.598866e+00 8.123031e-01 7.865631e-01
 5.527325e-04 2.625223e-02 1.578700e+00 8.024763e-01 7.762241e-01
 5.681866e-04 2.677421e-02 1.558779e+00 7.927769e-01 7.660026e-01
 5.840729e-04 2.730612e-02 1.539101e+00 7.832036e-01 7.558975e-01
 6.004034e-04 2.784811e-02 1.519663e+00 7.737556e-01 7.459075e-01
 6.171904e-04 2.840037e-02 1.500463e+00 7.644318e-01 7.360314e-01
 6.344468e-04 2.896309e-02 1.481499e+00 7.552310e-01 7.262679e-01
 6.521857e-04 2.953643e-02 1.462768e+00 7.461524e-01 7.166160e-01
 6.704205e-04 3.012060e-02 1.444269e+00 7.371950e-01 7.070744e-01
 6.891652e-04 3.071578e-02 1.426000e+00 7.283577e-01 6.976419e-01
 7.084340e-04 3.132217e-02 1.407957e+00 7.196396e-01 6.883174e-01
 7.282415e-04 3.193995e-02 1.390139e+00 7.110397e-01 6.790997e-01
 7.486029e-04 3.256933e-02 1.372545e+00 7.025571e-01 6.699878e-01
 7.695335e-04 3.321050e-02 1.355171e+00 6.941909e-01 6.609804e-01
 7.910494e-04 3.386367e-02 1.338017e+00 6.859401e-01 6.520764e-01
 8.131668e-04 3.452906e-02 1.321079e+00 6.778039e-01 6.432748e-01
 8.359026e-04 3.520686e-02 1.304356e+00 6.697813e-01 6.345745e-01
 8.592741e-04 3.589729e-02 1.287846e+00 6.618716e-01 6.259743e-01
 8.832991e-04 3.660056e-02 1.271547e+00 6.540738e-01 6.174732e-01
 9.079958e-04 3.731691e-02 1.255457e+00 6.463871e-01 6.090702e-01
 9.333830e-04 3.804654e-02 1.239575e+00 6.388106e-01 6.007641e-01
 9.594800e-04 3.878969e-02 1.223898e+00 6.313436e-01 5.925539e-01
 9.863067e-04 3.954657e-02 1.208424e+00 6.239853e-01 5.844387e-01
 1.013883e-03 4.031744e-02 1.193152e+00 6.167348e-01 5.764173e-01
 1.042231e-03 4.110251e-02 1.178080e+00 6.095913e-01 5.684888e-01
 1.071372e-03 4.190203e-02 1.163206e+00 6.025542e-01 5.606522e-01
 1.101327e-03 4.271624e-02 1.148529e+00 5.956226e-01 5.529064e-01
 1.132119e-03 4.354538e-02 1.134046e+00 5.887959e-01 5.452505e-01
 1.163773e-03 4.438971e-02 1.119757e+00 5.820732e-01 5.376835e-01
 1.196312e-03 4.524947e-02 1.105658e+00 5.754539e-01 5.302044e-01
 1.229760e-03 4.612492e-02 1.091750e+00 5.689373e-01 5.228123e-01
 1.264144e-03 4.701632e-02 1.078029e+00 5.625226e-01 5.155063e-01
 1.299489e-03 4.792393e-02 1.064495e+00 5.562093e-01 5.082854e-01
 1.335822e-03 4.884801e-02 1.051145e+00 5.499966e-01 5.011486e-01
 1.373171e-03 4.978883e-02 1.037979e+00 5.438840e-01 4.940951e-01
 1.411564e-03 5.074667e-02 1.024995e+00 5.378707e-01 4.871240e-01
 1.451031e-03 5.172180e-02 1.012190e+00 5.319561e-01 4.802343e-01
 1.491601e-03 5.271449e-02 9.995648e-01 5.261396e-01 4.734251e-01
 1.533306e-03 5.372504e-02 9.871164e-01 5.204207e-01 4.666957e-01
 1.576176e-03 5.475372e-02 9.748438e-01 5.147987e-01 4.600450e-01
 1.620246e-03 5.580082e-02 9.627454e-01 5.092731e-01 4.534723e-01
 1.665547e-03 5.686664e-02 9.508200e-01 5.038433e-01 4.469767e-01
 1.712115e-03 5.795147e-02 9.390660e-01 4.985087e-01 4.405573e-01
 1.759985e-03 5.905561e-02 9.274822e-01 4.932689e-01 4.342133e-01
 1.809194e-03 6.017936e-02 9.160671e-01 4.881232e-01 4.279439e-01
 1.859778e-03 6.132303e-02 9.048194e-01 4.830712e-01 4.217482e-01
 1.911777e-03 6.248693e-02 8.937379e-01 4.781124e-01 4.156255e-01
 1.965229e-03 6.367137e-02 8.828211e-01 4.732462e-01 4.095749e-01
 2.020176e-03 6.487666e-02 8.720679e-01 4.684723e-01 4.035956e-01
 2.076659e-03 6.610313e-02 8.614770e-01 4.637901e-01 3.976869e-01
 2.134722e-03 6.735110e-02 8.510471e-01 4.591991e-01 3.918480e-01
 2.194408e-03 6.862088e-02 8.407770e-01 4.546990e-01 3.860781e-01
 2.255763e-03 6.991282e-02 8.306656e-01 4.502892e-01 3.803764e-01
 2.318833e-03 7.122725e-02 8.207117e-01 4.459695e-01 3.747422e-01
 2.383667e-03 7.256449e-02 8.109141e-01 4.417393e-01 3.691748e-01
 2.450313e-03 7.392489e-02 8.012716e-01 4.375982e-01 3.636734e-01
 2.518823e-03 7.530878e-02 7.917832e-01 4.335460e-01 3.582372e-01
 2.589248e-03 7.671652e-02 7.824477e-01 4.295821e-01 3.528656e-01
 2.661642e-03 7.814844e-02 7.732641e-01 4.257063e-01 3.475578e-01
 2.736061e-03 7.960490e-02 7.642313e-01 4.219181e-01 3.423132e-01
 2.812560e-03 8.108626e-02 7.553483e-01 4.182173e-01 3.371310e-01
 2.891198e-03 8.259286e-02 7.466140e-01 4.146034e-01 3.320106e-01
 2.972035e-03 8.412506e-02 7.380274e-01 4.110762e-01 3.269512e-01
 3.055132e-03 8.568323e-02 7.295876e-01 4.076354e-01 3.219522e-01
 3.140552e-03 8.726773e-02 7.212935e-01 4.042806e-01 3.170129e-01
 3.228361e-03 8.887892e-02 7.131442e-01 4.010116e-01 3.121327e-01
 3.318624e-03 9.051717e-02 7.051389e-01 3.978280e-01 3.073108e-01
 3.411412e-03 9.218285e-02 6.972764e-01 3.947296e-01 3.025468e-01
 3.506793e-03 9.387633e-02 6.895560e-01 3.917162e-01 2.978398e-01
 3.604842e-03 9.559799e-02 6.819768e-01 3.887874e-01 2.931894e-01
 3.705632e-03 9.734820e-02 6.745379e-01 3.859430e-01 2.885948e-01
 3.809240e-03 9.912734e-02 6.672383e-01 3.831828e-01 2.840555e-01
 3.915745e-03 1.009358e-01 6.600774e-01 3.805066e-01 2.795708e-01
 4.025227e-03 1.027739e-01 6.530543e-01 3.779141e-01 2.751402e-01
 4.137771e-03 1.046421e-01 6.461681e-01 3.754051e-01 2.707630e-01
 4.253462e-03 1.065407e-01 6.394181e-01 3.729794e-01 2.664387e-01
 4.372387e-03 1.084702e-01 6.328034e-01 3.706368e-01 2.621666e-01
 4.494637e-03 1.104309e-01 6.263234e-01 3.683772e-01 2.579463e-01
 4.620305e-03 1.124232e-01 6.199773e-01 3.662002e-01 2.537770e-01
 4.749487e-03 1.144475e-01 6.137643e-01 3.641059e-01 2.496584e-01
 4.882281e-03 1.165041e-01 6.076837e-01 3.620939e-01 2.455898e-01
 5.018787e-03 1.185935e-01 6.017349e-01 3.601642e-01 2.415707e-01
 5.159111e-03 1.207160e-01 5.959170e-01 3.583165e-01 2.376005e-01
 5.303357e-03 1.228720e-01 5.902295e-01 3.565508e-01 2.336788e-01
 5.451637e-03 1.250619e-01 5.846717e-01 3.548668e-01 2.298049e-01
 5.604063e-03 1.272861e-01 5.792428e-01 3.532645e-01 2.259784e-01
 5.760750e-03 1.295449e-01 5.739424e-01 3.517436e-01 2.221987e-01
 5.921818e-03 1.318388e-01 5.687696e-01 3.503042e-01 2.184654e-01
 6.087390e-03 1.341680e-01 5.637239e-01 3.489460e-01 2.147780e-01
 6.257591e-03 1.365330e-01 5.588048e-01 3.476689e-01 2.111359e-01
 6.432551e-03 1.389342e-01 5.540115e-01 3.464728e-01 2.075386e-01
 6.612403e-03 1.413718e-01 5.493434e-01 3.453576e-01 2.039858e-01
 6.797283e-03 1.438463e-01 5.448001e-01 3.443232e-01 2.004769e-01
 6.987332e-03 1.463580e-01 5.403809e-01 3.433694e-01 1.970114e-01
 7.182695e-03 1.489073e-01 5.360852e-01 3.424962e-01 1.935890e-01
 7.383520e-03 1.514944e-01 5.319125e-01 3.417035e-01 1.902090e-01
 7.589961e-03 1.541198e-01 5.278622e-01 3.409910e-01 1.868712e-01
 7.802173e-03 1.567838e-01 5.239338e-01 3.403588e-01 1.835750e-01
 8.020319e-03 1.594867e-01 5.201268e-01 3.398067e-01 1.803200e-01
 8.244563e-03 1.622288e-01 5.164405e-01 3.393346e-01 1.771058e-01
 8.475078e-03 1.650104e-01 5.128744e-01 3.389424e-01 1.739320e-01
 8.712038e-03 1.678319e-01 5.094280e-01 3.386300e-01 1.707981e-01
 8.955623e-03 1.706934e-01 5.061009e-01 3.383972e-01 1.677037e-01
 9.206019e-03 1.735954e-01 5.028924e-01 3.382439e-01 1.646485e-01
 9.463415e-03 1.765381e-01 4.998020e-01 3.381700e-01 1.616319e-01
 9.728009e-03 1.795217e-01 4.968291e-01 3.381754e-01 1.586537e-01
 1.000000e-02 1.825464e-01 4.939734e-01 3.382599e-01 1.557135e-01
 1.027960e-02 1.856126e-01 4.912342e-01 3.384234e-01 1.528108e-01
 1.056701e-02 1.887204e-01 4.886110e-01 3.386657e-01 1.499453e-01
 1.086246e-02 1.918701e-01 4.861032e-01 3.389866e-01 1.471166e-01
 1.116617e-02 1.950617e-01 4.837104e-01 3.393861e-01 1.443243e-01
 1.147837e-02 1.982956e-01 4.814319e-01 3.398638e-01 1.415681e-01
 1.179930e-02 2.015719e-01 4.792673e-01 3.404196e-01 1.388477e-01
 1.212920e-02 2.048907e-01 4.772159e-01 3.410533e-01 1.361626e-01
 1.246833e-02 2.082520e-01 4.752773e-01 3.417646e-01 1.335126e-01
 1.281694e-02 2.116561e-01 4.734507e-01 3.425534e-01 1.308973e-01
 1.317530e-02 2.151030e-01 4.717357e-01 3.434194e-01 1.283163e-01
 1.354368e-02 2.185928e-01 4.701316e-01 3.443622e-01 1.257694e-01
 1.392235e-02 2.221254e-01 4.686378e-01 3.453816e-01 1.232562e-01
 1.431161e-02 2.257009e-01 4.672536e-01 3.464773e-01 1.207764e-01
 1.471176e-02 2.293193e-01 4.659785e-01 3.476489e-01 1.183296e-01
 1.512310e-02 2.329805e-01 4.648118e-01 3.488961e-01 1.159157e-01
 1.554593e-02 2.366844e-01 4.637528e-01 3.502186e-01 1.135342e-01
 1.598059e-02 2.404309e-01 4.628007e-01 3.516158e-01 1.111849e-01
 1.642740e-02 2.442199e-01 4.619548e-01 3.530874e-01 1.088675e-01
 1.688670e-02 2.480513e-01 4.612145e-01 3.546329e-01 1.065816e-01
 1.735885e-02 2.519247e-01 4.605788e-01 3.562517e-01 1.043271e-01
 1.784420e-02 2.558399e-01 4.600471e-01 3.579435e-01 1.021036e-01
 1.834311e-02 2.597967e-01 4.596184e-01 3.597075e-01 9.991086e-02
 1.885598e-02 2.637947e-01 4.592919e-01 3.615433e-01 9.774862e-02
 1.938319e-02 2.678335e-01 4.590667e-01 3.634501e-01 9.561659e-02
 1.992513e-02 2.719128e-01 4.589418e-01 3.654273e-01 9.351452e-02
 2.048223e-02 2.760320e-01 4.589164e-01 3.674742e-01 9.144215e-02
 2.105491e-02 2.801907e-01 4.589892e-01 3.695900e-01 8.939924e-02
 2.164359e-02 2.843883e-01 4.591593e-01 3.717738e-01 8.738553e-02
 2.224874e-02 2.886241e-01 4.594256e-01 3.740249e-01 8.540077e-02
 2.287080e-02 2.928975e-01 4.597870e-01 3.763422e-01 8.344474e-02
 2.351026e-02 2.972078e-01 4.602421e-01 3.787250e-01 8.151718e-02
 2.416760e-02 3.015541e-01 4.607898e-01 3.811720e-01 7.961787e-02
 2.484332e-02 3.059356e-01 4.614288e-01 3.836822e-01 7.774658e-02
 2.553793e-02 3.103514e-01 4.621576e-01 3.862545e-01 7.590309e-02
 2.625196e-02 3.148005e-01 4.629748e-01 3.888877e-01 7.408717e-02
 2.698595e-02 3.192818e-01 4.638790e-01 3.915804e-01 7.229860e-02
 2.774047e-02 3.237942e-01 4.648686e-01 3.943314e-01 7.053718e-02
 2.851608e-02 3.283365e-01 4.659418e-01 3.971391e-01 6.880268e-02
 2.931338e-02 3.329073e-01 4.670971e-01 4.000022e-01 6.709491e-02
 3.013297e-02 3.375053e-01 4.683326e-01 4.029190e-01 6.541365e-02
 3.097547e-02 3.421291e-01 4.696465e-01 4.058878e-01 6.375870e-02
 3.184154e-02 3.467770e-01 4.710367e-01 4.089069e-01 6.212988e-02
 3.273181e-02 3.514474e-01 4.725014e-01 4.119744e-01 6.052697e-02
 3.364698e-02 3.561386e-01 4.740382e-01 4.150884e-01 5.894979e-02
 3.458774e-02 3.608487e-01 4.756450e-01 4.182469e-01 5.739815e-02
 3.555480e-02 3.655758e-01 4.773195e-01 4.214476e-01 5.587186e-02
 3.654890e-02 3.703177e-01 4.790592e-01 4.246884e-01 5.437074e-02
 3.757079e-02 3.750723e-01 4.808615e-01 4.279669e-01 5.289460e-02
 3.862125e-02 3.798374e-01 4.827239e-01 4.312806e-01 5.144326e-02
 3.970109e-02 3.846104e-01 4.846435e-01 4.346269e-01 5.001654e-02
 4.081111e-02 3.893888e-01 4.866174e-01 4.380031e-01 4.861428e-02
 4.195218e-02 3.941701e-01 4.886427e-01 4.414064e-01 4.723629e-02
 4.312514e-02 3.989513e-01 4.907161e-01 4.448337e-01 4.588241e-02
 4.433090e-02 4.037294e-01 4.928343e-01 4.482819e-01 4.455245e-02
 4.557038e-02 4.085015e-01 4.949941e-01 4.517478e-01 4.324627e-02
 4.684451e-02 4.132643e-01 4.971916e-01 4.552279e-01 4.196368e-02
 4.815426e-02 4.180143e-01 4.994233e-01 4.587188e-01 4.070453e-02
 4.950064e-02 4.227480e-01 5.016853e-01 4.622166e-01 3.946864e-02
 5.088465e-02 4.274617e-01 5.039734e-01 4.657175e-01 3.825587e-02
 5.230737e-02 4.321514e-01 5.062835e-01 4.692175e-01 3.706604e-02
 5.376986e-02 4.368132e-01 5.086112e-01 4.727122e-01 3.589899e-02
 5.527325e-02 4.414428e-01 5.109519e-01 4.761974e-01 3.475458e-02
 5.681866e-02 4.460357e-01 5.133009e-01 4.796683e-01 3.363263e-02
 5.840729e-02 4.505873e-01 5.156533e-01 4.831203e-01 3.253299e-02
 6.004034e-02 4.550928e-01 5.180038e-01 4.865483e-01 3.145551e-02
 6.171904e-02 4.595472e-01 5.203473e-01 4.899472e-01 3.040002e-02
 6.344468e-02 4.639453e-01 5.226780e-01 4.933117e-01 2.936638e-02
 6.521857e-02 4.682816e-01 5.249904e-01 4.966360e-01 2.835441e-02
 6.704205e-02 4.725504e-01 5.272784e-01 4.999144e-01 2.736398e-02
 6.891652e-02 4.767459e-01 5.295358e-01 5.031408e-01 2.639492e-02
 7.084340e-02 4.808620e-01 5.317562e-01 5.063091e-01 2.544708e-02
 7.282415e-02 4.848924e-01 5.339330e-01 5.094127e-01 2.452029e-02
 7.486029e-02 4.888304e-01 5.360592e-01 5.124448e-01 2.361441e-02
 7.695335e-02 4.926693e-01 5.381278e-01 5.153985e-01 2.272928e-02
 7.910494e-02 4.964019e-01 5.401314e-01 5.182667e-01 2.186473e-02
 8.131668e-02 5.000211e-01 5.420623e-01 5.210417e-01 2.102062e-02
 8.359026e-02 5.035192e-01 5.439127e-01 5.237160e-01 2.019677e-02
 8.592741e-02 5.068884e-01 5.456744e-01 5.262814e-01 1.939303e-02
 8.832991e-02 5.101206e-01 5.473391e-01 5.287298e-01 1.860924e-02
 9.079958e-02 5.132075e-01 5.488980e-01 5.310527e-01 1.784524e-02
 9.333830e-02 5.161404e-01 5.503422e-01 5.332413e-01 1.710085e-02
 9.594800e-02 5.189106e-01 5.516625e-01 5.352866e-01 1.637592e-02
 9.863067e-02 5.215089e-01 5.528494e-01 5.371792e-01 1.567027e-02
 1.013883e-01 5.239258e-01 5.538933e-01 5.389096e-01 1.498374e-02
 1.042231e-01 5.261518e-01 5.547841e-01 5.404680e-01 1.431615e-02
 1.071372e-01 5.281769e-01 5.555116e-01 5.418442e-01 1.366733e-02
 1.101327e-01 5.299909e-01 5.560651e-01 5.430280e-01 1.303710e-02
 1.132119e-01 5.315834e-01 5.564340e-01 5.440087e-01 1.242529e-02
 1.163773e-01 5.329438e-01 5.566072e-01 5.447755e-01 1.183170e-02
 1.196312e-01 5.340612e-01 5.565735e-01 5.453173e-01 1.125617e-02
 1.229760e-01 5.349243e-01 5.563213e-01 5.456228e-01 1.069849e-02
 1.264144e-01 5.355220e-01 5.558389e-01 5.456804e-01 1.015848e-02
 1.299489e-01 5.358426e-01 5.551145e-01 5.454785e-01 9.635950e-03
 1.335822e-01 5.358745e-01 5.541358e-01 5.450052e-01 9.130694e-03
 1.373171e-01 5.356057e-01 5.528908e-01 5.442483e-01 8.642514e-03
 1.411564e-01 5.350244e-01 5.513668e-01 5.431956e-01 8.171204e-03
 1.451031e-01 5.341184e-01 5.495515e-01 5.418350e-01 7.716556e-03
 1.491601e-01 5.328756e-01 5.474323e-01 5.401539e-01 7.278354e-03
 1.533306e-01 5.312836e-01 5.449964e-01 5.381400e-01 6.856383e-03
 1.576176e-01 5.293303e-01 5.422312e-01 5.357807e-01 6.450418e-03
 1.620246e-01 5.270036e-01 5.391240e-01 5.330638e-01 6.060233e-03
 1.665547e-01 5.242913e-01 5.356624e-01 5.299769e-01 5.685594e-03
 1.712115e-01 5.211815e-01 5.318340e-01 5.265077e-01 5.326265e-03
 1.759985e-01 5.176625e-01 5.276265e-01 5.226445e-01 4.982001e-03
 1.809194e-01 5.137229e-01 5.230280e-01 5.183755e-01 4.652555e-03
 1.859778e-01 5.093517e-01 5.180270e-01 5.136893e-01 4.337671e-03
 1.911777e-01 5.045381e-01 5.126123e-01 5.085752e-01 4.037088e-03
 1.965229e-01 4.992722e-01 5.067733e-01 5.030227e-01 3.750541e-03
 2.020176e-01 4.935444e-01 5.004999e-01 4.970222e-01 3.477756e-03
 2.076659e-01 4.873462e-01 4.937831e-01 4.905646e-01 3.218453e-03
 2.134722e-01 4.806696e-01 4.866143e-01 4.836420e-01 2.972346e-03
 2.194408e-01 4.735080e-01 4.789862e-01 4.762471e-01 2.739141e-03
 2.255763e-01 4.658556e-01 4.708927e-01 4.683741e-01 2.518539e-03
 2.318833e-01 4.577082e-01 4.623286e-01 4.600184e-01 2.310233e-03
 2.383667e-01 4.490629e-01 4.532907e-01 4.511768e-01 2.113908e-03
 2.450313e-01 4.399186e-01 4.437770e-01 4.418478e-01 1.929244e-03
 2.518823e-01 4.302759e-01 4.337877e-01 4.320318e-01 1.755912e-03
 2.589248e-01 4.201376e-01 4.233247e-01 4.217312e-01 1.593576e-03
 2.661642e-01 4.095088e-01 4.123925e-01 4.109506e-01 1.441894e-03
 2.736061e-01 3.983969e-01 4.009979e-01 3.996974e-01 1.300516e-03
 2.812560e-01 3.868122e-01 3.891503e-01 3.879812e-01 1.169088e-03
 2.891198e-01 3.747679e-01 3.768624e-01 3.758151e-01 1.047246e-03
 2.972035e-01 3.622805e-01 3.641497e-01 3.632151e-01 9.346229e-04
 3.055132e-01 3.493698e-01 3.510315e-01 3.502007e-01 8.308435e-04
 3.140552e-01 3.360596e-01 3.375307e-01 3.367951e-01 7.355290e-04
 3.228361e-01 3.223773e-01 3.236739e-01 3.230256e-01 6.482956e-04
 3.318624e-01 3.083546e-01 3.094922e-01 3.089234e-01 5.687556e-04
 3.411412e-01 2.940276e-01 2.950207e-01 2.945242e-01 4.965180e-04
 3.506793e-01 2.794369e-01 2.802992e-01 2.798680e-01 4.311896e-04
 3.604842e-01 2.646274e-01 2.653722e-01 2.649998e-01 3.723759e-04
 3.705632e-01 2.496493e-01 2.502886e-01 2.499689e-01 3.196822e-04
 3.809240e-01 2.345568e-01 2.351022e-01 2.348295e-01 2.727147e-04
 3.915745e-01 2.194091e-01 2.198712e-01 2.196401e-01 2.310819e-04
 4.025227e-01 2.042696e-01 2.046584e-01 2.044640e-01 1.943961e-04
 4.137771e-01 1.892059e-01 1.895304e-01 1.893681e-01 1.622746e-04
 4.253462e-01 1.742891e-01 1.745577e-01 1.744234e-01 1.343414e-04
 4.372387e-01 1.595934e-01 1.598138e-01 1.597036e-01 1.102290e-04
 4.494637e-01 1.451953e-01 1.453745e-01 1.452849e-01 8.957990e-05
 4.620305e-01 1.311728e-01 1.313168e-01 1.312448e-01 7.204815e-05
 4.749487e-01 1.176039e-01 1.177185e-01 1.176612e-01 5.730135e-05
 4.882281e-01 1.045656e-01 1.046557e-01 1.046106e-01 4.502211e-05
 5.018787e-01 9.213250e-02 9.220231e-02 9.216741e-02 3.490960e-05
 5.159111e-01 8.037474e-02 8.042811e-02 8.040143e-02 2.668104e-05
 5.303357e-01 6.935660e-02 6.939675e-02 6.937667e-02 2.007300e-05
 5.451637e-01 5.913437e-02 5.916406e-02 5.914922e-02 1.484241e-05
 5.604063e-01 4.975456e-02 4.977610e-02 4.976533e-02 1.076747e-05
 5.760750e-01 4.125197e-02 4.126727e-02 4.125962e-02 7.648173e-06
 5.921818e-01 3.364802e-02 3.365863e-02 3.365333e-02 5.306549e-06
 6.087390e-01 2.694928e-02 2.695645e-02 2.695287e-02 3.586558e-06
 6.257591e-01 2.114648e-02 2.115118e-02 2.114883e-02 2.353627e-06
 6.432551e-01 1.621395e-02 1.621694e-02 1.621545e-02 1.493823e-06
 6.612403e-01 1.210987e-02 1.211170e-02 1.211079e-02 9.126766e-07
 6.797283e-01 8.777122e-03 8.778190e-03 8.777656e-03 5.336831e-07
 6.987332e-01 6.145097e-03 6.145690e-03 6.145394e-03 2.965340e-07
 7.182695e-01 4.132334e-03 4.132645e-03 4.132489e-03 1.551394e-07
 7.383520e-01 2.649929e-03 2.650080e-03 2.650005e-03 7.552134e-08
 7.589961e-01 1.605586e-03 1.605653e-03 1.605619e-03 3.366865e-08
 7.802173e-01 9.080319e-04 9.080587e-04 9.080453e-04 1.344789e-08
 8.020319e-01 4.714568e-04 4.714661e-04 4.714615e-04 4.661844e-09
 8.244563e-01 2.195321e-04 2.195348e-04 2.195334e-04 1.335807e-09
 8.475078e-01 8.856161e-05 8.856219e-05 8.856190e-05 2.916007e-10
 8.712038e-01 2.930880e-05 2.930888e-05 2.930884e-05 4.150867e-11
 8.955623e-01 7.244101e-06 7.244106e-06 7.244103e-06 2.638059e-12
 9.206019e-01 1.111741e-06 1.111741e-06 1.111741e-06 1.098808e-14
 9.463415e-01 6.674828e-08 6.674828e-08 6.674828e-08 -1.058791e-22
 9.728009e-01 2.174641e-10 2.174641e-10 2.174641e-10 0.000000e+00