
 0.001997 -5.287688e-04 
 0.003993 -1.153699e-03 
 0.005989 -1.823557e-03 
 0.007985 -2.521872e-03 
 0.009981 -3.238543e-03 
 0.011977 -3.967329e-03 
 0.013973 -4.703710e-03 
 0.015969 -5.444356e-03 
 0.017965 -6.186677e-03 
 0.019961 -6.928620e-03 
 0.021957 -7.668519e-03 
 0.023953 -8.405001e-03 
 0.025949 -9.136921e-03 
 0.027945 -9.863312e-03 
 0.029941 -1.058335e-02 
 0.031937 -1.129634e-02 
 0.033933 -1.200168e-02 
 0.035929 -1.269883e-02 
 0.037925 -1.338736e-02 
 0.039921 -1.406686e-02 
 0.041917 -1.473700e-02 
 0.043913 -1.539747e-02 
 0.045909 -1.604803e-02 
 0.047905 -1.668845e-02 
 0.049901 -1.731853e-02 
 0.051897 -1.793811e-02 
 0.053893 -1.854704e-02 
 0.055889 -1.914521e-02 
 0.057885 -1.973250e-02 
 0.059881 -2.030884e-02 
 0.061877 -2.087415e-02 
 0.063873 -2.142838e-02 
 0.065869 -2.197148e-02 
 0.067865 -2.250343e-02 
 0.069861 -2.302419e-02 
 0.071857 -2.353377e-02 
 0.073853 -2.403216e-02 
 0.075849 -2.451935e-02 
 0.077845 -2.499538e-02 
 0.079841 -2.546025e-02 
 0.081837 -2.591399e-02 
 0.083833 -2.635663e-02 
 0.085829 -2.678822e-02 
 0.087825 -2.720879e-02 
 0.089821 -2.761840e-02 
 0.091817 -2.801709e-02 
 0.093813 -2.840492e-02 
 0.095809 -2.878195e-02 
 0.097805 -2.914825e-02 
 0.099801 -2.950387e-02 
 0.101797 -2.984889e-02 
 0.103793 -3.018338e-02 
 0.105789 -3.050742e-02 
 0.107785 -3.082108e-02 
 0.109781 -3.112444e-02 
 0.111777 -3.141759e-02 
 0.113773 -3.170060e-02 
 0.115769 -3.197357e-02 
 0.117765 -3.223657e-02 
 0.119761 -3.248971e-02 
 0.121757 -3.273306e-02 
 0.123753 -3.296673e-02 
 0.125749 -3.319080e-02 
 0.127745 -3.340537e-02 
 0.129741 -3.361053e-02 
 0.131737 -3.380638e-02 
 0.133733 -3.399302e-02 
 0.135729 -3.417054e-02 
 0.137725 -3.433905e-02 
 0.139721 -3.449865e-02 
 0.141717 -3.464942e-02 
 0.143713 -3.479149e-02 
 0.145709 -3.492494e-02 
 0.147705 -3.504988e-02 
 0.149701 -3.516641e-02 
 0.151697 -3.527464e-02 
 0.153693 -3.537467e-02 
 0.155689 -3.546660e-02 
 0.157685 -3.555054e-02 
 0.159681 -3.562658e-02 
 0.161677 -3.569485e-02 
 0.163673 -3.575543e-02 
 0.165669 -3.580844e-02 
 0.167666 -3.585398e-02 
 0.169662 -3.589216e-02 
 0.171658 -3.592307e-02 
 0.173654 -3.594684e-02 
 0.175650 -3.596355e-02 
 0.177646 -3.597332e-02 
 0.179642 -3.597625e-02 
 0.181638 -3.597245e-02 
 0.183634 -3.596201e-02 
 0.185630 -3.594506e-02 
 0.187626 -3.592168e-02 
 0.189622 -3.589199e-02 
 0.191618 -3.585608e-02 
 0.193614 -3.581407e-02 
 0.195610 -3.576605e-02 
 0.197606 -3.571214e-02 
 0.199602 -3.565242e-02 
 0.201598 -3.558701e-02 
 0.203594 -3.551601e-02 
 0.205590 -3.543952e-02 
 0.207586 -3.535764e-02 
 0.209582 -3.527047e-02 
 0.211578 -3.517811e-02 
 0.213574 -3.508067e-02 
 0.215570 -3.497824e-02 
 0.217566 -3.487093e-02 
 0.219562 -3.475882e-02 
 0.221558 -3.464203e-02 
 0.223554 -3.452065e-02 
 0.225550 -3.439478e-02 
 0.227546 -3.426451e-02 
 0.229542 -3.412994e-02 
 0.231538 -3.399117e-02 
 0.233534 -3.384829e-02 
 0.235530 -3.370140e-02 
 0.237526 -3.355060e-02 
 0.239522 -3.339597e-02 
 0.241518 -3.323761e-02 
 0.243514 -3.307561e-02 
 0.245510 -3.291007e-02 
 0.247506 -3.274107e-02 
 0.249502 -3.256871e-02 
 0.251498 -3.239307e-02 
 0.253494 -3.221426e-02 
 0.255490 -3.203235e-02 
 0.257486 -3.184743e-02 
 0.259482 -3.165959e-02 
 0.261478 -3.146892e-02 
 0.263474 -3.127551e-02 
 0.265470 -3.107944e-02 
 0.267466 -3.088079e-02 
 0.269462 -3.067965e-02 
 0.271458 -3.047610e-02 
 0.273454 -3.027022e-02 
 0.275450 -3.006210e-02 
 0.277446 -2.985182e-02 
 0.279442 -2.963946e-02 
 0.281438 -2.942509e-02 
 0.283434 -2.920881e-02 
 0.285430 -2.899067e-02 
 0.287426 -2.877077e-02 
 0.289422 -2.854917e-02 
 0.291418 -2.832596e-02 
 0.293414 -2.810121e-02 
 0.295410 -2.787499e-02 
 0.297406 -2.764738e-02 
 0.299402 -2.741844e-02 
 0.301398 -2.718826e-02 
 0.303394 -2.695690e-02 
 0.305390 -2.672443e-02 
 0.307386 -2.649092e-02 
 0.309382 -2.625644e-02 
 0.311378 -2.602106e-02 
 0.313374 -2.578485e-02 
 0.315370 -2.554786e-02 
 0.317366 -2.531017e-02 
 0.319362 -2.507184e-02 
 0.321358 -2.483293e-02 
 0.323354 -2.459351e-02 
 0.325350 -2.435363e-02 
 0.327346 -2.411336e-02 
 0.329342 -2.387277e-02 
 0.331338 -2.363190e-02 
 0.333334 -2.339081e-02 
 0.335330 -2.314957e-02 
 0.337326 -2.290823e-02 
 0.339322 -2.266685e-02 
 0.341318 -2.242548e-02 
 0.343314 -2.218417e-02 
 0.345310 -2.194299e-02 
 0.347306 -2.170197e-02 
 0.349302 -2.146118e-02 
 0.351298 -2.122065e-02 
 0.353294 -2.098046e-02 
 0.355290 -2.074063e-02 
 0.357286 -2.050122e-02 
 0.359282 -2.026229e-02 
 0.361278 -2.002386e-02 
 0.363274 -1.978600e-02 
 0.365270 -1.954873e-02 
 0.367266 -1.931212e-02 
 0.369262 -1.907619e-02 
 0.371258 -1.884100e-02 
 0.373254 -1.860659e-02 
 0.375250 -1.837298e-02 
 0.377246 -1.814023e-02 
 0.379242 -1.790838e-02 
 0.381238 -1.767745e-02 
 0.383234 -1.744749e-02 
 0.385230 -1.721854e-02 
 0.387226 -1.699062e-02 
 0.389222 -1.676378e-02 
 0.391218 -1.653805e-02 
 0.393214 -1.631345e-02 
 0.395210 -1.609003e-02 
 0.397206 -1.586781e-02 
 0.399202 -1.564683e-02 
 0.401198 -1.542711e-02 
 0.403194 -1.520868e-02 
 0.405190 -1.499157e-02 
 0.407186 -1.477581e-02 
 0.409182 -1.456143e-02 
 0.411178 -1.434844e-02 
 0.413174 -1.413688e-02 
 0.415170 -1.392677e-02 
 0.417166 -1.371814e-02 
 0.419162 -1.351099e-02 
 0.421158 -1.330536e-02 
 0.423154 -1.310127e-02 
 0.425150 -1.289874e-02 
 0.427146 -1.269779e-02 
 0.429142 -1.249843e-02 
 0.431138 -1.230069e-02 
 0.433134 -1.210457e-02 
 0.435130 -1.191011e-02 
 0.437126 -1.171731e-02 
 0.439122 -1.152619e-02 
 0.441118 -1.133676e-02 
 0.443114 -1.114904e-02 
 0.445110 -1.096304e-02 
 0.447106 -1.077877e-02 
 0.449102 -1.059625e-02 
 0.451098 -1.041548e-02 
 0.453094 -1.023648e-02 
 0.455090 -1.005925e-02 
 0.457086 -9.883810e-03 
 0.459082 -9.710160e-03 
 0.461078 -9.538311e-03 
 0.463074 -9.368269e-03 
 0.465070 -9.200041e-03 
 0.467066 -9.033633e-03 
 0.469062 -8.869051e-03 
 0.471058 -8.706298e-03 
 0.473054 -8.545379e-03 
 0.475050 -8.386297e-03 
 0.477046 -8.229055e-03 
 0.479042 -8.073656e-03 
 0.481038 -7.920102e-03 
 0.483034 -7.768392e-03 
 0.485030 -7.618529e-03 
 0.487026 -7.470513e-03 
 0.489022 -7.324342e-03 
 0.491018 -7.180016e-03 
 0.493014 -7.037533e-03 
 0.495010 -6.896892e-03 
 0.497006 -6.758091e-03 
 0.499002 -6.621125e-03 
 0.500999 -6.485992e-03 
 0.502995 -6.352689e-03 
 0.504991 -6.221210e-03 
 0.506987 -6.091550e-03 
 0.508983 -5.963706e-03 
 0.510979 -5.837670e-03 
 0.512975 -5.713437e-03 
 0.514971 -5.591001e-03 
 0.516967 -5.470354e-03 
 0.518963 -5.351489e-03 
 0.520959 -5.234399e-03 
 0.522955 -5.119075e-03 
 0.524951 -5.005508e-03 
 0.526947 -4.893691e-03 
 0.528943 -4.783614e-03 
 0.530939 -4.675267e-03 
 0.532935 -4.568640e-03 
 0.534931 -4.463724e-03 
 0.536927 -4.360507e-03 
 0.538923 -4.258979e-03 
 0.540919 -4.159129e-03 
 0.542915 -4.060946e-03 
 0.544911 -3.964417e-03 
 0.546907 -3.869530e-03 
 0.548903 -3.776274e-03 
 0.550899 -3.684636e-03 
 0.552895 -3.594603e-03 
 0.554891 -3.506162e-03 
 0.556887 -3.419300e-03 
 0.558883 -3.334003e-03 
 0.560879 -3.250258e-03 
 0.562875 -3.168050e-03 
 0.564871 -3.087366e-03 
 0.566867 -3.008192e-03 
 0.568863 -2.930513e-03 
 0.570859 -2.854313e-03 
 0.572855 -2.779580e-03 
 0.574851 -2.706296e-03 
 0.576847 -2.634449e-03 
 0.578843 -2.564021e-03 
 0.580839 -2.494998e-03 
 0.582835 -2.427364e-03 
 0.584831 -2.361104e-03 
 0.586827 -2.296202e-03 
 0.588823 -2.232642e-03 
 0.590819 -2.170408e-03 
 0.592815 -2.109483e-03 
 0.594811 -2.049853e-03 
 0.596807 -1.991501e-03 
 0.598803 -1.934410e-03 
 0.600799 -1.878564e-03 
 0.602795 -1.823947e-03 
 0.604791 -1.770543e-03 
 0.606787 -1.718334e-03 
 0.608783 -1.667305e-03 
 0.610779 -1.617439e-03 
 0.612775 -1.568719e-03 
 0.614771 -1.521130e-03 
 0.616767 -1.474654e-03 
 0.618763 -1.429275e-03 
 0.620759 -1.384976e-03 
 0.622755 -1.341741e-03 
 0.624751 -1.299554e-03 
 0.626747 -1.258398e-03 
 0.628743 -1.218256e-03 
 0.630739 -1.179113e-03 
 0.632735 -1.140951e-03 
 0.634731 -1.103755e-03 
 0.636727 -1.067509e-03 
 0.638723 -1.032196e-03 
 0.640719 -9.977994e-04 
 0.642715 -9.643043e-04 
 0.644711 -9.316942e-04 
 0.646707 -8.999535e-04 
 0.648703 -8.690661e-04 
 0.650699 -8.390165e-04 
 0.652695 -8.097891e-04 
 0.654691 -7.813683e-04 
 0.656687 -7.537387e-04 
 0.658683 -7.268851e-04 
 0.660679 -7.007922e-04 
 0.662675 -6.754449e-04 
 0.664671 -6.508284e-04 
 0.666667 -6.269277e-04 
 0.668663 -6.037282e-04 
 0.670659 -5.812153e-04 
 0.672655 -5.593746e-04 
 0.674651 -5.381917e-04 
 0.676647 -5.176524e-04 
 0.678643 -4.977428e-04 
 0.680639 -4.784489e-04 
 0.682635 -4.597570e-04 
 0.684631 -4.416535e-04 
 0.686627 -4.241250e-04 
 0.688623 -4.071582e-04 
 0.690619 -3.907400e-04 
 0.692615 -3.748573e-04 
 0.694611 -3.594975e-04 
 0.696607 -3.446478e-04 
 0.698603 -3.302958e-04 
 0.700599 -3.164291e-04 
 0.702595 -3.030357e-04 
 0.704591 -2.901034e-04 
 0.706587 -2.776206e-04 
 0.708583 -2.655756e-04 
 0.710579 -2.539570e-04 
 0.712575 -2.427533e-04 
 0.714571 -2.319536e-04 
 0.716567 -2.215469e-04 
 0.718563 -2.115223e-04 
 0.720559 -2.018694e-04 
 0.722555 -1.925777e-04 
 0.724551 -1.836370e-04 
 0.726547 -1.750372e-04 
 0.728543 -1.667684e-04 
 0.730539 -1.588209e-04 
 0.732535 -1.511852e-04 
 0.734531 -1.438520e-04 
 0.736527 -1.368121e-04 
 0.738523 -1.300565e-04 
 0.740519 -1.235763e-04 
 0.742515 -1.173629e-04 
 0.744511 -1.114079e-04 
 0.746507 -1.057029e-04 
 0.748503 -1.002399e-04 
 0.750499 -9.501093e-05 
 0.752495 -9.000815e-05 
 0.754491 -8.522398e-05 
 0.756487 -8.065101e-05 
 0.758483 -7.628196e-05 
 0.760479 -7.210975e-05 
 0.762475 -6.812744e-05 
 0.764471 -6.432828e-05 
 0.766467 -6.070566e-05 
 0.768463 -5.725315e-05 
 0.770459 -5.396449e-05 
 0.772455 -5.083355e-05 
 0.774451 -4.785439e-05 
 0.776447 -4.502121e-05 
 0.778443 -4.232835e-05 
 0.780439 -3.977032e-05 
 0.782435 -3.734178e-05 
 0.784431 -3.503753e-05 
 0.786427 -3.285251e-05 
 0.788423 -3.078184e-05 
 0.790419 -2.882074e-05 
 0.792415 -2.696461e-05 
 0.794411 -2.520897e-05 
 0.796407 -2.354947e-05 
 0.798403 -2.198191e-05 
 0.800399 -2.050222e-05 
 0.802395 -1.910644e-05 
 0.804391 -1.779077e-05 
 0.806387 -1.655151e-05 
 0.808383 -1.538511e-05 
 0.810379 -1.428811e-05 
 0.812375 -1.325721e-05 
 0.814371 -1.228918e-05 
 0.816367 -1.138095e-05 
 0.818363 -1.052954e-05 
 0.820359 -9.732058e-06 
 0.822355 -8.985756e-06 
 0.824351 -8.287973e-06 
 0.826347 -7.636153e-06 
 0.828343 -7.027840e-06 
 0.830339 -6.460678e-06 
 0.832335 -5.932406e-06 
 0.834332 -5.440858e-06 
 0.836328 -4.983956e-06 
 0.838324 -4.559709e-06 
 0.840320 -4.166215e-06 
 0.842316 -3.801654e-06 
 0.844312 -3.464288e-06 
 0.846308 -3.152459e-06 
 0.848304 -2.864582e-06 
 0.850300 -2.599152e-06 
 0.852296 -2.354733e-06 
 0.854292 -2.129963e-06 
 0.856288 -1.923544e-06 
 0.858284 -1.734243e-06 
 0.860280 -1.560895e-06 
 0.862276 -1.402393e-06 
 0.864272 -1.257690e-06 
 0.866268 -1.125795e-06 
 0.868264 -1.005773e-06 
 0.870260 -8.967409e-07 
 0.872256 -7.978665e-07 
 0.874252 -7.083674e-07 
 0.876248 -6.275071e-07 
 0.878244 -5.545937e-07 
 0.880240 -4.889792e-07 
 0.882236 -4.300576e-07 
 0.884232 -3.772618e-07 
 0.886228 -3.300620e-07 
 0.888224 -2.879636e-07 
 0.890220 -2.505070e-07 
 0.892216 -2.172659e-07 
 0.894212 -1.878444e-07 
 0.896208 -1.618754e-07 
 0.898204 -1.390194e-07 
 0.900200 -1.189638e-07 
 0.902196 -1.014213e-07 
 0.904192 -8.612807e-08 
 0.906188 -7.284151e-08 
 0.908184 -6.133972e-08 
 0.910180 -5.142068e-08 
 0.912176 -4.290113e-08 
 0.914172 -3.561478e-08 
 0.916168 -2.941059e-08 
 0.918164 -2.415218e-08 
 0.920160 -1.971722e-08 
 0.922156 -1.599659e-08 
 0.924152 -1.289286e-08 
 0.926148 -1.031886e-08 
 0.928144 -8.197215e-09 
 0.930140 -6.459922e-09 
 0.932136 -5.047675e-09 
 0.934132 -3.908672e-09 
 0.936128 -2.997462e-09 
 0.938124 -2.274639e-09 
 0.940120 -1.706522e-09 
 0.942116 -1.264678e-09 
 0.944112 -9.250448e-10 
 0.946108 -6.670730e-10 
 0.948104 -4.735243e-10 
 0.950100 -3.302658e-10 
 0.952096 -2.259628e-10 
 0.954092 -1.514885e-10 
 0.956088 -9.933523e-11 
 0.958084 -6.350406e-11 
 0.960080 -3.939127e-11 
 0.962076 -2.362088e-11 
 0.964072 -1.370660e-11 
 0.966068 -7.712823e-12 
 0.968064 -4.204199e-12 
 0.970060 -2.199923e-12 
 0.972056 -1.106092e-12 
 0.974052 -5.724169e-13 
 0.976048 -3.474733e-13 
 0.978044 -2.636695e-13 
 0.980040 -2.271797e-13 
 0.982036 -2.046840e-13 
 0.984032 -1.930578e-13 
 0.986028 -1.886877e-13 
 0.988024 -1.858179e-13 
 0.990020 -1.768237e-13 
 0.992016 -1.541778e-13 
 0.994012 -1.151457e-13 
 0.996008 -6.648369e-14 
 0.998004 -2.261804e-14 