
 0.001997 -8.055053e-04 
 0.003993 -1.754082e-03 
 0.005989 -2.769500e-03 
 0.007985 -3.827241e-03 
 0.009981 -4.912264e-03 
 0.011977 -6.015275e-03 
 0.013973 -7.129542e-03 
 0.015969 -8.250099e-03 
 0.017965 -9.373087e-03 
 0.019961 -1.049544e-02 
 0.021957 -1.161468e-02 
 0.023953 -1.272876e-02 
 0.025949 -1.383595e-02 
 0.027945 -1.493483e-02 
 0.029941 -1.602416e-02 
 0.031937 -1.710290e-02 
 0.033933 -1.817013e-02 
 0.035929 -1.922509e-02 
 0.037925 -2.026708e-02 
 0.039921 -2.129553e-02 
 0.041917 -2.230991e-02 
 0.043913 -2.330979e-02 
 0.045909 -2.429478e-02 
 0.047905 -2.526454e-02 
 0.049901 -2.621878e-02 
 0.051897 -2.715725e-02 
 0.053893 -2.807973e-02 
 0.055889 -2.898603e-02 
 0.057885 -2.987600e-02 
 0.059881 -3.074951e-02 
 0.061877 -3.160646e-02 
 0.063873 -3.244675e-02 
 0.065869 -3.327032e-02 
 0.067865 -3.407712e-02 
 0.069861 -3.486711e-02 
 0.071857 -3.564027e-02 
 0.073853 -3.639661e-02 
 0.075849 -3.713612e-02 
 0.077845 -3.785882e-02 
 0.079841 -3.856475e-02 
 0.081837 -3.925393e-02 
 0.083833 -3.992641e-02 
 0.085829 -4.058225e-02 
 0.087825 -4.122152e-02 
 0.089821 -4.184427e-02 
 0.091817 -4.245058e-02 
 0.093813 -4.304054e-02 
 0.095809 -4.361423e-02 
 0.097805 -4.417175e-02 
 0.099801 -4.471319e-02 
 0.101797 -4.523865e-02 
 0.103793 -4.574825e-02 
 0.105789 -4.624208e-02 
 0.107785 -4.672027e-02 
 0.109781 -4.718293e-02 
 0.111777 -4.763019e-02 
 0.113773 -4.806216e-02 
 0.115769 -4.847898e-02 
 0.117765 -4.888076e-02 
 0.119761 -4.926765e-02 
 0.121757 -4.963978e-02 
 0.123753 -4.999728e-02 
 0.125749 -5.034029e-02 
 0.127745 -5.066895e-02 
 0.129741 -5.098341e-02 
 0.131737 -5.128380e-02 
 0.133733 -5.157027e-02 
 0.135729 -5.184296e-02 
 0.137725 -5.210203e-02 
 0.139721 -5.234763e-02 
 0.141717 -5.257989e-02 
 0.143713 -5.279897e-02 
 0.145709 -5.300503e-02 
 0.147705 -5.319821e-02 
 0.149701 -5.337868e-02 
 0.151697 -5.354657e-02 
 0.153693 -5.370205e-02 
 0.155689 -5.384527e-02 
 0.157685 -5.397639e-02 
 0.159681 -5.409556e-02 
 0.161677 -5.420294e-02 
 0.163673 -5.429869e-02 
 0.165669 -5.438296e-02 
 0.167666 -5.445590e-02 
 0.169662 -5.451768e-02 
 0.171658 -5.456846e-02 
 0.173654 -5.460838e-02 
 0.175650 -5.463761e-02 
 0.177646 -5.465631e-02 
 0.179642 -5.466463e-02 
 0.181638 -5.466272e-02 
 0.183634 -5.465076e-02 
 0.185630 -5.462888e-02 
 0.187626 -5.459726e-02 
 0.189622 -5.455604e-02 
 0.191618 -5.450538e-02 
 0.193614 -5.444544e-02 
 0.195610 -5.437637e-02 
 0.197606 -5.429833e-02 
 0.199602 -5.421147e-02 
 0.201598 -5.411594e-02 
 0.203594 -5.401191e-02 
 0.205590 -5.389952e-02 
 0.207586 -5.377893e-02 
 0.209582 -5.365028e-02 
 0.211578 -5.351374e-02 
 0.213574 -5.336944e-02 
 0.215570 -5.321755e-02 
 0.217566 -5.305821e-02 
 0.219562 -5.289157e-02 
 0.221558 -5.271777e-02 
 0.223554 -5.253698e-02 
 0.225550 -5.234933e-02 
 0.227546 -5.215496e-02 
 0.229542 -5.195404e-02 
 0.231538 -5.174669e-02 
 0.233534 -5.153307e-02 
 0.235530 -5.131331e-02 
 0.237526 -5.108757e-02 
 0.239522 -5.085597e-02 
 0.241518 -5.061867e-02 
 0.243514 -5.037580e-02 
 0.245510 -5.012750e-02 
 0.247506 -4.987391e-02 
 0.249502 -4.961517e-02 
 0.251498 -4.935141e-02 
 0.253494 -4.908276e-02 
 0.255490 -4.880937e-02 
 0.257486 -4.853136e-02 
 0.259482 -4.824886e-02 
 0.261478 -4.796202e-02 
 0.263474 -4.767095e-02 
 0.265470 -4.737579e-02 
 0.267466 -4.707667e-02 
 0.269462 -4.677371e-02 
 0.271458 -4.646703e-02 
 0.273454 -4.615677e-02 
 0.275450 -4.584305e-02 
 0.277446 -4.552599e-02 
 0.279442 -4.520571e-02 
 0.281438 -4.488233e-02 
 0.283434 -4.455597e-02 
 0.285430 -4.422676e-02 
 0.287426 -4.389480e-02 
 0.289422 -4.356021e-02 
 0.291418 -4.322311e-02 
 0.293414 -4.288362e-02 
 0.295410 -4.254183e-02 
 0.297406 -4.219788e-02 
 0.299402 -4.185185e-02 
 0.301398 -4.150388e-02 
 0.303394 -4.115405e-02 
 0.305390 -4.080248e-02 
 0.307386 -4.044928e-02 
 0.309382 -4.009454e-02 
 0.311378 -3.973838e-02 
 0.313374 -3.938088e-02 
 0.315370 -3.902216e-02 
 0.317366 -3.866231e-02 
 0.319362 -3.830143e-02 
 0.321358 -3.793962e-02 
 0.323354 -3.757696e-02 
 0.325350 -3.721356e-02 
 0.327346 -3.684951e-02 
 0.329342 -3.648490e-02 
 0.331338 -3.611982e-02 
 0.333334 -3.575436e-02 
 0.335330 -3.538861e-02 
 0.337326 -3.502265e-02 
 0.339322 -3.465656e-02 
 0.341318 -3.429044e-02 
 0.343314 -3.392436e-02 
 0.345310 -3.355841e-02 
 0.347306 -3.319266e-02 
 0.349302 -3.282720e-02 
 0.351298 -3.246210e-02 
 0.353294 -3.209744e-02 
 0.355290 -3.173329e-02 
 0.357286 -3.136973e-02 
 0.359282 -3.100683e-02 
 0.361278 -3.064466e-02 
 0.363274 -3.028328e-02 
 0.365270 -2.992278e-02 
 0.367266 -2.956321e-02 
 0.369262 -2.920464e-02 
 0.371258 -2.884713e-02 
 0.373254 -2.849076e-02 
 0.375250 -2.813557e-02 
 0.377246 -2.778164e-02 
 0.379242 -2.742901e-02 
 0.381238 -2.707776e-02 
 0.383234 -2.672793e-02 
 0.385230 -2.637958e-02 
 0.387226 -2.603277e-02 
 0.389222 -2.568755e-02 
 0.391218 -2.534397e-02 
 0.393214 -2.500208e-02 
 0.395210 -2.466194e-02 
 0.397206 -2.432358e-02 
 0.399202 -2.398706e-02 
 0.401198 -2.365242e-02 
 0.403194 -2.331971e-02 
 0.405190 -2.298896e-02 
 0.407186 -2.266023e-02 
 0.409182 -2.233355e-02 
 0.411178 -2.200897e-02 
 0.413174 -2.168652e-02 
 0.415170 -2.136623e-02 
 0.417166 -2.104815e-02 
 0.419162 -2.073231e-02 
 0.421158 -2.041874e-02 
 0.423154 -2.010748e-02 
 0.425150 -1.979855e-02 
 0.427146 -1.949200e-02 
 0.429142 -1.918784e-02 
 0.431138 -1.888611e-02 
 0.433134 -1.858683e-02 
 0.435130 -1.829003e-02 
 0.437126 -1.799573e-02 
 0.439122 -1.770396e-02 
 0.441118 -1.741473e-02 
 0.443114 -1.712808e-02 
 0.445110 -1.684403e-02 
 0.447106 -1.656258e-02 
 0.449102 -1.628376e-02 
 0.451098 -1.600759e-02 
 0.453094 -1.573409e-02 
 0.455090 -1.546326e-02 
 0.457086 -1.519513e-02 
 0.459082 -1.492970e-02 
 0.461078 -1.466700e-02 
 0.463074 -1.440702e-02 
 0.465070 -1.414979e-02 
 0.467066 -1.389531e-02 
 0.469062 -1.364359e-02 
 0.471058 -1.339463e-02 
 0.473054 -1.314845e-02 
 0.475050 -1.290506e-02 
 0.477046 -1.266444e-02 
 0.479042 -1.242662e-02 
 0.481038 -1.219159e-02 
 0.483034 -1.195936e-02 
 0.485030 -1.172992e-02 
 0.487026 -1.150328e-02 
 0.489022 -1.127944e-02 
 0.491018 -1.105840e-02 
 0.493014 -1.084015e-02 
 0.495010 -1.062470e-02 
 0.497006 -1.041204e-02 
 0.499002 -1.020216e-02 
 0.500999 -9.995071e-03 
 0.502995 -9.790755e-03 
 0.504991 -9.589210e-03 
 0.506987 -9.390429e-03 
 0.508983 -9.194405e-03 
 0.510979 -9.001130e-03 
 0.512975 -8.810596e-03 
 0.514971 -8.622792e-03 
 0.516967 -8.437708e-03 
 0.518963 -8.255336e-03 
 0.520959 -8.075662e-03 
 0.522955 -7.898675e-03 
 0.524951 -7.724364e-03 
 0.526947 -7.552715e-03 
 0.528943 -7.383714e-03 
 0.530939 -7.217347e-03 
 0.532935 -7.053601e-03 
 0.534931 -6.892460e-03 
 0.536927 -6.733908e-03 
 0.538923 -6.577930e-03 
 0.540919 -6.424508e-03 
 0.542915 -6.273627e-03 
 0.544911 -6.125268e-03 
 0.546907 -5.979414e-03 
 0.548903 -5.836047e-03 
 0.550899 -5.695147e-03 
 0.552895 -5.556697e-03 
 0.554891 -5.420676e-03 
 0.556887 -5.287064e-03 
 0.558883 -5.155842e-03 
 0.560879 -5.026990e-03 
 0.562875 -4.900486e-03 
 0.564871 -4.776309e-03 
 0.566867 -4.654437e-03 
 0.568863 -4.534850e-03 
 0.570859 -4.417526e-03 
 0.572855 -4.302441e-03 
 0.574851 -4.189573e-03 
 0.576847 -4.078901e-03 
 0.578843 -3.970400e-03 
 0.580839 -3.864048e-03 
 0.582835 -3.759821e-03 
 0.584831 -3.657697e-03 
 0.586827 -3.557650e-03 
 0.588823 -3.459657e-03 
 0.590819 -3.363695e-03 
 0.592815 -3.269738e-03 
 0.594811 -3.177764e-03 
 0.596807 -3.087746e-03 
 0.598803 -2.999661e-03 
 0.600799 -2.913484e-03 
 0.602795 -2.829191e-03 
 0.604791 -2.746756e-03 
 0.606787 -2.666155e-03 
 0.608783 -2.587362e-03 
 0.610779 -2.510354e-03 
 0.612775 -2.435104e-03 
 0.614771 -2.361588e-03 
 0.616767 -2.289781e-03 
 0.618763 -2.219657e-03 
 0.620759 -2.151192e-03 
 0.622755 -2.084361e-03 
 0.624751 -2.019138e-03 
 0.626747 -1.955500e-03 
 0.628743 -1.893419e-03 
 0.630739 -1.832873e-03 
 0.632735 -1.773836e-03 
 0.634731 -1.716284e-03 
 0.636727 -1.660191e-03 
 0.638723 -1.605533e-03 
 0.640719 -1.552286e-03 
 0.642715 -1.500424e-03 
 0.644711 -1.449925e-03 
 0.646707 -1.400763e-03 
 0.648703 -1.352915e-03 
 0.650699 -1.306356e-03 
 0.652695 -1.261064e-03 
 0.654691 -1.217013e-03 
 0.656687 -1.174181e-03 
 0.658683 -1.132545e-03 
 0.660679 -1.092081e-03 
 0.662675 -1.052766e-03 
 0.664671 -1.014578e-03 
 0.666667 -9.774932e-04 
 0.668663 -9.414898e-04 
 0.670659 -9.065455e-04 
 0.672655 -8.726382e-04 
 0.674651 -8.397459e-04 
 0.676647 -8.078471e-04 
 0.678643 -7.769202e-04 
 0.680639 -7.469441e-04 
 0.682635 -7.178977e-04 
 0.684631 -6.897601e-04 
 0.686627 -6.625110e-04 
 0.688623 -6.361298e-04 
 0.690619 -6.105965e-04 
 0.692615 -5.858913e-04 
 0.694611 -5.619944e-04 
 0.696607 -5.388866e-04 
 0.698603 -5.165487e-04 
 0.700599 -4.949618e-04 
 0.702595 -4.741072e-04 
 0.704591 -4.539666e-04 
 0.706587 -4.345219e-04 
 0.708583 -4.157551e-04 
 0.710579 -3.976488e-04 
 0.712575 -3.801855e-04 
 0.714571 -3.633481e-04 
 0.716567 -3.471199e-04 
 0.718563 -3.314843e-04 
 0.720559 -3.164250e-04 
 0.722555 -3.019260e-04 
 0.724551 -2.879716e-04 
 0.726547 -2.745462e-04 
 0.728543 -2.616346e-04 
 0.730539 -2.492219e-04 
 0.732535 -2.372935e-04 
 0.734531 -2.258349e-04 
 0.736527 -2.148320e-04 
 0.738523 -2.042709e-04 
 0.740519 -1.941380e-04 
 0.742515 -1.844200e-04 
 0.744511 -1.751038e-04 
 0.746507 -1.661767e-04 
 0.748503 -1.576260e-04 
 0.750499 -1.494396e-04 
 0.752495 -1.416054e-04 
 0.754491 -1.341116e-04 
 0.756487 -1.269468e-04 
 0.758483 -1.200998e-04 
 0.760479 -1.135596e-04 
 0.762475 -1.073154e-04 
 0.764471 -1.013569e-04 
 0.766467 -9.567369e-05 
 0.768463 -9.025594e-05 
 0.770459 -8.509389e-05 
 0.772455 -8.017807e-05 
 0.774451 -7.549925e-05 
 0.776447 -7.104843e-05 
 0.778443 -6.681687e-05 
 0.780439 -6.279603e-05 
 0.782435 -5.897764e-05 
 0.784431 -5.535362e-05 
 0.786427 -5.191614e-05 
 0.788423 -4.865759e-05 
 0.790419 -4.557058e-05 
 0.792415 -4.264793e-05 
 0.794411 -3.988267e-05 
 0.796407 -3.726806e-05 
 0.798403 -3.479755e-05 
 0.800399 -3.246480e-05 
 0.802395 -3.026368e-05 
 0.804391 -2.818823e-05 
 0.806387 -2.623271e-05 
 0.808383 -2.439158e-05 
 0.810379 -2.265945e-05 
 0.812375 -2.103115e-05 
 0.814371 -1.950166e-05 
 0.816367 -1.806617e-05 
 0.818363 -1.672002e-05 
 0.820359 -1.545873e-05 
 0.822355 -1.427797e-05 
 0.824351 -1.317360e-05 
 0.826347 -1.214161e-05 
 0.828343 -1.117816e-05 
 0.830339 -1.027957e-05 
 0.832335 -9.442294e-06 
 0.834332 -8.662936e-06 
 0.836328 -7.938240e-06 
 0.838324 -7.265087e-06 
 0.840320 -6.640493e-06 
 0.842316 -6.061606e-06 
 0.844312 -5.525697e-06 
 0.846308 -5.030162e-06 
 0.848304 -4.572516e-06 
 0.850300 -4.150389e-06 
 0.852296 -3.761526e-06 
 0.854292 -3.403780e-06 
 0.856288 -3.075109e-06 
 0.858284 -2.773574e-06 
 0.860280 -2.497335e-06 
 0.862276 -2.244647e-06 
 0.864272 -2.013861e-06 
 0.866268 -1.803411e-06 
 0.868264 -1.611822e-06 
 0.870260 -1.437697e-06 
 0.872256 -1.279725e-06 
 0.874252 -1.136667e-06 
 0.876248 -1.007359e-06 
 0.878244 -8.907057e-07 
 0.880240 -7.856811e-07 
 0.882236 -6.913245e-07 
 0.884232 -6.067374e-07 
 0.886228 -5.310788e-07 
 0.888224 -4.635642e-07 
 0.890220 -4.034637e-07 
 0.892216 -3.500995e-07 
 0.894212 -3.028427e-07 
 0.896208 -2.611092e-07 
 0.898204 -2.243587e-07 
 0.900200 -1.920933e-07 
 0.902196 -1.638554e-07 
 0.904192 -1.392241e-07 
 0.906188 -1.178124e-07 
 0.908184 -9.926624e-08 
 0.910180 -8.326269e-08 
 0.912176 -6.950879e-08 
 0.914172 -5.773850e-08 
 0.916168 -4.771001e-08 
 0.918164 -3.920482e-08 
 0.920160 -3.202685e-08 
 0.922156 -2.600098e-08 
 0.924152 -2.097078e-08 
 0.926148 -1.679614e-08 
 0.928144 -1.335268e-08 
 0.930140 -1.053093e-08 
 0.932136 -8.235354e-09 
 0.934132 -6.382435e-09 
 0.936128 -4.898840e-09 
 0.938124 -3.720950e-09 
 0.940120 -2.794332e-09 
 0.942116 -2.072988e-09 
 0.944112 -1.517956e-09 
 0.946108 -1.095932e-09 
 0.948104 -7.789522e-10 
 0.950100 -5.440645e-10 
 0.952096 -3.728325e-10 
 0.954092 -2.503913e-10 
 0.956088 -1.645061e-10 
 0.958084 -1.053921e-10 
 0.960080 -6.553154e-11 
 0.962076 -3.940218e-11 
 0.964072 -2.292970e-11 
 0.966068 -1.293852e-11 
 0.968064 -7.070010e-12 
 0.970060 -3.707970e-12 
 0.972056 -1.868691e-12 
 0.974052 -9.680304e-13 
 0.976048 -5.861219e-13 
 0.978044 -4.427132e-13 
 0.980040 -3.805019e-13 
 0.982036 -3.430435e-13 
 0.984032 -3.243392e-13 
 0.986028 -3.177893e-13 
 0.988024 -3.134327e-13 
 0.990020 -2.983872e-13 
 0.992016 -2.601056e-13 
 0.994012 -1.941641e-13 
 0.996008 -1.120515e-13 
 0.998004 -3.810084e-14 